1742405	1
2668711	1
1716039	1
2986101	1
835068	1
2217138	1
1172333	1
588930	1
2737091	1
2902588	1
2981187	1
2958567	1
2921674	1
2746077	1
2023199	1
5492	1
2186445	1
2048577	1
2520186	1
3034268	1
2977556	1
1614437	1
1139533	1
2523255	1
3011888	1
3033517	1
2844409	1
3034378	1
2783968	1
1354789	1
2647407	1
1315530	1
3001529	1
588465	1
3036202	1
1601302	1
2186158	1
630076	1
2096054	1
1774118	1
2959608	1
2774863	1
2358953	1
640738	1
2252455	1
22747	1
2537093	1
2876189	1
1240445	1
896129	1
3100922	1
2702570	1
1997989	1
477400	1
2893233	1
1012074	1
2971736	1
3122994	1
3078180	1
1099339	1
1008147	1
3031958	1
2729954	1
1663365	1
2916909	1
2865538	1
2502688	1
1095526	1
1840519	1
1973842	1
616957	1
373588	1
3119563	1
781786	1
1699196	1
1646228	1
2741377	1
1419756	1
896266	1
726323	1
2432981	1
710455	1
1657267	1
2000184	1
3050401	1
798305	1
826634	1
1757050	1
1505093	1
2476566	1
3065384	1
2901560	1
425019	1
3097627	1
2992526	1
434499	1
2422739	1
2786379	1
239084	1
2608683	1
2675264	1
1324171	1
2068031	1
249119	1
1219828	1
1905987	1
3043897	1
452047	1
2160099	1
685750	1
1447040	1
2160729	1
2112975	1
1736144	1
156835	1
3058444	1
2879835	1
1032245	1
2554729	1
2981280	1
1127740	1
1502713	1
1275301	1
964434	1
291871	1
2836101	1
1696301	1
2358637	1
2320028	1
43867	1
1979281	1
2994693	1
2111067	1
1957111	1
1939360	1
2986112	1
2939743	1
2283622	1
2494531	1
63819	1
2159086	1
2919451	1
1745824	1
2440311	1
3039681	1
3038747	1
1287305	1
675893	1
3038010	1
3059638	1
3002023	1
2456502	1
2684282	1
2009762	1
1456383	1
2820805	1
1540820	1
17200	1
3009044	1
825260	1
31235	1
2904432	1
2791534	1
570783	1
2491868	1
1703802	1
1800055	1
1413959	1
3056093	1
14315	1
1440503	1
623956	1
655244	1
2874847	1
1719817	1
1179845	1
2751753	1
2975505	1
744672	1
2441667	1
1875643	1
2626382	1
905607	1
729114	1
2016154	1
207586	1
3049856	1
1915694	1
1967747	1
2511273	1
1525552	1
1712971	1
3075095	1
622813	1
2536156	1
1968368	1
2977774	1
3062871	1
2061241	1
1285045	1
83325	1
3073313	1
887701	1
923298	1
3064237	1
2956095	1
1482338	1
2074740	1
422904	1
3024681	1
868756	1
755836	1
950364	1
2740268	1
2104416	1
447755	1
2722604	1
390350	1
147121	1
2200685	1
1148944	1
3040205	1
2178707	1
747348	1
2222257	1
2031449	1
1914214	1
1571429	1
1017955	1
3093338	1
2741811	1
1719564	1
2214756	1
2971261	1
2448765	1
2534572	1
2684640	1
2935630	1
1422844	1
3108097	1
2993369	1
3066302	1
2946688	1
1649279	1
2643806	1
2542031	1
2715530	1
2933666	1
1419777	1
1523017	1
1927599	1
3052350	1
128625	1
2168901	1
165291	1
1370804	1
2926094	1
2922430	1
1363995	1
230651	1
2821863	1
1662523	1
2022386	1
1318299	1
762900	1
2856713	1
1106918	1
2063709	1
1784913	1
1566837	1
614898	1
11825	1
1115987	1
480366	1
1417747	1
3023887	1
1025402	1
2891014	1
2234427	1
1070718	1
986125	1
1496561	1
1615244	1
2991612	1
2141732	1
2258802	1
2914056	1
2247182	1
2633144	1
1174105	1
2814197	1
154990	1
1283123	1
1860699	1
1789962	1
1338915	1
2521059	1
2245164	1
2992067	1
3111200	1
1443668	1
1566925	1
2961460	1
3035610	1
3061005	1
545427	1
2220151	1
1308156	1
2397934	1
1279953	1
2981342	1
2419991	1
1181981	1
2962371	1
2903928	1
3019473	1
1417851	1
2656455	1
3024499	1
3052748	1
1163624	1
2996611	1
1169661	1
3076826	1
999180	1
2038791	1
1039705	1
2950092	1
3051074	1
2901197	1
3024592	1
3111684	1
619762	1
55845	1
994185	1
332837	1
1422891	1
507244	1
526123	1
2502337	1
2068340	1
1229903	1
2568125	1
1377765	1
3001456	1
3038092	1
2349735	1
612356	1
320272	1
964364	1
2314956	1
3086979	1
2187189	1
1177493	1
2186809	1
2374456	1
1306656	1
1934485	1
2919430	1
2732820	1
7760	1
3067589	1
1955716	1
2191912	1
2868741	1
3039979	1
874225	1
1640639	1
636580	1
2978265	1
2681057	1
1344833	1
2829912	1
2959275	1
2997600	1
3053871	1
2061222	1
2801549	1
1075252	1
118847	1
710165	1
59866	1
408597	1
2031	1
1998176	1
2772225	1
1813173	1
2475268	1
2937746	1
1681053	1
2706589	1
517752	1
3054419	1
2584593	1
2767504	1
2368966	1
323059	1
2978535	1
1985733	1
1791738	1
1246610	1
1026373	1
696717	1
3115155	1
45237	1
1018486	1
2375212	1
1130157	1
2131843	1
3040358	1
1578611	1
262102	1
2049912	1
2577482	1
1872479	1
2072124	1
2414702	1
319369	1
1794810	1
3059499	1
2119478	1
2928795	1
267064	1
1005921	1
2163799	1
2669603	1
3068034	1
1126461	1
2382425	1
3049481	1
8516	1
1883862	1
2317432	1
987776	1
1496949	1
1565761	1
752802	1
1570309	1
197067	1
2844659	1
2936097	1
1681786	1
1034505	1
2159519	1
2807708	1
792106	1
2945558	1
19785	1
673911	1
2951206	1
3073409	1
1731547	1
2881702	1
435944	1
2032307	1
2951742	1
66915	1
1200831	1
2440757	1
3015844	1
14594	1
2942125	1
2630366	1
1925043	1
2611868	1
1004302	1
3031306	1
2973280	1
819245	1
2955720	1
1977570	1
3051181	1
496574	1
1808504	1
1730730	1
4	1
705334	1
2701441	1
2630835	1
688165	1
2909481	1
2092518	1
2510424	1
2247979	1
1809503	1
9213	1
1910553	1
376942	1
374192	1
3050631	1
1745462	1
565985	1
2957091	1
3083734	1
2880118	1
2057787	1
252553	1
3054696	1
1358790	1
2712860	1
3106402	1
1288090	1
2793463	1
2008970	1
1742662	1
1161944	1
935811	1
2941662	1
1126562	1
3135791	1
3010900	1
2208728	1
40034	1
1855497	1
1766486	1
1888343	1
2342889	1
2890887	1
2247269	1
2866956	1
2383469	1
1211127	1
1169282	1
1951554	1
593487	1
3078757	1
1620735	1
3068594	1
3003373	1
1874255	1
3062110	1
1438716	1
2946728	1
664799	1
2439113	1
1582024	1
2108932	1
586134	1
402795	1
2704355	1
94533	1
1813386	1
3076564	1
2767757	1
1446625	1
947957	1
3043866	1
49022	1
1835813	1
2949397	1
1598979	1
1638205	1
2981562	1
707709	1
704554	1
3011710	1
1039054	1
2857192	1
1014228	1
2933175	1
1299184	1
3135774	1
3069301	1
2169700	1
1902298	1
1331732	1
707508	1
1780163	1
1008366	1
2949136	1
1107697	1
2562399	1
756163	1
2493669	1
1144895	1
2418727	1
3041546	1
2914657	1
2057681	1
3053092	1
2224412	1
2956110	1
2364005	1
1679304	1
3030762	1
1822168	1
2921800	1
1917648	1
49147	1
1701853	1
2211052	1
1407459	1
2462542	1
2285464	1
508104	1
1284444	1
2697847	1
2829223	1
718518	1
2196319	1
2670890	1
2956440	1
1555657	1
3014324	1
2314621	1
282182	1
2463534	1
882929	1
807556	1
2344545	1
48161	1
626306	1
2748134	1
343994	1
2851467	1
42289	1
2513328	1
2708538	1
2443508	1
2818790	1
2875991	1
2184421	1
2619782	1
2819832	1
1833790	1
3013513	1
2349612	1
2253183	1
3049225	1
18329	1
1247685	1
2240988	1
1695194	1
3013749	1
1702282	1
1298816	1
3037176	1
2302353	1
2965004	1
814511	1
2064180	1
1321550	1
3075035	1
524933	1
1577852	1
2095793	1
2306898	1
1199372	1
62092	1
2845546	1
606612	1
345187	1
1084690	1
629073	1
777968	1
2232277	1
2108167	1
2974225	1
1746445	1
2112917	1
1326666	1
2738756	1
2482462	1
2225917	1
456591	1
2144127	1
564463	1
1826998	1
722978	1
2253	1
2927094	1
1917014	1
2572446	1
473235	1
1722357	1
2255944	1
1432812	1
2638008	1
3048184	1
1714114	1
1868951	1
1785211	1
1203438	1
1996368	1
694517	1
2212583	1
3066751	1
2244021	1
1569422	1
1299909	1
2520557	1
1915270	1
523881	1
1130566	1
1016948	1
2004510	1
1866874	1
3034191	1
2185374	1
2936714	1
1221518	1
247712	1
111884	1
3035955	1
2383074	1
406435	1
726871	1
2012615	1
3008240	1
2406245	1
10911	1
3072378	1
1373814	1
1337944	1
1732952	1
240739	1
3017948	1
2603441	1
1059708	1
1061479	1
1421002	1
2870572	1
152402	1
314766	1
1944889	1
896455	1
1541065	1
3081959	1
955975	1
2101019	1
831884	1
2216732	1
2653355	1
2928482	1
455861	1
2485160	1
2825767	1
2923467	1
3075986	1
2964633	1
1436622	1
1318418	1
3049504	1
1737762	1
1462356	1
632527	1
3112904	1
1166245	1
2131413	1
2400468	1
189488	1
1640853	1
1262410	1
2250599	1
544801	1
781749	1
1996559	1
2973341	1
2021498	1
438732	1
394993	1
3040227	1
3001949	1
1191392	1
3025804	1
3062875	1
1600833	1
2523446	1
2750557	1
609582	1
1357568	1
1843516	1
1140444	1
2996379	1
818591	1
2647397	1
1321030	1
2651462	1
2024	1
1749391	1
2012069	1
1655091	1
153954	1
1329953	1
241187	1
3053209	1
1357131	1
1036273	1
2566540	1
640807	1
3023291	1
2284907	1
1381156	1
1223650	1
26066	1
2722996	1
2904204	1
2878204	1
1487285	1
585289	1
3002924	1
726834	1
110500	1
1228490	1
3125640	1
3066892	1
3007384	1
2664943	1
627716	1
1892993	1
2400659	1
2993904	1
962773	1
858091	1
1144643	1
769402	1
2964782	1
2224103	1
3060557	1
2927065	1
1363579	1
1115531	1
1929173	1
1792239	1
1850332	1
1063397	1
1794582	1
2422723	1
2957627	1
2088924	1
2020295	1
241734	1
738601	1
13220	1
3033019	1
2857053	1
3113111	1
326463	1
168432	1
3067123	1
2776219	1
131099	1
1805067	1
3086570	1
825533	1
3038571	1
1791144	1
328056	1
1931026	1
101695	1
3024163	1
2880407	1
1202604	1
2486060	1
335208	1
3066051	1
1324649	1
1407109	1
1977078	1
1892883	1
1969391	1
1610766	1
955372	1
3087056	1
34741	1
2408144	1
543076	1
2691290	1
2270215	1
2269	1
451715	1
2101886	1
2472306	1
2859528	1
1267224	1
1931882	1
3125235	1
1200812	1
19483	1
324920	1
14470	1
1047193	1
2479036	1
2185586	1
431842	1
2441863	1
1699097	1
2663435	1
3000102	1
2625873	1
253863	1
4251	1
915187	1
1835631	1
2942696	1
1036526	1
1135526	1
1135082	1
1869719	1
3090781	1
1997444	1
857287	1
286517	1
1750628	1
3054883	1
2248180	1
1713563	1
2783153	1
2990619	1
2022465	1
1524807	1
2155770	1
535077	1
2306203	1
1689124	1
3086128	1
446776	1
2923922	1
775641	1
2039020	1
2651751	1
1593811	1
2929940	1
1407455	1
2784685	1
895554	1
1296218	1
52520	1
66573	1
2133367	1
955124	1
1869462	1
1615120	1
2968441	1
259116	1
852839	1
2034789	1
1007766	1
872618	1
1700032	1
654351	1
3121674	1
328957	1
175228	1
2603517	1
3101870	1
3038626	1
2749269	1
2098855	1
2815744	1
3011707	1
2188387	1
2705403	1
967922	1
1903782	1
2995021	1
2367671	1
1844506	1
2900324	1
3012679	1
1147436	1
1170240	1
195012	1
821480	1
2059669	1
2649959	1
2583819	1
1441026	1
1092315	1
3003104	1
2336428	1
3062740	1
2994751	1
1902485	1
2523925	1
1420761	1
1511667	1
957860	1
1928174	1
3068056	1
1259565	1
2007091	1
2741301	1
2913570	1
871990	1
21003	1
102067	1
999537	1
3043761	1
246971	1
3061439	1
14820	1
2646878	1
233349	1
1868130	1
2729991	1
605443	1
2958251	1
13033	1
3067109	1
31969	1
2769165	1
3012943	1
2294980	1
3076463	1
1201223	1
2819693	1
763895	1
2947442	1
1797864	1
107418	1
2065141	1
2113839	1
1534512	1
2340868	1
1693265	1
579444	1
3118413	1
1103407	1
2402698	1
1980741	1
3000156	1
717168	1
2258805	1
3037414	1
3006610	1
3020667	1
2990644	1
1613217	1
3060605	1
917216	1
3038576	1
302140	1
2123597	1
2654901	1
3125003	1
3031097	1
2008951	1
3003910	1
52447	1
857371	1
3087733	1
3098403	1
1979971	1
2682291	1
1980448	1
1199207	1
1780909	1
2611886	1
257442	1
84797	1
2619962	1
1258747	1
1725893	1
335340	1
1818035	1
1455634	1
2338104	1
814010	1
489358	1
2899524	1
1101078	1
2583200	1
384526	1
2333740	1
2331249	1
2684714	1
1387966	1
2883706	1
3075969	1
1785616	1
935277	1
1842503	1
693472	1
1673480	1
641920	1
1148507	1
3012136	1
2832529	1
1807657	1
1105657	1
1360767	1
1224877	1
2446009	1
2758421	1
3002517	1
2543342	1
2905092	1
2510368	1
2423758	1
2035629	1
973643	1
3105344	1
3041354	1
984411	1
3032180	1
1173033	1
510381	1
705301	1
2838219	1
20159	1
1772386	1
986700	1
2544990	1
2538393	1
3010108	1
1800274	1
26940	1
2995172	1
2168644	1
2116281	1
2917302	1
882233	1
3063951	1
574994	1
3111260	1
1179834	1
2344234	1
771420	1
3113777	1
1866744	1
1457909	1
2917356	1
2604916	1
3028973	1
1096179	1
88402	1
1661550	1
3005343	1
484084	1
3072418	1
2668407	1
3043566	1
2629677	1
1547487	1
1768957	1
3015167	1
1742890	1
1531420	1
756714	1
558848	1
2949306	1
2817880	1
3376	1
1866770	1
1306169	1
631007	1
2259274	1
1999575	1
2836737	1
2281364	1
89988	1
723449	1
562388	1
2825901	1
2896777	1
1170581	1
783024	1
217559	1
743873	1
2676407	1
1661257	1
2085932	1
702267	1
3071740	1
44068	1
126034	1
136752	1
2789287	1
111197	1
1856210	1
11918	1
1867271	1
251419	1
1662569	1
1020074	1
2610952	1
274062	1
2405797	1
2135281	1
2783737	1
2392	1
131162	1
2304571	1
544684	1
712779	1
1089268	1
2905142	1
3119557	1
2598942	1
1335601	1
3002668	1
640332	1
437187	1
1615859	1
2425761	1
2051472	1
21754	1
2968506	1
1074568	1
3	1
309763	1
655834	1
2169345	1
2221303	1
2737333	1
271714	1
944674	1
1207016	1
2217039	1
455543	1
29957	1
1977478	1
95591	1
1150568	1
572767	1
1713052	1
1380627	1
1908920	1
2725738	1
56782	1
1621685	1
73180	1
2983809	1
731308	1
263266	1
2734484	1
1258455	1
2414133	1
164693	1
669248	1
2293425	1
975897	1
8968	1
2413406	1
10878	1
624806	1
731578	1
3060299	1
295243	1
1508102	1
1452953	1
2626379	1
2751598	1
1026972	1
420603	1
2158996	1
3027876	1
1036175	1
1414006	1
95814	1
1277405	1
2431554	1
1069278	1
2620373	1
1288771	1
2135694	1
284863	1
2445295	1
342726	1
3002779	1
3048232	1
2712394	1
2411532	1
1753462	1
3057462	1
2684753	1
580889	1
1679591	1
3038308	1
2559467	1
913694	1
3081229	1
2748100	1
2987612	1
2962000	1
404404	1
2995191	1
1583002	1
1661026	1
1454670	1
2724506	1
1326850	1
2780719	1
2162097	1
2501792	1
1487922	1
2451453	1
2522045	1
1536368	1
13506	1
3082572	1
3127200	1
1012980	1
297437	1
81182	1
2543218	1
525614	1
415198	1
2603225	1
3086549	1
12201	1
1852892	1
543514	1
2985452	1
521365	1
1887209	1
3005414	1
68401	1
2722897	1
2456221	1
2005812	1
268000	1
2545907	1
2121801	1
982414	1
583075	1
2801714	1
262611	1
1953472	1
3073192	1
1513952	1
2455832	1
2560761	1
2533200	1
2963453	1
2234726	1
2664311	1
389284	1
1982620	1
2038281	1
2611485	1
216512	1
2698653	1
1861542	1
366143	1
2081700	1
1751590	1
3058134	1
1675003	1
3006294	1
163787	1
2977028	1
3027255	1
1857630	1
2200440	1
2262022	1
3120262	1
1810737	1
545692	1
1934991	1
1391176	1
2112168	1
3107202	1
2235720	1
2624486	1
2962614	1
2787584	1
2286657	1
1181207	1
2824979	1
3062967	1
2803593	1
1354384	1
1977277	1
2770195	1
249464	1
233305	1
2964083	1
2966357	1
2427293	1
489011	1
593830	1
2369864	1
32020	1
485518	1
199851	1
3038765	1
2849825	1
3087010	1
1811825	1
2734168	1
808555	1
473457	1
3024231	1
422374	1
769357	1
3118436	1
2004951	1
292083	1
698037	1
448196	1
3127910	1
1283712	1
2250943	1
3060847	1
2933242	1
2283418	1
2831393	1
2256015	1
2307347	1
1590636	1
791393	1
2979991	1
486539	1
1207251	1
3056065	1
1345893	1
2926547	1
839455	1
2948246	1
273596	1
2663964	1
2980151	1
1401188	1
1897367	1
3003420	1
1015598	1
1189671	1
1067634	1
2657853	1
2397307	1
218945	1
2366482	1
1701134	1
1301454	1
1915964	1
2995608	1
2878333	1
2151242	1
1143057	1
1575659	1
1310056	1
2931540	1
1280636	1
932808	1
1290273	1
608304	1
12711	1
1931489	1
1610427	1
2302793	1
2985451	1
1313813	1
2477766	1
3006077	1
1210734	1
3069136	1
2188903	1
2966120	1
2708812	1
1868031	1
2713826	1
1893799	1
1841165	1
225106	1
784858	1
903221	1
180177	1
1411309	1
1564663	1
1108687	1
179604	1
1982218	1
1549366	1
1625522	1
463386	1
2056818	1
2186301	1
1564102	1
3101457	1
1251546	1
1569	1
1002731	1
1779040	1
782698	1
634458	1
2233548	1
3080981	1
3055573	1
240478	1
2534009	1
1008604	1
1338391	1
2986618	1
2865464	1
2888930	1
2259137	1
1959989	1
1779585	1
3056483	1
460473	1
2481326	1
1806795	1
1638381	1
1021287	1
1863774	1
1153924	1
1864020	1
3027036	1
2323184	1
745469	1
2074334	1
521993	1
798590	1
2064528	1
3083428	1
739438	1
1818795	1
571785	1
2558111	1
3012660	1
3039157	1
543394	1
2764889	1
2895388	1
1870939	1
3053878	1
1507205	1
2761644	1
300198	1
1030463	1
83453	1
1516263	1
3126925	1
2650818	1
3089617	1
1315283	1
2418562	1
2588923	1
100317	1
1032228	1
1146189	1
2224636	1
2785263	1
3073029	1
1209618	1
2163754	1
2938874	1
2962739	1
2298283	1
2534765	1
3123847	1
2209763	1
2911858	1
2873420	1
1495624	1
1527272	1
2163062	1
3000940	1
972089	1
836507	1
2616156	1
2965603	1
761373	1
1388472	1
3083020	1
253234	1
1355509	1
767971	1
3060634	1
2145007	1
2000552	1
1045110	1
2556022	1
2929192	1
801784	1
2283039	1
467962	1
1849035	1
1104171	1
1821466	1
283721	1
2991964	1
2028644	3
1774890	3
1795443	3
230875	3
389345	3
2588880	3
2454687	3
2771964	3
742322	3
457869	3
3017314	3
2335875	3
13242	3
2436182	3
453021	3
1115064	3
3107348	3
2897303	3
2042621	3
749405	3
1390223	3
292593	3
1636769	3
2247892	3
2957630	3
623413	3
2907313	3
1937050	3
3101121	3
3017968	3
805883	3
1225897	3
2074359	3
2830889	3
2133633	3
12684	3
2233016	3
2483567	3
3093737	3
2276884	3
1027442	3
3072462	3
1940815	3
214775	3
3246525	3
2280842	3
2072220	3
1557770	3
2658935	3
3110140	3
1739694	3
3039631	3
1699848	3
462593	3
341127	3
2750559	3
2960860	3
2631421	3
1736546	3
124063	3
1889002	3
3021110	3
2092819	3
3123899	3
34128	3
979527	3
17943	3
1853471	3
1497564	3
2258563	3
2212206	3
984528	3
361127	3
2405162	3
2889081	3
2953289	3
2183954	3
2048589	3
2304299	3
2641562	3
2976936	3
2712974	3
1591661	3
2932439	3
2981393	3
714738	3
162781	3
2079335	3
2797905	3
25564	3
3290811	3
3017375	3
965324	3
1420745	3
16427	3
24083	3
2075917	3
2666549	3
15619	3
1851947	3
3180729	3
2097709	3
1521603	3
1569887	3
3284245	3
1777299	3
2982073	3
2022754	3
649285	3
1017979	3
237600	3
1752205	3
2173909	3
3250075	3
724038	3
2068617	3
174942	3
2113118	3
2869814	3
849861	3
2466105	3
98303	3
1835459	3
2844164	3
2865386	3
2941772	3
2494656	3
1716358	3
2823999	3
3092602	3
1763551	3
2276926	3
2614594	3
3142991	3
202080	3
2697861	3
540820	3
3044643	3
781296	3
1097662	3
392274	3
266710	3
1442424	3
2789890	3
784810	3
1478625	3
426716	3
1049790	3
1714530	3
2935236	3
1022190	3
1923146	3
1023303	3
3122200	3
281839	3
2917749	3
1055537	3
1940203	3
768425	3
953962	3
247845	3
24971	3
1661596	3
3040768	3
1100460	3
1148870	3
1487067	3
1271173	3
3249154	3
2881488	3
2973761	3
1586454	3
1829675	3
521478	3
3190037	3
2219952	3
1280240	3
3453184	3
448542	3
2554633	3
259264	3
11795	3
2648556	3
2963997	3
976200	3
2697348	3
728053	3
14958	3
2587299	3
3044739	3
1607568	3
3073459	3
3045045	3
2136376	3
1970174	3
2715564	3
1756502	3
2337311	3
1801984	3
2363402	3
1134083	3
3024673	3
962971	3
7153	3
1582354	3
2550324	3
972229	3
1766751	3
1610652	3
3045486	3
1587682	3
1597352	3
37574	3
1306144	3
2358361	3
2546288	3
3776	3
1484847	3
224099	3
2849122	3
2941639	3
625936	3
2147726	3
2681021	3
750883	3
2677928	3
2341851	3
1317991	3
1958190	3
2201598	3
818596	3
3127726	3
1799746	3
3373348	3
900503	3
3096415	3
923857	3
510862	3
2958605	3
1518942	3
883069	3
2073888	3
2356228	3
1940305	3
2618385	3
286175	3
1968257	3
2674753	3
3094304	3
747099	3
705741	3
2932064	3
1006357	3
1662294	3
894949	3
13760	3
1471349	3
3003877	3
3073345	3
3086715	3
1405874	3
322670	3
2928857	3
90048	3
2203853	3
2807055	3
3066617	3
3063226	3
2307550	3
2989274	3
1997609	3
1257537	3
2687706	3
1027681	3
314322	3
1333815	3
2790078	3
3009976	3
631174	3
1691691	3
3525909	3
990606	3
1022112	3
2099428	3
919927	3
1135995	3
783962	3
3013241	3
646893	3
333905	3
1105234	3
1868733	3
117435	3
23889	3
2431646	3
2029231	3
3111853	3
2108403	3
286796	3
3081640	3
2107725	3
2863491	3
2880089	3
1779445	3
2141046	3
3047413	3
2113954	3
2335614	3
1872431	3
367938	3
1289536	3
297324	3
5901	3
2376545	3
2231480	3
2722003	3
912633	3
306440	3
1790458	3
2085305	3
2061239	3
356273	3
2890734	3
3364055	3
2397486	3
3035866	3
1331912	3
2554040	3
34093	3
822954	3
3008103	3
1114264	3
3024965	3
1708129	3
3127976	3
2998211	3
1053437	3
2650894	3
525378	3
646248	3
2042407	3
1349976	3
1108925	3
2434254	3
1915331	3
2408785	3
369227	3
3144661	3
2653130	3
1354836	3
342084	3
3239717	3
1219873	3
1748872	3
3046678	3
2886975	3
2701942	3
1234126	3
1193230	3
3071835	3
2941731	3
2296234	3
1032728	3
2204338	3
731985	3
1993710	3
710648	3
531987	3
3084835	3
1223555	3
2846307	3
734564	3
22809	3
1602363	3
2094933	3
255538	3
2755744	3
2991202	3
1239020	3
235430	3
1155304	3
1276806	3
2605423	3
2663484	3
12427	3
2695422	3
1788733	3
271207	3
658247	3
1653554	3
243882	3
2047945	3
1783171	3
2025357	3
1163251	3
2658811	3
3041911	3
2950280	3
1946186	3
1021379	3
3238214	3
3075389	3
3475883	3
30832	3
1258169	3
578567	3
2493037	3
1244341	3
1156240	3
2387599	3
941066	3
2153290	3
1288030	3
3147616	3
799141	3
1751604	3
1018715	3
2652857	3
442960	3
3005839	3
2260086	3
444010	3
1692351	3
2272704	3
2920589	3
2623281	3
515918	3
1405314	3
137539	3
1858491	3
1588308	3
2914478	3
1754435	3
1636847	3
1079130	3
1021573	3
2763438	3
2049709	3
1847539	3
2056181	3
2479817	3
1669743	3
2770959	3
463269	3
2760561	3
2630370	3
3012667	3
3026659	3
1292461	3
2584737	3
2603817	3
11812	3
996261	3
1035746	3
83595	3
25532	3
2772891	3
2488315	3
1865193	3
3010779	3
2438997	3
2101457	3
1966473	3
870381	3
1381745	3
2984155	3
1114895	3
206214	3
1438205	3
145072	3
1919191	3
2814862	3
3220795	3
2085900	3
2146987	3
1968613	3
2461165	3
2320954	3
3310014	3
1914935	3
665159	3
1980634	3
1458691	3
1915712	3
236738	3
905080	3
3162807	3
1247796	3
1161619	3
1783344	3
30737	3
1041914	3
5273	3
1847288	3
794475	3
2182945	3
2387114	3
2699862	3
1305026	3
2762725	3
2888923	3
267264	3
223777	3
963591	3
2452799	3
1736547	3
1543746	3
1328741	3
267044	3
2838254	3
592571	3
2376477	3
2499687	3
1627366	3
2915832	3
2164696	3
411560	3
3016121	3
1785603	3
2252565	3
2313822	3
2388353	3
3268697	3
2248145	3
3380345	3
2704491	3
2872285	3
267358	3
511259	3
2820656	3
846567	3
2503192	3
528332	3
2027103	3
2547678	3
1993244	3
587850	3
1902126	3
2608318	3
457897	3
2506429	3
926032	3
2536883	3
1371378	3
2059375	3
3122518	3
1863103	3
2402136	3
1269916	3
3148789	3
3149081	3
2922787	3
1160270	3
2564626	3
2835988	3
1312653	3
3125194	3
2387620	3
226301	3
114810	3
3014303	3
2247020	3
1808106	3
2195929	3
246372	3
2902091	3
2626749	3
3060516	3
1886838	3
1828914	3
1091685	3
2895910	3
2951981	3
1160117	3
966070	3
3349824	3
1942077	3
2973570	3
2120451	3
2955947	3
534999	3
1974322	3
2449388	3
3100155	3
1126739	3
2407767	3
1317871	3
753698	3
2921857	3
450585	3
2148865	3
831735	3
2329151	3
2931441	3
2867637	3
789924	3
2299646	3
1288732	3
154804	3
2077759	3
1567519	3
2997536	3
1816606	3
2705753	3
3338370	3
3038190	3
2430532	3
3000644	3
1193398	3
2454099	3
3078628	3
2755912	3
683978	3
1754098	3
2955454	3
1002690	3
2645041	3
1226334	3
3006429	3
3216843	3
88164	3
3025337	3
752722	3
2114333	3
1883555	3
2503515	3
2074540	3
1107679	3
2443823	3
2020693	3
2258527	3
1427067	3
2234423	3
2748743	3
3395988	3
1975438	3
2672627	3
21589	3
2803043	3
2986658	3
3058130	3
1460372	3
1991838	3
2274551	3
650886	3
609625	3
2136889	3
2366023	3
56494	3
1269449	3
928971	3
1465915	3
2982638	3
2813815	3
610876	3
635278	3
2216216	3
1915832	3
1867195	3
2295069	3
547508	3
2227481	3
653857	3
3180680	3
322721	3
961320	3
1489222	3
2686693	3
1044968	3
3039999	3
3121345	3
1025733	3
681470	3
2335866	3
2944004	3
2092207	3
676818	3
1823742	3
2898496	3
2464450	3
147266	3
2449661	3
836600	3
2653370	3
3043438	3
3318475	3
2952816	3
1879190	3
247161	3
3051834	3
2982176	3
1966714	3
1103891	3
1627777	3
2921634	3
3122133	3
3027101	3
8128	3
802943	3
2862006	3
543439	3
2514172	3
1391946	3
2889130	3
1430997	3
15982	3
620238	3
1667243	3
1445346	3
1765861	3
2962965	3
2996586	3
1341999	3
1764995	3
3409990	3
3023353	3
2541672	3
2220842	3
1724148	3
3096557	3
1710023	3
2946117	3
1385645	3
548602	3
2237755	3
358288	3
1934282	3
663760	3
1254756	3
2872318	3
3966	3
3201971	3
1243696	3
467174	3
3113318	3
484435	3
415011	3
1535748	3
2673063	3
2480999	3
502497	3
2738698	3
2893059	3
1830150	3
2571540	3
2436820	3
3404979	3
1831949	3
372635	3
2279141	3
3042996	3
3114120	3
3036052	3
1433983	3
1458066	3
2436939	3
2659768	3
3084902	3
2642921	3
574819	3
2695404	3
313915	3
1406399	3
2119075	3
2682012	3
2601830	3
2052792	3
2673643	3
968848	3
399295	3
578169	3
2950834	3
2926116	3
2621926	3
2623974	3
964504	3
173851	3
3309566	3
1697720	3
2774445	3
2167122	3
522124	3
2744943	3
1399676	3
40189	3
2913240	3
3021129	3
1279458	3
1019331	3
3517606	3
2403352	3
1930084	3
300856	3
953502	3
2340362	3
1567003	3
2029693	3
1887222	3
3139703	3
2974497	3
1944599	3
497589	3
456585	3
2915319	3
1028305	3
1751735	3
2645228	3
49486	3
18935	3
717981	3
462097	3
764571	3
1502537	3
2791445	3
1874300	3
1852919	3
2875711	3
1152260	3
1058463	3
1277776	3
182857	3
1910546	3
649315	3
2010135	3
2495078	3
914196	3
2658344	3
1854178	3
3070571	3
590857	3
2012677	3
3001656	3
15765	3
2953113	3
3384795	3
107003	3
1533342	3
529748	3
1374561	3
497788	3
741894	3
2591129	3
1713699	3
2900577	3
2811350	3
1866017	3
2482564	3
533845	3
1244991	3
2872560	3
2500081	3
131751	3
659289	3
3171786	3
1096189	3
605090	3
2959513	3
2101917	3
2343219	3
633818	3
1667603	3
448161	3
2954562	3
2279063	3
237218	3
2563819	3
2692273	3
251725	3
3316267	3
1313387	3
3059220	3
16669	3
1687462	3
642705	3
1310423	3
3057026	3
1708621	3
3114150	3
982079	3
2368882	3
1423713	3
442474	3
1913160	3
2030541	3
1829008	3
929478	3
1163415	3
2132772	3
2873741	3
2645537	3
1962295	3
1715384	3
3106417	3
2985822	3
50579	3
1816204	3
1302945	3
264091	3
807822	3
1103187	3
1070812	3
3047864	3
1015315	3
3105671	3
1735863	3
784859	3
368951	3
515677	3
1367233	3
2258800	3
118308	3
675314	3
753889	3
299028	3
2400302	3
2620711	3
2180536	3
2221053	3
2682098	3
2210954	3
1524997	3
2177101	3
2910538	3
2899900	3
244293	3
1867642	3
2492178	3
852560	3
1015842	3
3118630	3
718660	3
53906	3
1758141	3
1969004	3
1206608	3
935194	3
3376640	3
2569296	3
2864092	3
2069481	3
464118	3
2079429	3
2201236	3
1827288	3
1110954	3
1527950	3
2382467	3
415093	3
323884	3
832135	3
3036045	3
1379210	3
2933402	3
3065458	3
1169668	3
2704966	3
1100403	3
2609235	3
562124	3
2439021	3
3098794	3
3012701	3
265531	3
274823	3
2965693	3
1737248	3
2447280	3
2211358	3
618540	3
1613904	3
1949699	3
1852806	3
612588	3
1098590	3
1634016	3
662024	3
2686114	3
3058845	3
488695	3
1456766	3
1729034	3
1291484	3
486230	3
2023725	3
1206212	3
1560823	3
1710849	3
1095124	3
971462	3
1700237	3
284880	3
2084615	3
1702392	3
3115576	3
3047408	3
601869	3
2453249	3
2085228	3
2848746	3
314594	3
1991139	3
964918	3
85235	3
2984556	3
2931282	3
3037215	3
319770	3
1863822	3
2145596	3
2625477	3
2721235	3
1447385	3
2544621	3
1406497	3
2434785	3
3051135	3
681677	3
2636400	3
2122171	3
3012699	3
3150534	3
1006400	3
3325766	3
1242678	3
2977033	3
70237	3
973801	3
2728267	3
1172278	3
977144	3
1780085	3
2712970	3
1207900	3
3094831	3
665761	3
2457882	3
3072611	3
37480	3
2764912	3
1316816	3
3437511	3
1266282	3
1488687	3
1005682	3
2203808	3
180025	3
1336873	3
1688006	3
1709528	3
8212	3
3076843	3
2978538	3
1130241	3
1157903	3
1055849	3
2794022	3
2704428	3
2861	3
748193	3
2223162	3
3147625	3
2770429	3
2423033	3
773214	3
509929	3
3125291	3
3408291	3
2641754	3
886358	3
3058131	3
482885	3
2301274	3
3098376	3
139973	3
1780785	3
451393	3
2898992	3
3371918	3
3050570	3
561859	3
2216468	3
1754707	3
437036	3
966850	3
708162	3
2730315	3
1127000	3
981192	3
2281726	3
1888798	3
1586751	3
1856786	3
514216	3
2747985	3
2475937	3
1262966	3
870514	3
2031045	3
3141995	3
3087576	3
3145702	3
1611029	3
213115	3
2785678	3
740188	3
3432076	3
3237660	3
3441090	3
112810	3
495839	3
494863	3
2772046	3
2168241	3
291412	3
2229262	3
2435754	3
2593198	3
508986	3
3034050	3
2028037	3
1361539	3
155822	3
1957056	3
2962101	3
306438	3
2269381	3
2698605	3
2024679	3
2055352	3
3501911	3
1729210	3
1532831	3
1808600	3
2941305	3
1025981	3
137778	3
3024168	3
1474297	3
2254242	3
1649251	3
776464	3
735644	3
2656321	3
1309005	3
2694732	3
2870932	3
697961	3
3072073	3
2468825	3
2209006	3
2974842	3
1271916	3
2705387	3
2221393	3
130621	3
276059	3
825320	3
2758450	3
1582766	3
2566415	3
2295559	3
2748499	3
3006359	3
1781183	3
3023709	3
2125765	3
1268441	3
2362668	3
2820416	3
3083225	3
681626	3
2474517	3
2740810	3
2756583	3
3044686	3
2597545	3
242403	3
1532333	3
2622211	3
1813516	3
1235482	3
1858638	3
2211476	3
3205638	3
2079977	3
2927183	3
349814	3
2215520	3
1281752	3
972945	3
2247982	3
10774	3
2370956	3
1644197	3
971478	3
2703943	3
1838375	3
2673143	3
16540	3
1773498	3
2919013	3
2935887	3
2932984	3
1963740	3
1424746	3
3036091	3
99320	3
2767913	3
1203788	3
2918880	3
2208329	3
2431418	3
2066219	3
800303	3
1011405	3
2281033	3
1298046	3
1924850	3
2216896	3
2086147	3
1451098	3
336459	3
670322	3
2662905	3
1265177	3
2234783	3
3050224	3
3118675	3
1739247	3
2183542	3
1028860	3
299610	3
2050872	3
279426	3
2421410	3
2989088	3
2001862	3
3128726	3
837344	3
3099191	3
2901519	3
1355107	3
3008432	3
2291169	3
3067135	3
1420326	3
540011	3
1351133	3
3005279	3
420443	3
20953	3
2073830	3
128831	3
987693	3
1843078	3
981112	3
2440794	3
2038512	3
1075915	3
2614322	3
2931026	3
558365	3
1733897	3
5916	3
2899725	3
818682	3
2053512	3
492893	3
2951880	3
2700823	3
1255622	3
3015288	3
2671457	3
87053	3
3204533	3
69405	3
325186	3
843628	3
3548191	3
600080	3
3146001	3
254730	3
1807671	3
3132932	3
2534681	3
2680981	3
2401224	3
2791301	3
3238521	3
395096	3
2971557	3
637291	3
2448406	3
2518562	3
3015453	3
1650056	3
2835445	3
832233	3
3020555	3
1987609	3
3007708	3
2696252	3
304333	3
1932101	3
1965072	3
2752	3
505888	3
463429	3
1285091	3
825418	3
1422867	3
461441	3
665473	3
1097310	3
2822009	3
14805	3
3236937	3
913455	3
2346892	3
1297171	3
2640107	3
732293	3
2575063	3
1414299	3
2079845	3
247635	3
2698325	3
1213316	3
1050709	3
1910671	3
2979099	3
3333708	3
2633613	3
2986442	3
864363	3
3033047	3
1912064	3
3173995	3
1930221	3
2862634	3
2055745	3
973044	3
254150	3
1696928	3
1016095	3
2860804	3
3005823	3
2993489	3
3127042	3
568262	3
2171678	3
2081672	3
2713841	3
2208981	3
3236118	3
1155487	3
958963	3
1984137	3
1905507	3
1980508	3
2558833	3
2914992	3
1274477	3
2855569	3
2602228	3
3120931	3
527862	3
958705	3
1844242	3
3507514	3
501836	3
2574792	3
1436213	3
443190	3
659803	3
3086357	3
1775376	3
243819	3
507467	3
3150094	3
2023951	3
2559658	3
1090900	3
2331301	3
3019847	3
1183723	3
3063667	3
2934961	3
2990427	3
1984432	3
3129710	3
605542	3
3082860	3
1282869	3
172059	3
2977898	3
2522763	3
2566044	3
73926	3
1089848	3
3082458	3
1002975	3
167308	3
1933986	3
3444480	3
958717	3
636336	3
672043	3
1591969	3
1944166	3
2976609	3
530075	3
2667644	3
1957167	3
636373	3
3133288	3
2971730	3
3525558	3
1048583	3
1853315	3
1146714	3
1698803	3
2939808	3
577687	3
3039974	3
332122	3
3001726	3
3351259	3
2746700	3
1075022	3
2333607	3
1015316	3
3449218	3
1917815	3
1007796	3
2146899	3
1853643	3
3187968	3
967800	3
663766	3
505897	3
2017848	3
3017081	3
2768911	3
508089	3
27628	3
978283	3
71257	3
3482517	3
1412678	3
812464	3
630139	3
1631973	3
2370806	3
3018556	3
2220687	3
4112	3
2744093	3
558671	3
748173	3
2943342	3
1511979	3
2976593	3
1157682	3
2070864	3
2240784	3
2289796	3
2170258	3
1975985	3
1394240	3
1936	3
286107	3
534876	3
3135928	3
1900175	3
3071838	3
2069518	3
2676655	3
3028544	3
2508290	3
3312443	3
423852	3
1197400	3
940592	3
3024803	3
2690509	3
535053	3
1968547	3
3264601	3
2046054	3
2123760	3
1076908	3
1715443	3
3121935	3
2452049	3
2071753	3
989714	3
828041	3
2858344	3
1263018	3
2149953	3
3132867	3
2885071	3
949470	3
1534846	3
3213750	3
483645	3
3076918	3
1760166	3
2742091	3
3029879	3
2480909	3
604745	3
2235434	3
3052267	3
132347	3
2458724	3
1375215	3
707390	3
972230	3
3106714	3
1164903	3
2288462	3
2868954	3
2190160	3
1632986	3
669303	3
2631055	3
1120726	3
1686421	3
1029795	3
766104	3
829955	3
2888431	3
1528511	3
15403	3
1414771	3
3283977	3
3156224	3
2687180	3
1148336	3
1157098	3
3048697	3
684297	3
491216	3
1829832	3
2726386	3
1150229	3
1615116	3
125092	3
28390	3
2768071	3
731109	3
493602	3
1778475	3
2665749	3
3145650	3
1968575	3
3070590	3
499149	3
1820298	3
2436463	3
2876054	3
3029253	3
2512139	3
1907550	3
1874239	3
2926412	3
2851923	3
224661	3
3432342	3
1444223	3
3078145	3
257412	3
753606	3
2107	3
2030695	3
693894	3
260380	3
1212908	3
2029709	3
2648087	3
1384267	3
2322241	3
249699	3
2745769	3
339155	3
2345762	3
1842713	3
2911583	3
3531601	3
1979954	3
419353	3
2386493	3
1357034	3
1676633	3
2399800	3
3077988	3
1953701	3
2180070	3
1342386	3
2472336	3
3141644	3
2839719	3
822191	3
2142240	3
2854075	3
2166637	3
49809	3
2012236	3
2303187	3
1915648	3
482818	3
2012667	3
3065022	3
2840939	3
43264	3
454603	3
506176	3
2989673	3
2982235	3
502415	3
1392972	3
2075647	3
2124118	3
8146	3
2409157	3
2675513	3
1019840	3
864672	3
2909456	3
521451	3
1773657	3
1831381	3
1422682	3
1202195	3
2726780	3
1253478	3
456215	3
2269868	3
1831916	3
2817326	3
1077096	3
1143626	3
1393032	3
3181576	3
1487476	3
2096434	3
2486252	3
3196256	3
1548042	3
2561541	3
814917	3
2517549	3
426450	3
1025960	3
2606747	3
1265915	3
1431801	3
2194787	3
64085	3
975596	3
2134636	3
1147168	3
736877	3
2662980	3
965594	3
1403297	3
1495791	3
18850	3
2889859	3
692206	3
2548999	3
717458	3
3043730	3
1604266	3
2832590	3
2043351	3
2118118	3
1888779	3
2984221	3
497040	3
966449	3
95547	3
2150726	3
2964087	3
2354904	3
2919820	3
1746921	3
284262	3
2886079	3
3661	3
1429319	3
2955057	3
3027783	3
1660439	3
2803276	3
2968161	3
2244223	3
2481152	3
755306	3
1610637	3
2182721	3
1608584	3
2621256	3
595656	3
1830770	3
2282539	3
1344175	3
2544867	3
983742	3
2405184	3
3192469	3
99580	3
839747	3
2934494	3
2648341	3
2140332	3
1074505	3
1924300	3
1897751	3
99739	3
1840043	3
1382215	3
2508876	3
1696	3
3010192	3
713832	3
314972	3
1107159	3
2953341	3
272230	3
666270	3
119196	3
3140007	3
2910238	3
3531695	3
170432	3
3035676	3
2111206	3
1196495	3
47509	3
3120861	3
3263283	3
961062	3
2876352	3
1809607	3
1102657	3
2743327	3
1909129	3
2209844	3
2423347	3
261857	3
3556136	3
3106566	3
970512	3
2862036	3
119086	3
834809	3
2837573	3
73881	3
1655225	3
566595	3
2761222	3
468439	3
940859	3
1929319	3
3516017	3
2326249	3
1614892	3
67579	3
2104884	3
1787280	3
2041954	3
3078600	3
2074423	3
931066	3
3441998	3
2957422	3
533910	3
1900407	3
3115694	3
1608835	3
1304090	3
3355688	3
1775831	3
1055263	3
1796343	3
3294522	3
2696939	3
1331569	3
2117431	3
2739030	3
2395982	3
2988592	3
2983811	3
1501572	3
2740941	3
1114618	3
2789185	3
795373	3
2068301	3
1160448	3
2979271	3
1003128	3
2837335	3
2729906	3
1330349	2
1191537	2
909661	2
1490972	2
3037722	2
3256934	2
994081	2
2434268	2
3213648	2
3084439	2
1425160	2
2124331	2
2181097	2
1154557	2
3062294	2
3132404	2
281578	2
2769598	2
1228554	2
2710038	2
3065102	2
632393	2
1114207	2
8872	2
3210385	2
2235143	2
1739766	2
1863094	2
466658	2
3003328	2
2086125	2
2473840	2
3147634	2
3013981	2
1668346	2
3023404	2
2999916	2
2375401	2
3007846	2
1030566	2
109068	2
1095061	2
178146	2
2834548	2
1236031	2
2007439	2
2891699	2
1259333	2
91577	2
3033270	2
2964258	2
3178858	2
2950113	2
2262656	2
2184601	2
784657	2
2707121	2
3132553	2
1119991	2
2969873	2
519327	2
2622719	2
3180646	2
3095648	2
2107411	2
1401464	2
629956	2
322091	2
2948447	2
147571	2
2217056	2
2766973	2
3113924	2
3113781	2
1905396	2
2908085	2
2835188	2
1316914	2
2714983	2
1068569	2
1731871	2
3133084	2
2835567	2
3051080	2
196828	2
2367560	2
1369509	2
1765258	2
2978926	2
614902	2
2724294	2
3144264	2
550186	2
3046187	2
2067419	2
2328053	2
597071	2
2608329	2
1011859	2
3083305	2
2162649	2
127328	2
1371209	2
3037382	2
2080302	2
3023883	2
3251095	2
2274298	2
3051436	2
3169823	2
1736603	2
2074699	2
3000689	2
389590	2
1802432	2
3018652	2
5224	2
14049	2
3147853	2
635875	2
2687539	2
1880521	2
1467013	2
3085148	2
2901105	2
3064169	2
2248883	2
3054222	2
2997764	2
2891849	2
1977816	2
2949743	2
9837	2
2574207	2
3085002	2
3043265	2
2051149	2
2878241	2
2723217	2
2933871	2
2040728	2
2822774	2
1696907	2
3114206	2
1452469	2
2962573	2
998390	2
1917772	2
540603	2
2997811	2
305118	2
2625319	2
1671984	2
2338559	2
2647179	2
2903428	2
927198	2
878014	2
1937314	2
3067781	2
2160668	2
115483	2
3039334	2
1865957	2
300154	2
2464729	2
367671	2
1602947	2
2412865	2
1476388	2
2909928	2
1375486	2
1930437	2
3068192	2
3181684	2
2295927	2
3133899	2
2833533	2
1106409	2
3009795	2
722478	2
1823349	2
83292	2
242352	2
2843142	2
3058512	2
2498248	2
2771934	2
1133773	2
2076272	2
2496771	2
1102002	2
774750	2
1985411	2
830609	2
1638919	2
2940357	2
2412944	2
295323	2
759233	2
659386	2
2259480	2
865840	2
850251	2
1194567	2
114975	2
2340341	2
1071423	2
1649643	2
3081154	2
2611712	2
3168137	2
175330	2
884388	2
3008356	2
2702188	2
2941423	2
2169424	2
2506076	2
3141683	2
887537	2
1379796	2
3100239	2
3026383	2
3115444	2
1514025	2
429791	2
3075954	2
2234513	2
2146829	2
565803	2
1644856	2
285549	2
997894	2
1045785	2
3169398	2
70565	2
2974483	2
2955242	2
2638503	2
42193	2
1250736	2
1072379	2
2478578	2
2284286	2
903726	2
2835392	2
98142	2
1962954	2
2985743	2
2721771	2
668401	2
3042698	2
1968637	2
2770790	2
1160	2
2971285	2
468419	2
1235060	2
842626	2
393743	2
438371	2
1867158	2
248958	2
3150464	2
1765046	2
2740132	2
1816907	2
3050070	2
2582487	2
1840278	2
2300056	2
3065493	2
3012479	2
2279719	2
1806382	2
1299213	2
549040	2
1959368	2
1970676	2
305674	2
3070579	2
1830118	2
2943807	2
1647305	2
1074876	2
1689801	2
2050245	2
611532	2
1000083	2
509683	2
1393213	2
2763455	2
1599278	2
3022685	2
1858230	2
2387719	2
401463	2
821774	2
799875	2
280584	2
3082316	2
639492	2
2902138	2
3042572	2
3110699	2
3058858	2
1376178	2
2494762	2
816783	2
2957015	2
2690841	2
1612147	2
725264	2
1211803	2
319496	2
3051968	2
3174444	2
3060964	2
2452132	2
3037686	2
390769	2
139014	2
1732929	2
3000354	2
1905932	2
1246438	2
2889489	2
2613409	2
1627204	2
2331069	2
554347	2
739636	2
2880340	2
2471079	2
2707877	2
2890062	2
2761645	2
1140494	2
276273	2
2092689	2
1330681	2
2381972	2
5266	2
2401364	2
1926626	2
2569922	2
3005347	2
105062	2
3040712	2
2816790	2
2021017	2
2362393	2
1283796	2
268724	2
2994850	2
260624	2
2531768	2
3146844	2
1109275	2
2705081	2
2135799	2
980785	2
748393	2
265796	2
3101048	2
2986835	2
2249606	2
2460970	2
2654981	2
3213074	2
1297737	2
2929200	2
426070	2
101517	2
3561	2
71629	2
3070106	2
2246497	2
1085933	2
2970341	2
3163728	2
2807237	2
3214495	2
2963947	2
488892	2
1832566	2
548245	2
327922	2
706166	2
1932632	2
658466	2
2748545	2
795554	2
1044034	2
1743838	2
867976	2
2883742	2
2779941	2
294818	2
2227555	2
2987592	2
18169	2
2118	2
3280496	2
364947	2
2649843	2
687964	2
1530063	2
1997015	2
594483	2
2344176	2
2933027	2
2494122	2
3147881	2
1380431	2
1174464	2
2991266	2
2435930	2
1247593	2
1882831	2
1848699	2
1246841	2
3098809	2
895089	2
3131756	2
2220232	2
2132241	2
206200	2
3155311	2
780978	2
2663715	2
183389	2
1271586	2
2434835	2
2974028	2
2708708	2
2814675	2
234450	2
2722983	2
377575	2
3108824	2
2071452	2
2055377	2
2988732	2
2230516	2
395432	2
815138	2
2761342	2
716731	2
1756140	2
3050032	2
1154580	2
1071141	2
920404	2
2076003	2
3139530	2
1792129	2
559281	2
2463150	2
2672168	2
2744546	2
2407944	2
1269998	2
2105030	2
194255	2
3150699	2
1906867	2
4955	2
162210	2
1910534	2
510066	2
79983	2
1818251	2
1859852	2
1604321	2
1318278	2
1185033	2
2953120	2
1349815	2
3051662	2
1768244	2
3153100	2
3235903	2
2077766	2
2842755	2
2436037	2
2161253	2
3038581	2
2982129	2
3144753	2
1178225	2
2898238	2
2594774	2
1911707	2
648789	2
3008102	2
972948	2
518913	2
2862234	2
3213694	2
2089213	2
828110	2
1748709	2
54910	2
3077395	2
2798580	2
1419722	2
3113453	2
1544211	2
3233245	2
2621741	2
350159	2
3036303	2
2543006	2
2689586	2
400990	2
3395	2
3158414	2
2664101	2
1947995	2
2322762	2
3038924	2
1863786	2
2935154	2
2989978	2
2701307	2
3031951	2
2138043	2
627293	2
3056907	2
703182	2
45493	2
3045722	2
756133	2
2585495	2
1707185	2
1642751	2
911456	2
3028602	2
435056	2
3036486	2
1931796	2
332432	2
2972624	2
2355387	2
2981046	2
1122695	2
848313	2
976572	2
3081729	2
3034071	2
10755	2
1386663	2
3040617	2
3068224	2
2115717	2
2949792	2
3061657	2
2462532	2
207565	2
3078012	2
1655553	2
2452950	2
2549960	2
610928	2
2037380	2
3034900	2
2267602	2
2898336	2
674047	2
443885	2
2989083	2
159395	2
2356546	2
3198783	2
3187168	2
1692500	2
1644845	2
3001562	2
2057142	2
1153183	2
647907	2
3104156	2
1971612	2
2425221	2
1874856	2
296071	2
12890	2
2941169	2
3014809	2
227383	2
569808	2
2222370	2
2577520	2
2959975	2
1410131	2
1157411	2
1150851	2
2814823	2
681345	2
3237343	2
3131968	2
2979670	2
1505276	2
294106	2
632785	2
811835	2
397072	2
2035020	2
1176417	2
1313990	2
1663879	2
2429232	2
2896484	2
3025311	2
2027695	2
2003449	2
3008698	2
2699850	2
2988014	2
2332346	2
767394	2
3035967	2
2856603	2
166707	2
406031	2
3032427	2
2953800	2
931873	2
1425426	2
41250	2
103698	2
637273	2
1829539	2
2748393	2
2357910	2
604455	2
2615978	2
2322108	2
1725884	2
980133	2
2999809	2
3002196	2
13541	2
2913930	2
3061101	2
2169831	2
1906519	2
2697314	2
3213384	2
3130972	2
2289978	2
3193920	2
3155317	2
1333886	2
684642	2
2201545	2
947234	2
3070995	2
1342412	2
3268477	2
3200042	2
3115888	2
3023110	2
3030956	2
2922140	2
1701736	2
358320	2
2751771	2
400302	2
56909	2
2687458	2
2251579	2
3023028	2
2525457	2
1718788	2
449697	2
65169	2
983605	2
111808	2
3182543	2
2980059	2
2297152	2
296307	2
2833556	2
296361	2
3226823	2
1864258	2
1069397	2
2570105	2
3056922	2
27003	2
2722776	2
1353202	2
1865007	2
3061226	2
3039837	2
1363766	2
3113649	2
1543175	2
2313942	2
1835201	2
965498	2
793436	2
2968137	2
1084966	2
1444775	2
2659680	2
2183204	2
3038637	2
1786833	2
3113701	2
1171514	2
2942118	2
368399	2
3007455	2
1432452	2
2535024	2
3042725	2
2238175	2
2469080	2
2844087	2
425138	2
3132319	2
511299	2
3002002	2
798610	2
656272	2
876616	2
1500771	2
123791	2
37195	2
2280854	2
859379	2
1179824	2
2995761	2
924767	2
1263303	2
570570	2
1875314	2
709954	2
3057622	2
1623495	2
2733365	2
2358570	2
2822308	2
10134	2
263512	2
11217	2
1995199	2
3105194	2
2659547	2
290879	2
2056141	2
463492	2
1831264	2
1883128	2
386037	2
3189014	2
1731558	2
2278476	2
2873903	2
1910552	2
336186	2
2924823	2
2836703	2
2637353	2
540238	2
3189569	2
543316	2
2798134	2
2670354	2
778156	2
2795410	2
1804318	2
1110206	2
1697719	2
3017938	2
2714519	2
2247409	2
2820510	2
2445095	2
106097	2
1873762	2
2230767	2
2943213	2
2856922	2
2081635	2
14313	2
2122909	2
752031	2
3189058	2
1371549	2
2669080	2
979155	2
2644496	2
1758402	2
3225361	2
2615446	2
2095900	2
3052663	2
50479	2
1694173	2
2164233	2
2160163	2
2037767	2
1910461	2
2331004	2
2767648	2
2042047	2
3181511	2
2587799	2
2896013	2
3223066	2
1434710	2
455038	2
2941972	2
1562684	2
1124858	2
1234454	2
2354816	2
1120289	2
524275	2
1356810	2
2659252	2
2920513	2
1847089	2
2773916	2
759615	2
3014361	2
3163457	2
3075270	2
2833808	2
2946329	2
2716031	2
3029969	2
1177902	2
973931	2
1698553	2
2933083	2
3146440	2
2065085	2
2711534	2
653708	2
3153612	2
2444508	2
3070332	2
1928327	2
3013073	2
2759030	2
336000	2
1869109	2
1915598	2
2984790	2
1107585	2
2626948	2
3023727	2
3040644	2
1228133	2
1036859	2
3203918	2
2723650	2
2564048	2
2185181	2
461045	2
1246986	2
3028554	2
2666128	2
3099025	2
250053	2
1793716	2
943865	2
2152833	2
1981785	2
3285896	2
2461518	2
3062400	2
1859858	2
1950412	2
69653	2
1441748	2
2936674	2
2094460	2
479646	2
483516	2
3227872	2
1240850	2
3088116	2
2051391	2
1242153	2
1952859	2
1674001	2
3042287	2
2313011	2
2040263	2
2680181	2
2216938	2
1573144	2
2764620	2
673793	2
1862426	2
2427664	2
1994996	2
3042460	2
2709264	2
3141054	2
3181290	2
541630	2
1370113	2
92341	2
2026065	2
2228925	2
2719361	2
2597642	2
2763662	2
2786271	2
2262097	2
2847034	2
2877464	2
1165657	2
2796528	2
1185504	2
2465978	2
2966572	2
3185539	2
2144331	2
3084919	2
1931345	2
2912688	2
2767869	2
204792	2
2213104	2
3042430	2
341605	2
3139709	2
500566	2
893274	2
522783	2
1281236	2
254407	2
962868	2
884075	2
1769367	2
3133154	2
582659	2
3161266	2
1753134	2
2151629	2
554791	2
3057747	2
588766	2
322934	2
2621869	2
2103376	2
2541693	2
3110641	2
2958905	2
3046100	2
3168757	2
3037384	2
750066	2
3188543	2
1995039	2
2593235	2
2677459	2
2604378	2
2061768	2
1567495	2
2553112	2
83795	2
22344	2
2108618	2
1514014	2
2458508	2
1180575	2
385876	2
3175111	2
2914346	2
2879527	2
3161453	2
795810	2
2070586	2
1533057	2
2839961	2
2284332	2
3062407	2
2247797	2
48154	2
2608976	2
2173742	2
3080862	2
11874	2
1774504	2
1171100	2
2434798	2
9958	2
650915	2
452892	2
2408015	2
2982269	2
1652325	2
2619548	2
2394276	2
1825994	2
1924248	2
651625	2
1509540	2
1846282	2
2970672	2
2043116	2
2521703	2
27682	2
3105586	2
2995908	2
3240181	2
908211	2
3294248	2
1160422	2
3157389	2
466904	2
3185520	2
389212	2
3019238	2
3005303	2
1585790	2
1034372	2
3111469	2
2645302	2
3113346	2
3061753	2
3097466	2
2189592	2
3104888	2
202598	2
1516518	2
2445813	2
673411	2
1357175	2
1135577	2
2761381	2
1949964	2
1095662	2
2869127	2
1091248	2
2919094	2
993580	2
290157	2
2651881	2
2013031	2
2693592	2
1457263	2
1018720	2
1205826	2
1949371	2
3071789	2
3033557	2
1101505	2
2966591	2
2916285	2
2349455	2
1118058	2
2282615	2
3025004	2
2152876	2
2736928	2
506788	2
1185999	2
2938167	2
3144587	2
2683910	2
1806383	2
689396	2
452913	2
3035326	2
2987262	2
1815536	2
2954525	2
2540547	2
269976	2
2092955	2
2996863	2
2784799	2
595735	2
2855426	2
1508411	2
3181426	2
2696206	2
2418918	2
45381	2
1359750	2
1075344	2
1608673	2
1235322	2
2373061	2
2935891	2
2934278	2
3184838	2
397162	2
1269468	2
1263925	2
2219468	2
3061856	2
1777723	2
3040701	2
3022221	2
1863996	2
3174300	2
1280544	2
2052991	2
2029871	2
646213	2
677401	2
1422044	2
1918805	2
3088253	2
2883121	2
2064210	2
27422	2
1730180	2
1138453	2
2341080	2
3058409	2
3009805	2
377450	2
3117014	2
2969364	2
3133673	2
1190434	2
506694	2
1890071	2
1187903	2
620082	2
3062835	2
779860	2
2293175	2
1075240	2
829344	2
2069961	2
2422710	2
1314038	2
1858086	2
3168573	2
3118810	2
960664	2
326069	2
1030603	2
2208272	2
2068625	2
2575947	2
2996923	2
2983864	2
1525457	2
603894	2
2805321	2
3126312	2
2074971	2
1210868	2
2222303	2
1877539	2
466617	2
2728497	2
1939138	2
366999	2
1667546	2
733114	2
456750	2
574093	2
3045123	2
1326539	2
626981	2
175747	2
2999706	2
1448601	2
970130	2
1178906	2
2930898	2
2092377	2
1652832	2
1414750	2
422103	2
2798682	2
1156893	2
3097030	2
3005145	2
1859953	2
3066881	2
285013	2
944325	2
2972918	2
2702605	2
2954968	2
2677192	2
3091398	2
1285195	2
465997	2
324945	2
1970199	2
1457349	2
2994575	2
1229508	2
431934	2
821027	2
1441883	2
2254252	2
3155586	2
321680	2
2398220	2
3041010	2
515332	2
1062231	2
2996448	2
2343191	2
3052789	2
3049970	2
2201544	2
2906996	2
3116760	2
2391184	2
3122124	2
2305385	2
3084002	2
2674084	2
1015679	2
1643689	2
3295222	2
2957372	2
2329383	2
1477026	2
2122934	2
2543674	2
1922566	2
3132565	2
1668050	2
3161957	2
622899	2
3187015	2
3085573	2
308078	2
2999876	2
3073975	2
2941688	2
1964497	2
2885619	2
2522559	2
1172039	2
2569651	2
923888	2
3065607	2
2862781	2
1794944	2
3213505	2
1855251	2
1163639	2
3295670	2
3043099	2
1733327	2
1205115	2
948299	2
1142781	2
1309734	2
2999128	2
2835940	2
2590687	2
1885445	2
3227230	2
264645	2
731287	2
3072185	2
954428	2
2708401	2
1120618	2
3145299	2
2396416	2
2448899	2
2748200	2
2092325	2
525982	2
2067847	2
3020340	2
3088205	2
3084759	2
2487377	2
1271134	2
2489309	2
806079	2
3271199	2
2790779	2
2916080	2
3134680	2
1852632	2
2636173	2
2031306	2
1804616	2
3112185	2
2960887	2
2190762	2
