863267
2784990
1080054
1423814
2625542
2097905
2160277
1013847
2760069
2038034
2609271
395042
2436337
1059246
751417
2522193
2519467
2745727
2695387
426002
582620
2043642
2667867
2281195
2673877
2001309
2552605
572027
2411799
2743699
2230529
1751839
2254231
994441
2484802
2212897
2439998
1773356
1251331
2654761
2128014
2684494
2221461
2557432
2416446
2204282
2830907
2699501
2912021
2916870
2434232
2465080
2407829
2279060
2104110
2618649
2761735
3637
976256
935800
2782732
1925104
1019248
1862750
1778330
2707015
2723983
2599930
2608544
2086461
2720617
2769509
2660897
2646076
221385
2963149
2492100
2696243
1819144
2438720
2703865
2407900
2655539
1720443
2359178
2046662
867897
598399
2091664
3371
984824
2282158
1610815
1377221
2086615
369469
2828262
3162019
3278413
2894143
519417
2674631
1896393
2765043
2546255
1266025
2704591
841308
1955083
2885431
438499
2129394
2924315
2220963
2381642
2101686
1108635
2676335
842889
1296190
2188163
521654
2121950
2395650
1099802
2727231
2361336
2132488
2610223
980377
2759474
1720857
1687265
1161647
2689866
1301788
1632618
1161484
2880813
2431774
1954832
2418527
520200
2077940
2817660
2053654
2746404
2392639
2476110
2787468
2472202
907857
2752189
2584991
62528
2408421
1387646
2687313
2687091
2529879
744722
2260978
2262209
2634615
1633575
1457524
2508076
2821747
1165080
2105010
342148
2458486
2114597
2767662
2772248
2214206
1423983
2194500
2037944
2696180
1862364
1187619
1143265
1994961
1839175
2181793
2415083
2677002
2721607
1927130
2237202
1441512
2029456
2384010
2845238
2140848
1459892
1431816
2159784
1375149
2141790
2008578
2556277
2901501
2619403
2606379
2910064
1915328
2025249
2524863
2718123
2751949
2200313
732376
2732025
1720523
2101426
1492348
2056012
2660945
2863600
2660304
1420844
2577035
1777411
321449
1989382
1934255
2625718
2820249
2825677
3356835
847555
3021842
906260
1381067
2402667
2686178
2760246
1272523
2737082
2476112
778525
216708
588608
387350
2557744
1321473
2733494
1746030
2092039
401635
766183
2613042
261095
1998910
2660574
2644822
2116039
2817715
2704663
2052838
1634343
2680982
2753704
1768793
1303223
437141
1034240
2423619
1720540
1414917
781023
1447706
1144345
2618802
749270
1764651
2896522
2731945
1888280
2103010
1953518
2020517
1893892
1801199
2488157
2670474
1231005
420826
2789520
2379059
2696391
2758929
450088
2312341
2794745
2925039
2034603
1265656
1954521
2579010
2367095
3008168
1305457
2666400
1875753
2393234
2222075
2721298
509754
1852044
2006109
298763
1849495
2573558
2588545
2340666
1554736
2691130
1747310
2365111
2963298
95443
2637124
750815
1772594
369922
1571583
2131878
533004
1064187
1495833
2549534
867973
2862022
1514456
2534209
120044
2023736
2692655
1633052
1272735
1145094
2308045
2860565
333298
2729524
2131767
1005044
2737490
1590674
2249292
2776817
873683
2868529
2996639
2440354
2597953
1321741
2725387
2873227
1260632
564060
290460
170601
1540157
2813707
2370971
2589286
254150
3028144
2382623
188212
2538011
2799231
962833
2490271
465134
1864480
2760986
2850541
837747
2634520
2212505
2069377
2466621
1631368
507646
589059
2790548
2704812
2947238
1477389
1140979
1725732
2455360
2417393
2707057
2515470
1552185
1452888
72425
2760977
2709815
1123398
2689597
1170305
2774539
2221314
1799740
2271035
2131921
753944
1262788
692360
1655116
2742531
2745243
674615
1698324
2262440
2039119
2682688
1501319
1317935
1768670
2282646
1580230
1145469
2664263
601327
2504258
1854718
2687245
2598355
1036273
2865860
2760646
2613296
1317364
1865926
1125520
2172130
2372220
1154727
1059783
1350183
2860708
2699404
2745969
594390
1886989
977005
2333367
2041141
2743997
2373940
2659470
1725584
1860871
1397653
2518932
549246
2409925
2913155
2515975
1540438
2736063
1731924
2550139
1662024
2622026
1365870
1401053
2398465
2114266
634701
2741820
2659981
1438393
1184929
2594812
297938
2663921
2385580
2671859
2882577
1539942
2512391
39680
1956509
1929922
2745750
2722189
1816694
1848058
2732418
1041213
2335425
2592929
2604488
2497970
1320147
2569369
1385915
2510012
415839
1058536
1306646
2762517
525341
999423
2407436
2706949
2437597
1436267
2776957
849895
576515
2537135
2397672
2835365
1484612
1492157
2608517
593391
798101
2787307
2406786
1223149
973451
156246
2036254
788134
1962657
2878964
2665213
370786
2403677
2891472
869837
2716387
1124849
1901189
2877162
1234139
2378098
1771563
1911015
2872631
31063
1152679
2124058
1860312
2354098
2738452
2792140
2576289
1207571
2769396
1079920
2642702
2352681
1031160
1841892
2086188
2341919
2216076
2551723
1612893
2158946
1049865
2736107
1052049
2404301
940741
2156954
2489832
1023118
1402248
2425338
1537496
20990
1392703
2656175
2736738
1048174
2506108
2336696
1012342
2760837
2741386
2290535
394246
2582051
2649669
2553741
1507061
2979878
1926095
2760643
2242614
2701957
1694522
2748275
1835888
1832700
1819562
2548552
2905255
2786957
1239335
2062129
2668550
685440
2864593
1816267
2498510
1175352
3020443
1505595
2669165
2902450
3044380
1409633
2633827
2888685
1798879
2684679
2535892
2669903
2085731
2559263
1849620
2602680
1495240
2864857
2312286
1212315
1528493
2507623
1527175
2484149
2511084
1372679
887767
2802156
2621823
2307309
2622698
1734300
2831064
2167797
1527283
2410216
1594770
1276705
2658447
2611389
1942536
979176
1892350
2508392
1711459
1367455
975592
2036013
2506229
1822693
1364911
2012337
2722198
2384442
534519
2595064
2393765
1397700
1772920
1180066
621148
1551486
2688294
2241272
2592473
2660175
1532610
2084693
2808898
1554397
2761887
1267968
2602745
584287
2297605
2557291
2675890
2680476
315454
1794586
1222518
1161416
1370280
2093064
2228483
2234246
2775228
2638746
1470420
2571976
1440082
2285019
2366606
2727815
2326778
1842097
2106177
131751
2019528
2434124
1199490
1554175
2255464
1688000
2113520
896129
1687228
2718109
1771356
255938
2606368
1417447
2558278
2754594
1954476
2720358
2492716
1418876
2665659
2571670
2853180
2676601
1574399
916246
2848216
771318
1914840
1448248
2392195
1894087
2569677
1918934
1739130
2252934
2857770
582766
2797457
2715564
11285
2719417
369714
2742405
2086890
2755853
2562150
979979
1231352
2328171
1210120
2609032
2125727
1067607
1541572
1291968
1864887
1263500
1617424
2294917
2873004
1571304
1187252
1029128
1904531
1784256
2752216
2616565
2892164
1845102
2521314
1828369
1793975
2590470
44033
2623621
101635
2792506
870718
273969
2020836
2646849
2858315
1510645
1478449
2484101
2643498
1501560
2235655
618675
2702902
1246007
75187
908726
1923518
2614785
2095123
749361
1252913
2631234
2616087
1719793
3052902
1246198
2461489
2603931
2741961
2549164
2112839
1803082
2689482
824885
517871
2738873
1403699
702248
1679991
2627292
2665216
1934734
444404
1997965
971973
1532137
2591103
1237965
2752931
1727455
2424385
2754183
1771489
1671300
886712
1443900
101775
249987
2274105
2197204
2735767
2155279
2818502
2585398
2688290
1099493
549741
1838210
2472516
2592433
1937862
1257381
63979
992593
435202
2090331
784688
1331897
2873455
2254628
1454226
2585789
1408330
2722088
2672528
2493144
2672960
1743419
2516822
2123382
2634798
1593911
2756584
2564282
2623795
2683646
832870
1207866
2362953
2728237
1522650
2426909
1697627
1937405
2971876
2266595
2724018
1023666
1691298
2008428
748463
2755581
2739860
2119803
2708388
914875
2698097
2122718
1235116
2667424
2542778
2279345
2706882
2783046
2288913
2664473
1599393
1960478
2757448
1676823
1908606
1385562
918567
2690320
1767319
1857555
2881961
1781247
855177
1264239
1012326
1649989
1111186
1315159
1661125
1656015
1889166
2659984
1011202
2737336
2761717
1528781
1046549
1386809
2465932
53669
1616686
2101038
1096291
1926673
2658482
2806792
582805
2508528
2154380
2463629
603325
2375667
580709
1826003
1692351
2342033
241605
1966768
808272
2552492
2362984
2146565
2547384
2683956
2744666
2747496
2414186
2138600
2643409
1004418
2218024
1742768
2059894
2906829
1336631
2774963
1812654
1794500
811801
2701292
2707558
1998450
2660760
2890242
2177453
1078113
2468718
2643590
2052991
936060
2723221
2522949
180208
2712116
2764862
2517160
1630417
802203
2651048
1014037
1121586
2612739
2264866
2908635
1427962
2339559
1611615
474797
634815
2706489
1009357
1085436
2847069
2229579
2598262
2580452
2697272
2145602
58521
1331296
2716614
2898627
354465
1765094
1436840
2889987
2543758
2194021
2264910
2679774
2059989
1217237
681189
1068039
887930
2695519
468410
2571376
2528073
1995314
2518497
2635952
1899581
2364186
2590181
2819034
2786892
2333408
2341910
2645296
858097
2903527
2777695
2654229
1761917
2924287
2760569
2798628
1289331
1159212
2259966
1048810
2084851
2003689
2140342
1139474
2757857
1276639
1863774
2533178
2695115
1229192
2808067
1412878
1871420
2020108
1820222
1459441
2058995
2723319
1414658
1698175
1741292
3138489
2672734
2006319
2943361
2701585
2203283
1939360
2125942
1001047
2921147
2788030
2601056
1459238
2645967
2506285
2361005
1591661
1285603
2714336
630016
2894852
738393
1168226
2716243
407811
1730315
2565469
1547625
494483
1332986
2752958
2660056
1341474
2421322
485613
2697764
808554
2257246
2760442
2130051
1760821
462163
2678655
2666507
2420919
2815302
1389871
953238
1224375
1928429
667531
995410
2770702
2164277
2781380
1925583
1054120
2687666
266297
2713799
1426098
2042007
1391476
2623642
260803
1882757
2293677
976314
2446614
2710882
324492
1067217
2583299
524759
2984170
892298
2814764
2224831
606550
2554760
587397
1467940
2171702
2349093
2256091
2091978
1712492
1988404
2255250
1798329
396283
2850839
2690833
1621835
2734677
1488775
3114650
2803092
1322599
1474140
2264836
265307
1226847
2859576
1798119
2888511
2817246
2755414
1191757
2421309
2364241
2464172
922464
1435225
457591
1067463
2526727
3191309
2461613
604382
735819
2580046
2851930
2646549
2184728
2393146
2130629
2091554
1696892
2562711
2782003
1706189
2617879
1218239
2678362
2464837
391367
546866
2637039
2029693
2819305
2065524
2659866
1674270
1798279
2505307
859738
2787373
2305414
869158
840094
2488027
1334450
2270131
2300290
21283
2108206
2698322
1817391
1750865
1264495
388828
2784461
1915410
1565719
1866598
1220924
799123
2646689
2463427
2834432
2603320
2774081
2915073
2012808
880818
2653568
2644097
1889765
2276774
2416956
2359136
712752
1937128
1935068
2776804
1539921
2603824
256355
837388
1852501
843790
807682
2439706
1050887
2278586
1772616
1454621
2492252
1877071
2066577
2327103
793247
2073091
398118
2076941
693945
2889100
2655729
480366
1276660
2670308
322821
2638616
2579473
1987314
2954307
2619758
2042663
1881503
2339150
1935018
1867530
3008170
2713929
2339028
2825548
2501722
1974503
1642623
1905997
2863282
2476414
960594
2443081
2424456
2598970
2326734
2140228
1224059
457480
2460783
1481613
2911541
1191938
2745085
1966851
996087
2715462
1973190
2734559
2344379
2829022
2452137
2174855
328449
398949
1253783
2619051
2898199
1823483
2747645
2527919
1789463
2194854
2742404
1785509
2336079
2799089
727542
1152572
329555
1706862
759319
1263657
2377383
308384
2278597
1315965
1978519
2397453
2638101
1234254
2741913
1023020
2764003
2876825
743217
1651422
2360068
2737191
416524
2017042
703142
2829471
2397779
1168356
873446
287872
2717392
2228711
2740754
2225517
