1650	1
2763	1
12146	1
13884	1
24580	1
51519	1
63105	1
63312	1
64439	1
65371	1
85228	1
101860	1
120987	1
122885	1
124770	1
147896	1
162691	1
166269	1
167355	1
174942	1
192427	1
226877	1
231179	1
264973	1
272052	1
281221	1
297270	1
320446	1
326170	1
326229	1
337551	1
350197	1
359376	1
363948	1
364282	1
384730	1
391280	1
398263	1
434908	1
446230	1
458643	1
466930	1
468037	1
480366	1
481548	1
491047	1
505779	1
507512	1
508199	1
511340	1
515046	1
534431	1
548944	1
554347	1
555285	1
562921	1
567530	1
577416	1
598913	1
606008	1
611261	1
624232	1
628691	1
641292	1
645383	1
649381	1
651378	1
656994	1
667457	1
673268	1
676238	1
700504	1
708162	1
712761	1
715143	1
729188	1
732420	1
735849	1
736680	1
741997	1
743900	1
748173	1
756531	1
756725	1
759795	1
767083	1
771476	1
788603	1
791105	1
797668	1
800879	1
802943	1
811784	1
822330	1
824717	1
835504	1
841962	1
842498	1
848869	1
855264	1
857402	1
859923	1
874087	1
883069	1
899979	1
911672	1
912076	1
912584	1
912658	1
915736	1
918487	1
921263	1
932348	1
941843	1
945788	1
945887	1
964735	1
981319	1
986942	1
991408	1
993273	1
1001432	1
1011815	1
1015567	1
1018450	1
1021338	1
1027467	1
1027654	1
1040916	1
1050633	1
1050709	1
1058215	1
1059750	1
1064067	1
1071121	1
1075249	1
1076912	1
1081241	1
1087404	1
1089268	1
1091312	1
1099841	1
1106109	1
1133355	1
1147083	1
1148042	1
1149543	1
1150929	1
1156829	1
1158610	1
1160229	1
1174393	1
1183320	1
1187920	1
1190315	1
1194337	1
1203593	1
1203884	1
1211046	1
1213906	1
1222295	1
1222963	1
1229806	1
1230729	1
1239645	1
1240838	1
1241998	1
1242726	1
1243637	1
1243852	1
1256769	1
1257537	1
1261051	1
1262409	1
1268529	1
1268835	1
1269506	1
1275370	1
1278575	1
1279149	1
1281305	1
1284472	1
1284945	1
1291453	1
1293523	1
1296456	1
1299247	1
1300303	1
1301454	1
1303990	1
1304323	1
1309476	1
1313611	1
1315522	1
1318111	1
1318454	1
1321084	1
1322675	1
1322734	1
1349496	1
1350311	1
1353168	1
1361705	1
1363826	1
1365307	1
1366906	1
1372531	1
1373786	1
1375182	1
1379142	1
1384523	1
1385545	1
1385548	1
1385604	1
1386998	1
1389545	1
1397653	1
1412878	1
1417600	1
1417656	1
1419108	1
1423143	1
1426669	1
1430353	1
1432071	1
1437002	1
1438341	1
1450640	1
1459797	1
1462062	1
1466002	1
1466186	1
1467859	1
1469129	1
1471375	1
1477979	1
1482630	1
1483201	1
1483487	1
1488521	1
1503137	1
1508097	1
1513003	1
1513421	1
1514025	1
1514261	1
1515994	1
1517420	1
1517877	1
1518750	1
1522467	1
1527873	1
1529629	1
1530639	1
1534280	1
1535008	1
1535145	1
1536417	1
1536437	1
1546139	1
1546389	1
1549243	1
1551244	1
1552253	1
1555309	1
1558297	1
1560249	1
1560686	1
1563211	1
1566755	1
1570117	1
1574682	1
1575713	1
1578067	1
1580287	1
1580880	1
1582707	1
1584064	1
1584107	1
1584491	1
1589725	1
1592402	1
1593500	1
1601706	1
1602694	1
1603654	1
1604200	1
1607056	1
1607368	1
1607595	1
1608421	1
1615423	1
1617612	1
1618881	1
1622705	1
1626774	1
1629921	1
1630524	1
1653924	1
1655758	1
1660800	1
1662423	1
1663055	1
1665031	1
1667246	1
1669254	1
1669806	1
1671797	1
1674583	1
1677077	1
1678484	1
1680707	1
1681252	1
1681972	1
1683615	1
1685880	1
1686619	1
1691821	1
1693316	1
1696208	1
1697793	1
1701697	1
1705024	1
1705849	1
1708973	1
1709630	1
1709994	1
1710280	1
1710499	1
1711136	1
1712155	1
1713213	1
1714669	1
1717667	1
1722269	1
1723082	1
1726019	1
1727155	1
1728407	1
1732606	1
1736501	1
1737656	1
1744268	1
1746108	1
1751392	1
1753694	1
1754098	1
1760632	1
1760848	1
1764074	1
1765479	1
1766276	1
1767888	1
1768446	1
1772139	1
1773222	1
1773426	1
1776793	1
1778572	1
1779000	1
1780362	1
1783008	1
1785393	1
1791310	1
1795233	1
1796359	1
1797055	1
1797106	1
1799511	1
1803567	1
1804836	1
1805058	1
1805531	1
1806028	1
1806336	1
1808466	1
1808655	1
1809098	1
1810961	1
1813520	1
1816282	1
1818464	1
1821433	1
1821746	1
1828073	1
1828688	1
1832139	1
1837039	1
1837806	1
1838920	1
1839657	1
1843013	1
1843583	1
1845145	1
1845372	1
1847189	1
1849922	1
1850139	1
1853064	1
1854119	1
1857136	1
1860202	1
1860723	1
1864077	1
1864593	1
1866427	1
1870705	1
1871904	1
1879589	1
1880884	1
1881562	1
1882424	1
1888863	1
1890569	1
1890916	1
1891848	1
1892395	1
1893702	1
1896149	1
1897438	1
1897901	1
1904065	1
1910978	1
1911640	1
1913040	1
1913610	1
1915637	1
1915974	1
1918140	1
1920775	1
1921666	1
1923850	1
1925026	1
1926310	1
1926494	1
1927961	1
1930254	1
1932012	1
1932070	1
1932895	1
1933412	1
1943718	1
1944563	1
1944576	1
1946149	1
1946927	1
1947768	1
1948203	1
1949627	1
1949915	1
1951099	1
1952215	1
1952306	1
1953140	1
1953323	1
1956181	1
1956956	1
1957649	1
1961464	1
1961513	1
1964591	1
1968081	1
1968276	1
1969449	1
1969746	1
1970799	1
1977505	1
1978279	1
1979810	1
1980225	1
1980738	1
1981863	1
1981989	1
1983290	1
1984890	1
1985528	1
1986097	1
1986434	1
1990611	1
1991549	1
1996127	1
2001953	1
2006649	1
2006817	1
2007403	1
2011194	1
2013626	1
2015754	1
2019516	1
2020028	1
2020200	1
2021056	1
2021099	1
2028644	1
2031242	1
2032318	1
2038846	1
2039373	1
2040322	1
2041155	1
2042232	1
2042810	1
2042947	1
2043873	1
2046958	1
2047366	1
2049166	1
2049887	1
2049956	1
2051414	1
2052078	1
2052296	1
2053934	1
2054961	1
2059006	1
2059825	1
2060606	1
2061241	1
2061515	1
2061591	1
2061609	1
2061662	1
2061796	1
2062865	1
2065332	1
2067632	1
2067768	1
2069542	1
2069992	1
2070814	1
2071774	1
2073169	1
2075030	1
2075646	1
2077422	1
2079938	1
2081182	1
2082569	1
2083607	1
2083718	1
2084268	1
2084303	1
2085357	1
2085473	1
2085868	1
2087674	1
2088135	1
2089833	1
2090323	1
2090367	1
2091971	1
2092526	1
2094961	1
2097397	1
2097849	1
2098798	1
2099535	1
2100265	1
2100329	1
2101917	1
2102641	1
2103507	1
2103629	1
2104386	1
2104604	1
2107725	1
2107855	1
2108136	1
2109019	1
2109549	1
2110035	1
2110673	1
2110717	1
2112149	1
2112829	1
2117095	1
2117775	1
2117984	1
2118304	1
2120487	1
2121312	1
2121877	1
2128497	1
2129755	1
2130527	1
2131164	1
2131642	1
2132547	1
2133279	1
2133993	1
2134373	1
2135159	1
2135863	1
2136074	1
2136334	1
2136693	1
2136860	1
2138405	1
2138892	1
2138899	1
2139434	1
2139930	1
2140069	1
2140144	1
2140750	1
2141342	1
2141822	1
2142819	1
2143192	1
2143735	1
2144545	1
2144626	1
2145937	1
2147691	1
2147788	1
2149559	1
2149900	1
2150012	1
2150312	1
2151905	1
2154545	1
2157155	1
2158243	1
2159026	1
2160502	1
2162163	1
2163686	1
2164494	1
2164687	1
2165484	1
2165693	1
2166974	1
2167103	1
2167317	1
2168911	1
2169980	1
2170691	1
2171401	1
2171532	1
2172148	1
2173904	1
2174182	1
2174293	1
2174385	1
2174557	1
2175963	1
2176043	1
2178780	1
2179689	1
2180303	1
2180679	1
2180895	1
2181413	1
2181421	1
2182161	1
2182728	1
2183400	1
2183537	1
2183880	1
2184128	1
2184728	1
2185686	1
2185845	1
2186057	1
2186178	1
2186642	1
2187952	1
2188103	1
2188903	1
2189208	1
2190554	1
2193225	1
2193298	1
2193549	1
2195587	1
2197092	1
2197219	1
2199242	1
2201143	1
2202375	1
2202643	1
2203733	1
2205997	1
2206473	1
2207475	1
2209009	1
2209372	1
2209521	1
2209787	1
2210760	1
2210989	1
2211207	1
2212914	1
2213126	1
2213920	1
2215831	1
2215964	1
2216562	1
2217267	1
2220216	1
2220231	1
2221309	1
2221803	1
2222201	1
2222210	1
2223010	1
2225668	1
2231240	1
2231735	1
2232292	1
2232704	1
2235871	1
2237424	1
2237945	1
2238429	1
2239730	1
2240995	1
2241237	1
2241557	1
2242673	1
2243398	1
2245253	1
2245907	1
2246147	1
2247182	1
2247607	1
2248399	1
2250002	1
2250217	1
2252643	1
2252790	1
2254179	1
2254546	1
2255683	1
2255693	1
2256382	1
2257590	1
2259204	1
2261379	1
2263393	1
2263970	1
2264294	1
2264409	1
2264950	1
2266829	1
2268795	1
2269621	1
2269662	1
2269734	1
2271729	1
2272825	1
2276273	1
2277098	1
2277581	1
2278522	1
2280064	1
2284213	1
2284878	1
2285149	1
2287705	1
2288124	1
2290902	1
2291743	1
2291946	1
2295070	1
2295862	1
2296035	1
2296701	1
2297261	1
2297482	1
2297608	1
2298023	1
2298944	1
2298998	1
2299817	1
2301219	1
2303230	1
2305020	1
2305398	1
2306563	1
2308302	1
2309341	1
2314190	1
2314672	1
2314912	1
2318442	1
2319461	1
2319883	1
2319943	1
2320599	1
2320708	1
2322363	1
2322473	1
2324188	1
2324425	1
2327044	1
2328727	1
2329363	1
2330073	1
2330188	1
2330329	1
2331004	1
2333515	1
2333951	1
2334337	1
2335523	1
2336859	1
2336984	1
2337398	1
2337485	1
2340054	1
2342289	1
2343081	1
2344365	1
2344403	1
2346621	1
2346720	1
2347704	1
2348181	1
2349594	1
2349807	1
2349867	1
2351692	1
2351751	1
2352042	1
2352070	1
2352614	1
2352661	1
2352797	1
2354016	1
2354558	1
2355746	1
2356860	1
2357508	1
2357672	1
2358108	1
2358755	1
2359263	1
2359845	1
2361261	1
2362080	1
2362746	1
2363670	1
2363828	1
2365246	1
2365740	1
2366069	1
2366595	1
2367604	1
2367680	1
2367975	1
2368663	1
2369887	1
2370419	1
2371411	1
2372414	1
2372970	1
2374146	1
2374593	1
2375237	1
2375307	1
2375470	1
2376050	1
2376127	1
2376636	1
2376930	1
2377096	1
2377325	1
2377873	1
2379420	1
2379715	1
2380510	1
2381500	1
2382684	1
2382756	1
2383264	1
2383748	1
2386333	1
2387372	1
2388498	1
2388991	1
2389037	1
2389189	1
2389594	1
2389994	1
2390383	1
2390751	1
2391807	1
2392420	1
2392613	1
2392717	1
2393875	1
2394918	1
2395143	1
2395326	1
2397411	1
2399060	1
2399462	1
2400945	1
2401318	1
2401364	1
2402505	1
2403036	1
2403042	1
2403049	1
2403357	1
2403463	1
2403477	1
2403804	1
2404436	1
2404501	1
2405693	1
2405998	1
2406582	1
2407814	1
2408246	1
2409351	1
2409740	1
2410512	1
2411769	1
2412146	1
2413551	1
2413988	1
2415307	1
2415797	1
2415987	1
2417038	1
2417741	1
2419064	1
2420079	1
2420277	1
2420541	1
2422832	1
2423028	1
2423086	1
2423139	1
2423286	1
2424690	1
2425341	1
2425680	1
2426062	1
2426279	1
2426866	1
2427905	1
2428945	1
2429282	1
2429486	1
2430178	1
2431506	1
2431584	1
2432767	1
2433785	1
2434671	1
2436235	1
2436300	1
2437792	1
2438322	1
2439076	1
2441291	1
2441533	1
2442216	1
2442559	1
2443689	1
2444319	1
2445295	1
2445468	1
2446783	1
2446916	1
2447272	1
2447778	1
2447792	1
2448216	1
2448230	1
2448806	1
2449400	1
2450246	1
2450747	1
2452749	1
2452879	1
2453754	1
2454006	1
2454223	1
2454234	1
2454470	1
2455453	1
2457545	1
2457582	1
2458974	1
2459504	1
2460662	1
2460687	1
2462609	1
2462942	1
2464033	1
2465096	1
2465925	1
2466770	1
2467205	1
2467315	1
2467612	1
2469422	1
2469992	1
2470432	1
2470799	1
2474794	1
2475095	1
2477382	1
2477577	1
2478495	1
2479804	1
2480748	1
2481801	1
2481947	1
2483490	1
2486694	1
2486778	1
2488159	1
2490319	1
2493316	1
2493491	1
2505622	1
2506046	1
2509182	1
2509627	1
2511368	1
2518979	1
4176	2
10314	2
12469	2
18517	2
46305	2
59211	2
71257	2
84143	2
127324	2
131837	2
137460	2
148428	2
154649	2
156427	2
208772	2
232664	2
235327	2
237233	2
268643	2
290735	2
309416	2
311076	2
317797	2
321016	2
321415	2
334490	2
359176	2
391703	2
398821	2
427432	2
469910	2
472183	2
477565	2
490483	2
499835	2
506902	2
518338	2
518545	2
544180	2
548742	2
557797	2
558980	2
566187	2
582585	2
594585	2
599836	2
601869	2
606332	2
621527	2
629785	2
630385	2
632022	2
658042	2
674698	2
676173	2
679247	2
687823	2
692552	2
695734	2
720475	2
722238	2
723460	2
724077	2
736201	2
747712	2
765297	2
771534	2
791649	2
795259	2
803427	2
817937	2
843945	2
847368	2
853278	2
854893	2
855522	2
864887	2
875185	2
875543	2
903221	2
904094	2
939388	2
941066	2
964293	2
970692	2
972728	2
976440	2
985150	2
986452	2
990571	2
1000253	2
1011462	2
1011688	2
1015315	2
1016152	2
1020635	2
1042045	2
1050208	2
1051862	2
1055905	2
1062936	2
1071141	2
1073267	2
1083670	2
1100627	2
1112447	2
1130157	2
1139533	2
1143406	2
1169876	2
1174834	2
1175206	2
1181765	2
1184903	2
1192181	2
1196195	2
1210296	2
1213788	2
1227755	2
1245089	2
1249627	2
1254059	2
1254238	2
1258335	2
1259993	2
1263868	2
1267765	2
1267918	2
1291100	2
1294093	2
1294311	2
1302449	2
1310628	2
1323645	2
1351440	2
1353462	2
1367475	2
1372787	2
1381172	2
1381207	2
1386983	2
1387305	2
1395382	2
1398347	2
1400022	2
1407957	2
1424422	2
1429230	2
1436402	2
1443138	2
1445191	2
1445846	2
1468687	2
1474133	2
1474962	2
1476788	2
1483656	2
1484597	2
1493469	2
1494859	2
1498975	2
1504178	2
1508512	2
1510132	2
1511368	2
1512393	2
1514668	2
1514899	2
1518276	2
1537870	2
1539943	2
1541882	2
1542060	2
1546963	2
1554277	2
1557753	2
1561980	2
1564410	2
1580488	2
1585789	2
1586269	2
1587225	2
1600320	2
1604819	2
1607381	2
1607555	2
1610203	2
1613046	2
1613268	2
1620872	2
1637248	2
1640528	2
1641767	2
1649594	2
1656320	2
1668044	2
1672366	2
1677542	2
1681464	2
1684095	2
1690782	2
1695194	2
1696681	2
1700604	2
1701480	2
1702455	2
1702767	2
1703882	2
1709687	2
1710992	2
1719274	2
1719788	2
1721313	2
1722563	2
1723371	2
1743121	2
1743176	2
1746231	2
1748518	2
1754755	2
1756496	2
1757331	2
1759944	2
1764367	2
1765128	2
1768145	2
1774963	2
1778613	2
1780425	2
1782199	2
1785619	2
1788458	2
1788979	2
1789117	2
1794225	2
1798296	2
1811140	2
1811935	2
1814081	2
1817147	2
1817872	2
1834475	2
1836221	2
1836312	2
1839246	2
1842994	2
1851004	2
1855642	2
1855940	2
1865862	2
1868227	2
1882565	2
1887176	2
1897556	2
1913393	2
1915460	2
1918327	2
1918648	2
1919001	2
1922407	2
1925979	2
1930938	2
1936112	2
1937890	2
1938100	2
1940845	2
1941788	2
1945807	2
1945974	2
1947279	2
1947744	2
1951455	2
1955428	2
1958949	2
1963859	2
1966348	2
1968305	2
1968360	2
1968397	2
1969815	2
1970676	2
1971720	2
1972017	2
1974579	2
1975536	2
1982848	2
1986949	2
1986955	2
1988873	2
1995165	2
1997506	2
2002503	2
2009319	2
2009320	2
2009979	2
2023044	2
2029272	2
2030431	2
2031013	2
2031069	2
2033125	2
2033564	2
2035164	2
2035425	2
2037208	2
2042756	2
2048285	2
2048787	2
2049372	2
2055800	2
2056130	2
2057734	2
2059866	2
2063576	2
2064295	2
2072278	2
2074359	2
2084665	2
2084917	2
2089468	2
2089685	2
2090735	2
2094482	2
2094978	2
2096920	2
2097968	2
2100548	2
2101500	2
2105262	2
2106478	2
2108161	2
2111151	2
2113260	2
2115024	2
2124260	2
2126436	2
2127658	2
2127795	2
2134924	2
2140325	2
2140664	2
2143435	2
2144167	2
2145897	2
2150726	2
2151678	2
2151748	2
2154998	2
2155156	2
2155401	2
2155500	2
2155894	2
2156398	2
2157004	2
2157472	2
2158133	2
2159086	2
2160668	2
2160717	2
2160750	2
2161865	2
2163144	2
2167580	2
2170558	2
2170643	2
2172971	2
2175498	2
2179212	2
2181024	2
2182143	2
2183377	2
2183893	2
2184057	2
2184721	2
2186723	2
2187629	2
2188139	2
2188519	2
2188699	2
2193805	2
2194450	2
2196237	2
2196633	2
2197616	2
2199336	2
2199726	2
2204432	2
2206453	2
2209118	2
2211412	2
2211856	2
2213879	2
2219312	2
2219754	2
2223340	2
2225700	2
2228711	2
2228750	2
2228870	2
2229343	2
2230491	2
2233935	2
2235701	2
2236119	2
2237838	2
2242134	2
2243822	2
2243856	2
2244253	2
2247078	2
2247411	2
2248108	2
2248234	2
2251359	2
2251995	2
2252379	2
2255212	2
2258275	2
2261516	2
2261647	2
2264119	2
2266359	2
2267496	2
2267852	2
2273685	2
2275179	2
2279949	2
2283632	2
2288077	2
2288462	2
2288589	2
2289015	2
2294479	2
2297391	2
2298131	2
2303026	2
2304929	2
2313763	2
2316573	2
2318157	2
2319739	2
2321077	2
2321378	2
2321852	2
2322396	2
2324315	2
2325348	2
2327484	2
2329256	2
2331787	2
2333482	2
2334072	2
2334358	2
2337845	2
2339477	2
2340952	2
2346244	2
2348824	2
2349623	2
2352782	2
2355227	2
2357017	2
2361402	2
2362271	2
2364358	2
2364595	2
2365629	2
2368882	2
2371366	2
2371933	2
2374648	2
2378383	2
2384813	2
2386344	2
2394782	2
2396110	2
2396977	2
2400328	2
2400651	2
2401485	2
2405603	2
2411532	2
2415259	2
2417349	2
2417595	2
2417949	2
2421158	2
2422974	2
2426328	2
2427876	2
2429707	2
2430735	2
2431554	2
2431759	2
2435115	2
2435125	2
2438765	2
2442494	2
2445113	2
2445476	2
2446019	2
2447038	2
2447110	2
2447695	2
2452411	2
2452467	2
2453193	2
2454083	2
2456963	2
2460448	2
2464465	2
2464654	2
2465522	2
2466163	2
2466814	2
2468556	2
2468744	2
2469039	2
2469271	2
2474520	2
2474696	2
2475298	2
2477230	2
2478136	2
2479494	2
2483641	2
2485412	2
2487377	2
2487426	2
2487622	2
2487687	2
2488524	2
2491585	2
2494338	2
2494368	2
2494737	2
2496488	2
2496998	2
2498536	2
2498692	2
2498744	2
2498764	2
2503218	2
2508211	2
2508553	2
2509180	2
2509752	2
2510025	2
2510264	2
2513684	2
2514069	2
2514917	2
2518358	2
2519171	2
2520343	2
2523743	2
2524190	2
2524585	2
2525166	2
2527487	2
2528981	2
2529534	2
2533588	2
2542051	2
2543267	2
2544574	2
2544812	2
2547417	2
2547436	2
2548558	2
2548587	2
2550249	2
2550635	2
2554068	2
2554647	2
2555167	2
2555976	2
2557060	2
2558086	2
2559969	2
2564206	2
2565414	2
2567865	2
2569637	2
2571603	2
2573703	2
2577958	2
2579348	2
2581870	2
2582457	2
2582578	2
2585186	2
2586989	2
2588600	2
2589252	2
2590544	2
2590555	2
2591532	2
2595301	2
2595561	2
2603961	2
2606315	2
2609537	2
2610265	2
2613609	2
2615413	2
2619598	2
2631572	2
2631663	2
2654612	2
5260	3
5662	3
8474	3
20507	3
28275	3
33776	3
45461	3
87286	3
91876	3
140203	3
140454	3
149298	3
149407	3
164540	3
165020	3
209959	3
228282	3
272807	3
304043	3
319686	3
323100	3
335216	3
373096	3
389477	3
398032	3
405819	3
417321	3
418222	3
432355	3
434537	3
437036	3
446789	3
502177	3
509965	3
515918	3
516948	3
530075	3
540600	3
543490	3
546823	3
548403	3
564764	3
575447	3
607210	3
623230	3
634530	3
659511	3
672445	3
674961	3
676818	3
678144	3
688401	3
690256	3
691480	3
692361	3
705200	3
705842	3
723036	3
725429	3
734144	3
738009	3
741246	3
749405	3
751197	3
754735	3
767149	3
777580	3
792779	3
794855	3
797897	3
798610	3
801175	3
822060	3
829091	3
831656	3
835237	3
842726	3
847489	3
849595	3
861154	3
866805	3
869696	3
877420	3
905614	3
906298	3
907889	3
940732	3
946538	3
946792	3
958963	3
965096	3
975217	3
976229	3
982575	3
995497	3
996104	3
1001543	3
1008303	3
1010215	3
1028305	3
1034732	3
1039184	3
1040282	3
1041072	3
1045267	3
1052713	3
1057264	3
1072944	3
1075028	3
1081328	3
1084860	3
1086644	3
1089918	3
1103471	3
1116205	3
1116749	3
1134907	3
1157560	3
1161233	3
1170860	3
1171100	3
1171218	3
1184275	3
1187344	3
1198843	3
1218355	3
1227255	3
1230814	3
1235011	3
1246557	3
1247678	3
1254796	3
1258455	3
1271171	3
1273985	3
1274516	3
1283405	3
1301680	3
1312296	3
1313680	3
1315132	3
1319580	3
1320417	3
1320996	3
1332368	3
1337467	3
1340004	3
1340019	3
1346946	3
1365201	3
1370804	3
1371780	3
1371950	3
1379140	3
1382175	3
1401904	3
1424632	3
1429530	3
1430704	3
1434354	3
1437298	3
1441657	3
1443668	3
1446867	3
1449074	3
1449149	3
1458300	3
1462512	3
1463703	3
1473361	3
1483221	3
1484404	3
1484807	3
1487067	3
1489363	3
1489566	3
1490582	3
1497168	3
1500252	3
1500698	3
1510714	3
1511986	3
1522654	3
1522940	3
1524923	3
1526655	3
1529424	3
1534337	3
1535786	3
1539200	3
1542986	3
1548389	3
1548702	3
1554082	3
1556328	3
1561890	3
1565308	3
1568559	3
1573454	3
1578817	3
1583883	3
1584433	3
1587650	3
1591661	3
1600063	3
1604151	3
1604345	3
1606872	3
1607366	3
1608551	3
1613461	3
1631654	3
1636355	3
1637037	3
1649030	3
1650246	3
1650412	3
1654925	3
1657653	3
1663119	3
1666440	3
1666538	3
1670643	3
1671910	3
1675437	3
1680417	3
1682219	3
1682715	3
1683447	3
1689590	3
1702581	3
1711257	3
1713586	3
1723460	3
1724531	3
1729210	3
1730572	3
1735012	3
1735731	3
1735834	3
1736402	3
1737291	3
1738542	3
1742252	3
1743693	3
1751325	3
1752033	3
1753151	3
1758746	3
1760783	3
1772424	3
1775728	3
1777157	3
1783364	3
1786195	3
1787841	3
1788878	3
1796413	3
1804033	3
1810890	3
1812941	3
1819010	3
1819994	3
1822223	3
1823282	3
1823770	3
1825661	3
1831700	3
1831933	3
1846831	3
1848833	3
1857858	3
1858348	3
1860118	3
1864016	3
1872796	3
1888262	3
1891062	3
1896818	3
1904902	3
1905479	3
1907059	3
1908140	3
1908920	3
1909265	3
1912214	3
1918244	3
1921633	3
1921839	3
1923103	3
1923357	3
1925299	3
1930085	3
1930138	3
1935176	3
1937339	3
1937514	3
1940912	3
1945474	3
1947600	3
1948890	3
1950444	3
1954310	3
1956905	3
1957337	3
1960541	3
1969481	3
1971637	3
1974531	3
1976254	3
1978731	3
1981654	3
1982135	3
1986291	3
1986431	3
2001943	3
2011051	3
2016996	3
2019935	3
2024834	3
2027490	3
2030526	3
2031208	3
2031306	3
2032767	3
2033959	3
2034022	3
2034030	3
2034161	3
2038730	3
2041954	3
2045263	3
2047174	3
2048577	3
2050199	3
2050359	3
2051608	3
2052462	3
2053476	3
2057427	3
2058673	3
2058886	3
2060331	3
2062292	3
2063234	3
2066318	3
2070750	3
2071815	3
2073600	3
2078301	3
2079112	3
2081082	3
2084323	3
2084911	3
2088113	3
2090869	3
2092551	3
2097370	3
2097673	3
2098521	3
2098855	3
2102499	3
2102539	3
2104161	3
2109556	3
2112975	3
2113875	3
2115925	3
2117942	3
2120729	3
2122907	3
2126760	3
2128307	3
2129439	3
2130846	3
2131991	3
2135940	3
2141460	3
2141904	3
2143580	3
2143589	3
2146307	3
2149448	3
2159355	3
2159490	3
2160450	3
2161677	3
2163073	3
2163500	3
2164254	3
2165259	3
2166118	3
2172628	3
2177908	3
2178626	3
2178972	3
2179656	3
2179737	3
2179773	3
2181718	3
2188483	3
2189918	3
2191311	3
2193016	3
2193055	3
2197899	3
2198188	3
2198260	3
2204330	3
2205749	3
2207966	3
2208294	3
2213864	3
2215528	3
2216298	3
2217727	3
2222569	3
2226108	3
2227535	3
2228834	3
2229127	3
2230383	3
2232303	3
2233548	3
2235720	3
2236321	3
2244060	3
2246197	3
2246892	3
2247525	3
2247563	3
2247890	3
2248028	3
2253038	3
2260231	3
2265722	3
2268454	3
2269023	3
2269257	3
2278758	3
2282625	3
2282948	3
2284009	3
2284981	3
2286700	3
2288845	3
2289478	3
2290833	3
2294282	3
2295650	3
2299317	3
2301006	3
2306756	3
2308044	3
2308388	3
2310107	3
2310269	3
2311776	3
2313129	3
2314890	3
2315882	3
2318583	3
2321214	3
2322215	3
2326436	3
2326819	3
2330392	3
2333468	3
2333693	3
2336422	3
2341420	3
2342248	3
2342424	3
2343250	3
2344579	3
2346344	3
2346817	3
2348312	3
2353031	3
2355688	3
2355915	3
2360733	3
2365485	3
2370770	3
2370930	3
2373314	3
2373339	3
2375094	3
2379375	3
2379444	3
2382689	3
2383613	3
2384803	3
2386743	3
2388905	3
2389206	3
2391043	3
2392457	3
2393383	3
2393431	3
2399220	3
2399483	3
2400845	3
2404538	3
2407752	3
2408712	3
2408988	3
2415480	3
2418257	3
2419323	3
2420359	3
2420705	3
2424580	3
2425864	3
2426747	3
2427455	3
2427887	3
2427903	3
2430185	3
2432754	3
2434563	3
2435871	3
2436996	3
2438090	3
2438853	3
2443962	3
2444670	3
2448069	3
2453381	3
2453621	3
2453850	3
2453946	3
2454022	3
2455500	3
2455745	3
2458045	3
2458090	3
2460582	3
2464036	3
2464768	3
2466169	3
2467160	3
2468267	3
2468534	3
2469322	3
2474334	3
2474463	3
2475268	3
2476062	3
2480790	3
2484064	3
2484070	3
2484331	3
2485022	3
2488087	3
2489376	3
2492028	3
2494126	3
2494277	3
2498785	3
2498839	3
2499812	3
2502438	3
2502765	3
2504794	3
2505665	3
2506429	3
2506690	3
2508571	3
2515033	3
2521286	3
2525177	3
2525341	3
2527614	3
2536712	3
2538272	3
2538398	3
2540146	3
2545463	3
2548068	3
2550199	3
2553401	3
2564548	3
2567087	3
2570105	3
2579862	3
2580125	3
2581418	3
2588115	3
2590177	3
2590508	3
2590758	3
2591831	3
2593379	3
2602504	3
2610082	3
2612969	3
2617956	3
2618648	3
2639876	3
2640829	3
2650520	3
2662167	3
2665503	3
2672016	3
2674503	3
2786560	3
