1
2
784
866
1573
2440
2532
2636
3535
3536
3539
3547
3563
3564
3565
3723
4095
4096
4097
4117
4369
6859
6860
6861
6868
3
4
6
11
20
72
5
9
10
12
13
14
17
21
22
25
26
27
28
31
33
35
40
45
46
47
50
51
52
59
60
62
65
75
78
85
96
98
99
101
118
143
145
161
162
185
191
196
230
233
240
249
252
266
270
271
282
315
321
323
325
332
378
383
400
407
424
432
433
436
532
533
537
594
616
626
652
661
665
685
687
688
689
698
703
739
740
764
768
786
808
834
840
841
850
854
857
881
882
910
911
918
939
940
970
973
1031
1061
1089
1104
1106
1279
1312
1348
1351
1364
1376
1379
1391
1469
1470
1475
1490
1495
1514
1549
1583
1592
1609
1648
1679
1680
1681
1682
1697
1698
1740
1744
1777
1785
1857
1866
1876
1889
1894
1898
1902
1944
2092
2109
2113
2124
2153
2222
2226
2238
2244
2259
2345
2364
2376
2384
2399
2412
2431
2435
2437
2438
2441
2530
2531
2551
2607
2615
2649
2683
2713
2715
2749
2755
2757
2843
2911
2988
3031
3057
3120
3127
3244
3261
3267
3297
3299
3306
3335
3454
3455
3483
3486
3487
3518
3519
3524
3574
3584
3656
3661
3669
3682
3698
3773
3925
3976
3991
3994
4070
4073
4122
4129
4134
4135
4140
4142
4143
4244
4245
4281
4418
4437
4695
4748
4755
4767
4932
5160
5161
5162
5184
5202
5206
5295
5334
6274
6317
6370
6424
7
8
463
15
16
41
54
55
58
76
610
904
4886
18
19
611
1004
1256
1903
1904
1972
4367
23
24
37
38
104
29
34
39
42
43
49
53
61
64
67
71
80
81
84
86
87
92
93
112
113
121
122
123
124
125
127
128
131
133
134
137
146
147
148
156
158
163
165
168
169
171
172
173
176
178
181
183
186
187
192
197
201
204
206
207
210
211
212
214
216
217
218
253
256
257
259
264
265
267
272
273
274
275
276
277
280
284
288
293
295
298
303
306
309
313
316
329
331
333
334
339
340
342
350
357
360
366
367
369
374
380
384
389
398
403
404
409
410
411
412
413
415
417
419
420
422
429
431
435
437
449
471
474
475
476
478
485
490
492
496
497
499
500
501
515
523
527
531
539
541
542
545
547
550
551
556
561
565
567
568
570
571
578
602
603
606
622
632
635
638
639
646
647
660
670
673
677
690
692
702
706
709
717
719
721
722
726
752
753
755
766
772
774
785
789
810
813
815
832
843
844
862
863
867
877
883
887
892
895
898
902
903
905
908
915
921
942
947
949
963
966
974
978
980
982
987
1000
1001
1003
1008
1022
1024
1028
1050
1054
1055
1056
1057
1064
1066
1073
1083
1087
1090
1091
1095
1096
1102
1103
1111
1114
1115
1123
1129
1131
1132
1156
1163
1171
1187
1190
1194
1195
1201
1204
1205
1208
1210
1216
1223
1231
1234
1235
1236
1237
1240
1248
1249
1269
1271
1273
1290
1293
1294
1296
1300
1308
1314
1317
1319
1320
1322
1323
1324
1350
1352
1353
1357
1363
1368
1389
1390
1392
1398
1399
1401
1402
1405
1430
1432
1434
1435
1438
1439
1440
1441
1445
1447
1449
1455
1457
1458
1459
1460
1464
1471
1473
1474
1507
1510
1531
1533
1534
1541
1551
1560
1561
1563
1564
1565
1569
1570
1571
1575
1576
1578
1584
1585
1588
1590
1604
1613
1615
1643
1646
1647
1649
1650
1663
1668
1686
1687
1689
1690
1700
1711
1719
1722
1729
1731
1739
1743
1745
1746
1747
1748
1750
1754
1758
1764
1768
1770
1771
1772
1773
1774
1780
1784
1787
1790
1796
1800
1801
1806
1828
1830
1831
1832
1835
1836
1837
1840
1842
1843
1845
1846
1848
1851
1862
1863
1869
1873
1878
1879
1882
1884
1886
1887
1888
1906
1909
1921
1923
1924
1927
1928
1930
1933
1937
1939
1940
1954
1956
1959
1974
1977
1978
1979
1980
1987
1989
1991
1995
1999
2003
2006
2007
2013
2018
2025
2028
2029
2032
2034
2036
2053
2054
2055
2060
2062
2065
2068
2069
2070
2072
2076
2080
2082
2083
2089
2091
2097
2099
2102
2104
2106
2108
2110
2111
2112
2114
2120
2130
2134
2140
2145
2146
2181
2184
2186
2189
2191
2198
2199
2200
2206
2207
2209
2219
2228
2229
2232
2233
2235
2236
2240
2241
2245
2246
2247
2262
2266
2273
2280
2281
2284
2291
2292
2298
2302
2303
2304
2310
2312
2313
2315
2317
2319
2326
2333
2336
2358
2359
2366
2371
2372
2375
2379
2383
2388
2389
2390
2391
2393
2398
2404
2409
2411
2414
2419
2420
2426
2427
2446
2448
2453
2454
2462
2468
2470
2479
2480
2483
2490
2491
2492
2498
2509
2510
2514
2517
2522
2526
2537
2543
2550
2553
2554
2556
2557
2558
2560
2562
2563
2564
2565
2582
2585
2587
2591
2593
2611
2624
2627
2634
2635
2637
2641
2642
2645
2663
2667
2668
2670
2677
2680
2681
2691
2692
2693
2694
2695
2697
2707
2708
2712
2726
2729
2735
2737
2740
2743
2744
2760
2768
2772
2777
2778
2779
2783
2793
2799
2800
2804
2806
2807
2811
2812
2814
2817
2818
2829
2831
2832
2842
2861
2865
2873
2880
2882
2883
2892
2894
2898
2904
2905
2907
2925
2927
2934
2935
2946
2952
2958
2961
2962
2963
2965
2966
2967
2968
2969
2975
2987
2990
2991
2992
2993
3001
3018
3024
3026
3029
3035
3037
3045
3049
3052
3055
3077
3086
3090
3098
3101
3108
3124
3132
3137
3144
3148
3154
3161
3165
3179
3186
3188
3198
3204
3206
3216
3217
3220
3248
3250
3253
3257
3262
3266
3280
3289
3290
3291
3298
3303
3312
3313
3328
3329
3333
3350
3352
3363
3365
3366
3367
3368
3369
3379
3380
3383
3413
3415
3427
3428
3440
3442
3446
3475
3480
3484
3497
3501
3503
3509
3513
3516
3543
3605
3614
3619
3621
3624
3636
3641
3645
3684
3709
3718
3724
3733
3737
3742
3746
3747
3748
3753
3757
3771
3778
3791
3794
3796
3832
3835
3836
3859
3878
3889
3907
3937
3946
3954
3960
3980
3992
3993
3997
4004
4029
4055
4059
4060
4067
4077
4078
4086
4103
4106
4108
4110
4167
4171
4180
4181
4195
4215
4216
4217
4239
4250
4291
4327
4329
4337
4342
4346
4352
4368
4417
4419
4447
4454
4463
4470
4477
4478
4480
4483
4485
4488
4507
4511
4519
4559
4573
4630
4639
4648
4651
4653
4678
4680
4684
4688
4689
4717
4718
4733
4743
4757
4769
4771
4772
4831
4832
4833
4834
4847
4855
4856
4861
4868
4870
4879
4889
4908
4909
4911
4920
4958
4980
4982
4987
4988
4989
4990
4997
5008
5012
5014
5066
5123
5131
5189
5198
5227
5253
5308
5470
5503
5737
5886
5915
6049
6327
6811
7108
30
640
744
807
860
906
976
984
985
1046
1063
1068
1263
1270
1343
1354
1356
1360
1393
1481
1536
1552
1716
1885
1919
1920
2216
2260
2475
2580
2583
2776
2825
2944
2947
2949
2953
3080
3210
3260
3325
3332
3336
3403
3463
3511
3512
3587
3602
3618
4137
4186
4201
4202
4967
32
36
48
428
453
575
5369
44
285
664
2137
56
57
68
73
79
90
126
130
135
136
140
144
177
190
198
281
287
294
314
343
345
763
775
787
835
847
899
901
907
909
924
929
944
953
1043
1052
1097
1180
1246
1421
1427
1488
1546
1593
1596
1756
1769
1852
1855
2320
2331
2353
2378
2433
2436
2450
3075
3076
3192
3230
3315
3416
3460
3474
3478
3479
3792
3816
3845
3932
4168
4229
4270
4282
4401
4815
7178
63
66
102
139
170
526
935
979
1265
1341
1562
1591
1616
1683
2408
2568
2650
2830
2837
2841
2872
3043
3194
3414
3423
3596
3721
3786
4185
4255
4432
4433
4443
69
109
110
226
290
291
307
356
358
359
386
390
391
405
445
519
572
574
612
619
648
649
667
743
790
791
812
817
821
825
1067
1182
1192
1218
1275
1283
1523
1775
1794
1807
1812
1867
1877
1883
1908
1917
1938
1965
1971
1992
2037
2056
2133
2135
2150
2156
2277
2324
2527
2567
2579
2581
2592
2609
2821
2977
3005
3107
3228
3292
3295
3314
3391
3400
3401
3412
3732
3763
3854
4098
4114
4145
4238
4264
4275
4300
4325
4332
4415
4421
4448
4578
4626
4676
4692
4693
4703
4715
4727
4728
4729
4742
4992
5298
5506
5736
5994
6329
6330
6331
6723
70
74
77
174
175
189
215
239
299
302
322
349
559
607
842
845
1009
1015
1036
1069
1075
1079
7105
82
91
864
83
95
105
106
111
116
152
182
184
195
232
243
246
268
278
283
297
312
353
423
450
454
458
459
465
483
491
498
524
560
820
889
894
937
955
1058
1133
1174
1188
1199
1215
1217
1621
1641
1665
1833
1934
1969
2088
2105
2334
2716
3056
3074
3089
3150
3157
3158
3167
3201
4543
4686
4923
5287
5299
5351
5475
5885
88
103
120
138
388
89
150
151
154
222
228
234
238
260
444
629
630
731
751
900
922
923
931
991
1136
1137
1162
1178
1264
1450
1497
1502
1503
1598
1975
2000
2015
2046
2275
2311
2377
2442
2452
2495
2528
2538
2639
2785
2822
2866
3168
3218
3234
3307
3492
3510
3529
3966
4146
4413
4928
94
179
221
317
597
637
738
760
1121
1167
1521
1589
1594
1600
1696
1709
1725
1817
1819
1821
1895
1918
1981
2011
2293
2322
2339
2722
4435
4441
4450
4473
4475
4524
4558
4824
4995
97
108
231
261
2096
2279
2346
100
193
194
203
224
227
236
438
1120
1268
1297
1306
1905
1993
2087
2407
2439
2463
2780
2857
2881
3389
3458
3622
3626
3743
4107
4113
4461
107
142
164
114
117
141
149
188
447
694
972
1122
1169
1528
1574
1580
2428
115
153
292
296
119
310
461
480
1125
1145
1155
1818
2255
2603
2908
3053
3384
3864
4333
4334
129
132
155
157
166
167
180
199
200
202
208
219
223
225
229
286
300
338
348
381
385
387
394
396
399
406
439
443
457
460
466
467
488
503
512
520
522
535
552
580
582
595
601
617
625
634
636
678
696
716
718
720
724
729
732
735
746
756
771
823
828
855
871
874
886
888
890
916
920
927
960
983
988
993
1026
1040
1080
1119
1126
1143
1150
1161
1173
1175
1183
1184
1203
1207
1211
1238
1247
1261
1266
1286
1298
1311
1318
1321
1325
1331
1375
1394
1395
1397
1451
1477
1479
1496
1516
1517
1518
1520
1605
1611
1626
1630
1637
1639
1644
1661
1718
1720
1723
1761
1762
1776
1786
1791
1792
1793
1834
1849
1891
1907
1925
1931
1935
1953
1966
1967
1976
1985
1994
1997
2002
2012
2045
2047
2048
2051
2074
2084
2098
2100
2101
2107
2125
2128
2142
2149
2151
2154
2160
2162
2163
2168
2178
2185
2202
2220
2223
2230
2239
2243
2295
2297
2343
2344
2396
2423
2444
2451
2467
2471
2472
2473
2506
2525
2539
2544
2545
2549
2561
2566
2589
2598
2601
2608
2669
2671
2673
2678
2687
2730
2738
2742
2750
2752
2790
2858
2875
2877
2889
2895
2956
2973
2984
2995
2999
3003
3004
3014
3058
3060
3084
3094
3118
3133
3139
3149
3152
3231
3284
3293
3317
3396
3464
3468
3476
3477
3520
3551
3559
3567
3568
3569
3573
3613
3615
3638
3671
3703
3712
3716
3727
3728
3730
3891
3897
3901
3904
3906
3930
3983
4054
4057
4111
4149
4156
4164
4407
4442
4446
4449
4504
4533
4538
4549
4584
4597
4647
4679
4690
4696
4699
4712
4719
5153
5220
5226
5242
5244
5249
5256
5273
5284
5694
5888
6817
6818
6819
6820
159
160
244
245
247
301
1226
1309
205
235
504
506
540
562
589
605
642
762
816
822
827
926
1101
1139
1221
1258
1788
1936
1943
1961
2022
2042
2402
2424
2466
3088
3342
3473
3720
3843
4884
209
213
220
248
263
344
354
372
392
426
442
472
549
553
555
645
653
654
657
666
669
681
699
708
896
1267
1301
1304
1307
1484
1554
1559
1579
1838
1880
1901
1945
1960
2131
2132
2604
2618
2688
2763
2798
3130
3140
3422
3521
4068
4138
4803
4948
237
421
446
448
513
518
558
596
631
986
1060
1386
1501
1553
1707
1820
1962
1964
2948
3102
3104
3110
3209
241
311
324
326
336
778
1623
1694
4203
4223
242
289
337
351
1313
1545
1741
1755
1963
2024
2027
2926
3392
250
251
427
254
255
258
809
936
941
943
1041
1431
1480
1870
262
930
269
279
305
704
705
1429
1871
3259
3945
4278
4394
304
712
865
2129
308
318
425
441
462
473
477
489
508
511
593
614
627
679
683
964
967
968
1002
1047
1059
1127
1128
1179
1193
1197
1230
1233
1239
1253
1272
1295
1299
1303
1316
1326
1428
1491
1547
1595
1738
1802
1824
1826
1841
1858
1896
2094
2126
2136
2147
2179
2213
2254
2283
2285
2309
2370
2666
2717
2765
2767
2782
2828
2835
2886
2996
3103
3106
3114
3340
3343
3409
3696
3818
3823
3936
4104
4236
4641
4646
4650
4666
4730
4805
4809
4829
4854
4857
4876
4883
5695
5697
7179
319
320
502
538
1529
1674
1676
327
341
346
365
370
371
469
548
680
925
1032
1305
1422
1437
1492
1508
1844
2031
2195
2231
2248
2265
2643
2651
2684
2746
2951
2954
3276
3394
3402
4015
4030
4031
4032
4148
328
335
373
382
592
672
693
741
1070
2187
2753
330
352
355
361
368
376
401
402
418
451
452
481
482
484
529
534
536
609
613
615
662
725
733
736
737
745
781
782
793
799
811
814
831
846
849
851
875
878
879
934
945
952
965
1018
1021
1112
1116
1241
1929
1941
1942
1947
1952
1968
2119
2308
2329
2337
2361
2363
2367
2394
2395
2405
2455
2458
2461
2485
2493
2515
2534
2599
2625
2626
2630
2644
2648
2652
2654
2725
2727
2764
2824
2847
2876
2878
3019
3027
3036
3039
3126
3213
3214
3275
3377
3393
3398
3407
3459
3472
3488
3545
3750
3784
3805
3825
3829
3831
3841
3866
3871
3896
3917
3959
3961
3962
3967
4008
4035
4199
4321
4460
4493
4498
4499
4590
4778
4835
4846
5011
5022
5865
5868
5938
6028
6163
347
363
364
468
933
1042
1065
1250
1337
1338
1373
1425
1634
1688
1799
2167
2175
2249
2316
2362
2600
2656
2657
2700
2964
4331
4491
362
375
377
397
440
514
544
379
2294
2702
393
414
1525
1675
395
563
776
408
5368
416
759
1010
1017
2103
2190
2299
2300
2301
2410
2418
2658
2913
3977
4000
4162
430
455
456
486
516
517
521
525
528
543
577
783
829
830
858
876
912
1006
1012
1110
1148
1149
1157
1196
1206
1222
1242
1243
1244
1291
1333
1334
1336
1340
1349
1369
1377
1478
1486
1511
1587
1606
1608
1610
1617
1642
1666
1781
1890
1915
1916
1922
1946
1950
1970
2004
2005
2058
2064
2066
2067
2079
2305
2307
2575
2576
2770
2784
2787
2815
2850
2852
2901
3242
3330
3344
3557
3616
3630
3678
3710
3915
4021
4034
4039
4074
4438
4720
5294
434
487
505
507
530
734
818
839
1485
1539
1808
1811
1892
1982
2820
2914
2929
2950
5364
5398
5416
5417
464
590
470
510
564
566
604
628
674
824
833
880
1098
1164
1191
1515
2494
2511
2741
2816
3034
3041
3116
3125
3334
3502
3540
3697
4677
7180
479
676
1160
1170
2477
2524
2535
2542
2931
3068
3370
3390
3530
493
494
495
509
546
554
569
663
675
684
557
1025
1051
1062
1076
1078
1245
1287
1535
1542
1555
1557
1670
1672
1809
1815
2193
2251
2289
2332
2432
2513
2569
2574
2584
2766
2802
2813
2838
2839
2840
2868
2871
2884
2888
2890
2891
2897
2903
2906
2980
2982
2983
2986
2997
2998
3079
3085
3095
3268
3308
3311
3418
3421
3425
3426
3429
3493
3494
3495
3498
3515
3522
3526
3527
3528
3538
3546
3554
3555
3556
3577
3579
3580
3590
3611
3648
3658
3666
3668
3674
3691
3702
3704
3780
3815
3817
3827
3840
3847
3850
3851
3933
3939
3943
3974
3979
4011
4012
4014
4022
4027
4036
4061
4063
4064
4076
4109
4136
4139
4163
4165
4248
4252
4280
4297
4306
4307
4308
4320
4326
4340
4341
4344
4348
4364
4365
4398
4404
4410
4411
4430
4431
4453
4486
4521
4548
4564
4568
4582
4583
4625
4633
4659
4668
4674
4701
4779
4793
4798
4799
4842
4859
4899
4917
5218
5237
5240
5241
5257
5277
5283
5285
5292
5293
5306
5310
5331
5456
5458
5605
5645
5647
5654
5724
5727
5731
5738
5861
5863
5869
5870
5902
5903
5917
5923
5934
5936
5992
6002
6009
6259
6276
6309
6310
6323
6387
6389
6475
6597
6603
6661
6664
6666
6710
6731
6778
6804
6815
6892
7106
573
576
579
581
584
587
591
600
658
758
765
767
1763
1778
1782
1804
1850
1859
2039
2115
2122
2176
2215
2258
2264
2267
2282
2541
2594
2610
2699
2710
3162
3221
3254
3300
3443
3797
3806
3807
3811
3830
4542
4546
4603
4845
583
3223
4464
585
586
588
620
643
695
1227
1232
1260
1380
1406
1416
1426
1500
1631
1636
2323
2356
2357
2976
3649
4284
4285
4286
4414
4783
4821
4841
5770
6645
598
599
1105
1618
1633
3741
3765
3779
3781
608
618
623
624
633
644
730
747
749
761
773
856
1108
1135
1147
1362
1467
1847
2019
2252
2268
2270
2272
2274
2685
2855
3211
3351
3922
4373
4440
4456
4457
4505
6805
621
656
700
701
748
777
819
837
1251
1252
1292
1466
1472
1912
1932
2342
2365
2392
2518
2529
2570
3067
3073
3163
4525
5802
5818
6515
641
650
651
655
682
711
714
715
723
742
750
754
769
788
1146
2590
2705
2734
3007
3240
3278
3302
3337
3360
3449
3482
3490
3531
3542
3617
3705
3755
3788
3803
3809
3849
3861
3862
3880
3924
3949
4246
4314
4397
659
780
826
668
671
1037
1118
2675
2686
686
2172
691
727
728
779
697
707
710
713
1302
1476
3606
3620
3646
3676
757
1285
1310
1315
1366
3232
770
838
852
1519
1532
1537
1558
1568
1582
1805
2016
2090
2614
2920
792
794
795
796
797
798
800
801
802
803
804
805
806
2397
2794
836
848
853
891
893
950
961
962
1007
1033
1039
1077
1113
1176
1177
1200
1225
1371
1409
1410
1448
1482
1487
1494
1499
2049
2050
2093
2095
2791
2900
3091
3269
3301
3305
3319
3445
3461
3462
3708
3726
3877
3887
3902
3984
3989
4009
4723
4893
4897
5163
5271
5652
5660
6010
6023
6050
6154
6155
6332
6481
6514
6757
7153
859
969
1742
1827
2155
861
868
869
870
872
913
873
884
885
5370
897
914
917
1159
919
1344
5127
928
994
1044
1045
1049
1092
1093
932
938
948
951
958
981
999
1019
1020
1027
1030
1035
1094
1107
1109
1138
1140
1144
1154
1166
1505
1607
1654
1726
1797
1810
1822
1823
1988
1990
2020
2165
2169
2170
2234
2257
2288
2335
2501
2520
2586
2619
2640
2647
2928
3145
3205
3237
3241
3249
3282
3296
3316
3376
3399
3430
3448
3457
3686
4037
4038
4042
4065
5358
5739
5760
6238
6347
946
1086
954
1099
1342
1629
2075
2416
2747
3287
3397
3410
3635
3673
3978
4028
4700
4711
5686
5693
5878
956
989
957
959
1005
1347
1452
1453
1454
1461
1465
1504
1506
1530
1853
1856
1872
1875
2177
2180
2208
2263
2306
2449
4509
4602
4610
4631
4657
4662
4704
4734
4736
7181
7182
7184
971
3770
975
1327
1328
1370
1699
977
1759
5366
990
996
992
997
998
1088
1385
4570
4593
4607
4609
995
1014
1181
1278
1339
1358
1433
1603
2664
2919
3121
3274
4423
1011
1013
1142
1151
1016
1029
1034
1038
1048
1053
1081
1100
1023
1071
1072
1074
2296
2340
2559
3762
3800
1082
1085
1255
1084
1388
1684
1721
1732
1752
1753
1795
2261
2314
2318
2321
2382
2400
3016
3433
1117
1165
1276
1330
1124
1130
1134
1153
1198
1202
1329
1728
2026
2148
2773
3010
3354
1141
1152
1186
1209
1656
1657
1658
1659
1662
1664
1673
2192
2196
2197
2201
2203
2210
2478
2826
2909
3048
3054
3061
3155
3735
3958
3982
4273
4339
4393
4497
4501
5210
5216
5219
5224
5265
1158
1172
1220
2413
2578
3364
3374
1168
1219
1224
2063
2086
3141
1185
1212
1213
1214
1228
1229
2017
2660
1189
1254
1489
1257
1651
1671
1714
2516
1259
1359
1420
1602
1951
2001
2008
2010
2033
2043
2044
3013
3030
3046
3051
4159
1262
1345
1404
1417
1436
2173
2174
2183
2194
2218
2540
2548
2732
2745
2796
3081
3285
3286
3523
3550
3560
3766
3926
3929
3968
4210
4510
4632
1274
1277
1282
1288
1384
1456
1524
1280
1281
1284
1289
1332
1335
1346
1396
1418
1355
1540
1361
1419
1897
1365
1367
1381
1383
1403
1408
1412
1413
1414
1415
1638
1645
2138
2141
2164
2809
2823
2833
2854
3164
3348
3405
3432
3470
3491
1372
1411
1423
1424
1446
1483
1512
1513
5367
1374
1382
1407
1522
1527
1538
1581
1724
1736
1749
1798
1864
1865
2159
2217
2250
2401
2709
2731
2808
2827
3097
3119
3327
3553
3578
3689
3985
4071
4075
4299
4322
4520
4534
4577
1378
1566
1387
1443
1493
1400
1442
1444
1463
1567
1462
1572
1612
1692
2769
2774
3995
1468
1498
1509
1685
2009
2057
2116
2121
2182
2188
2204
2205
2325
2327
2330
2381
2386
2387
2720
2733
3868
4232
4292
4894
4901
4902
1526
1640
1669
2278
1543
1544
5791
5928
5937
5982
1548
1550
1622
1625
1678
3142
3183
1556
2380
2421
2430
2464
1577
1586
1597
1695
1713
1599
1614
1691
1710
1730
1825
1900
2227
2269
2290
2434
3100
3582
3592
3804
1601
3839
3848
3852
1619
1628
2621
2622
2653
2701
2719
2721
2728
2739
3202
3212
3627
3628
1620
1624
1627
1868
1632
1712
1733
1734
2602
2704
2724
2736
2751
3134
3272
3288
4495
4586
4595
5407
1635
2662
3294
1652
1653
3229
1655
1996
2030
2127
2508
2573
2605
3881
3900
4295
4643
1660
2014
1667
1677
1693
1706
1708
2256
2271
1701
1760
1881
1702
1703
1704
1705
1874
1715
1766
1789
1803
1899
1717
1765
1829
1948
2071
3197
3438
1727
1893
1949
1955
1984
2276
2341
2349
2355
2368
2369
2403
2445
2447
2489
2502
2756
2762
2874
2916
2959
3064
4024
4261
1735
1737
1757
1779
1751
1767
1783
1813
1816
1854
2633
1814
4193
1839
1860
2038
2482
3243
3245
3637
3798
3810
3860
1861
1910
1911
1913
1914
1957
2786
2789
3196
6484
6486
1926
1958
2021
2023
2459
1973
1998
2035
2073
2417
2519
2546
2834
2856
2912
2915
2985
3011
3072
3175
1983
2632
2659
2661
2665
2863
2867
3138
4017
4018
4019
4020
4081
4082
5036
1986
2040
4026
2041
2117
3970
2052
2059
2061
2077
2922
2981
2078
2081
2085
2503
2859
3233
3246
2118
2123
2139
2144
2152
2157
2143
2171
2348
2158
2161
2166
2221
2224
2253
2286
2287
2338
2352
2406
2469
2474
2523
3131
3166
3942
2211
3566
4378
2212
2225
2689
2696
2214
2328
3322
2237
2242
3951
3955
3956
3975
2347
2706
2849
2885
2899
3199
3222
3505
3541
3549
3552
3558
3561
3562
3586
3787
3971
2350
3499
3514
3533
3548
2351
2354
2360
2373
3002
3695
2374
2385
2415
2429
2443
2460
2577
2606
2613
2623
2629
2638
2646
2676
2703
2723
2775
2970
2974
3063
3195
3238
3252
3263
3281
3318
3320
3466
3467
3481
3597
3634
3663
3863
4010
4044
4050
4051
4100
4130
4213
4219
4741
5033
5092
5129
5164
5855
5898
2422
3969
2425
2456
2457
2465
2500
2505
2507
2476
2481
2484
2486
2487
2496
2488
2497
2499
2547
3078
2504
2512
2521
2536
2533
3595
3599
3601
5296
5350
2552
3071
3113
3224
3225
3239
3273
3372
3506
3532
3610
3625
3631
3775
3793
4351
4356
4375
4515
4523
4531
4697
4710
4714
4722
4825
4836
4837
4965
5159
5619
2555
2616
2674
3181
2571
2572
2617
2620
2682
2588
2595
2596
2597
2631
2864
4476
2612
2679
2628
3227
2655
2672
2788
2819
2690
2698
2711
2714
2718
3768
3996
3999
4224
2748
4304
4317
4336
4380
2754
2917
3279
3326
3331
3940
4049
4634
4807
4816
2758
2759
2761
4043
4235
4242
4247
4355
4390
4536
4731
4747
4780
4896
5246
5247
5424
2771
3258
2781
2851
2893
2896
2924
3537
3572
3821
2792
2795
2797
2805
2801
2803
2810
2921
2994
4469
4484
4530
2836
2879
2941
2955
3006
3028
3096
2844
2862
2845
2945
3023
2846
2853
2848
2918
2860
2943
2869
2870
2887
2902
2910
2923
2930
3639
2932
3640
3642
2933
2939
2972
4125
2936
2979
3914
3973
2937
2978
3009
2938
3341
2940
2942
2957
4127
4132
2960
3255
3270
3738
4150
4152
2971
2989
3017
3047
3092
3115
3355
3373
3388
3604
3623
3633
3677
4277
5046
3000
3021
3025
3171
3339
3008
3015
3012
3020
3050
4387
4716
4974
4978
5035
5038
5139
6427
3022
3069
3032
3033
3038
3040
3571
3042
3044
3087
3112
3147
3191
3226
3235
3256
3362
4444
3059
3062
3065
3070
3082
4047
4370
4377
4422
4439
4452
4563
4904
5062
5117
5143
3066
3184
3083
3117
3123
3143
3193
3865
4182
4539
4567
4580
4585
4850
5356
5883
3093
3136
3151
3153
3173
4093
4099
4105
4158
4160
4176
4212
4222
4262
4263
3099
3105
3176
3187
3378
3395
3404
3694
4429
3109
4197
3111
3129
4153
4154
4173
4174
4362
3122
3419
3420
3128
3135
3146
3215
3465
3508
3609
3692
3828
4119
4288
4376
3156
3178
3159
3160
3169
3174
3576
3170
3172
3177
5365
3180
3190
3219
3182
3931
3185
3189
3846
3857
3200
3525
3203
3207
3251
3323
4120
3208
3349
3236
3247
3271
3722
3264
3265
3277
3283
4544
4566
3304
3309
3310
3324
3321
3353
3356
3357
3358
3381
3386
3387
3338
3346
3375
3434
3345
3485
3802
3808
3844
3879
3895
4268
4848
4984
3347
3359
3361
3441
3371
3382
3408
3424
3435
3436
3437
3439
3489
3570
3707
3759
3785
3819
4001
4124
4445
4503
4777
4781
4935
5268
5532
5584
5935
6371
3385
3406
3411
3417
5363
3431
3690
3814
3911
3944
3444
3452
4644
3447
3450
3451
3500
3453
3683
3736
3905
3986
3987
3988
3456
3469
3471
3496
3504
3507
3517
4529
5170
5196
3534
4048
4085
4088
4090
4204
4208
4234
3544
3575
3612
3654
3729
3795
4041
3581
3688
3957
3964
4745
4768
3583
3585
3594
3644
3588
3591
5362
3589
3593
3598
3629
3600
3603
3749
3607
4052
4053
4066
4287
4374
4817
3608
3687
3912
4069
3632
3643
3745
4569
3647
3650
3651
3652
3659
3664
3667
3681
3685
3693
3699
3739
3653
3655
3657
3670
3719
3660
3715
3717
3662
3665
3672
3675
4547
5359
3679
3680
3700
4826
3701
3711
3731
4535
3706
3870
3882
3713
3714
3725
3734
3789
3740
3799
3744
3754
3776
3782
3824
3833
4003
3751
3752
3760
3761
3756
3758
4746
3764
3767
3842
3948
5100
3769
3884
3885
3934
4642
4891
3772
4545
4550
3774
3777
3783
4265
4266
4298
4305
4338
4345
4350
4354
3790
3903
5549
5556
5635
6362
6391
6396
6558
6784
3801
3812
3813
3834
3820
3822
4794
3826
3837
3856
3838
3853
3855
3858
3910
3867
3869
3886
3941
3872
3883
3890
3892
3899
3920
3938
3953
3873
3874
3876
3963
4763
3875
3888
3919
4023
4033
3893
3894
3898
3908
3909
3913
3916
3921
5360
3918
3927
3947
3965
3972
4005
4006
4013
4058
4079
4094
4123
4200
4225
4226
4227
4228
4230
4233
4251
4272
4274
3923
3928
3935
3950
3952
3981
3990
4002
4118
4189
4209
4221
3998
4007
4016
4025
4040
4141
4178
4045
4080
4083
4092
4101
4046
4056
4269
4290
4301
4323
4371
4388
4062
4072
4084
4087
4089
5323
4091
4131
4102
4151
4161
4175
4391
4395
4458
4574
4579
4587
4591
5217
4112
4115
4133
4116
4126
4121
4128
4144
4177
4147
4172
4258
4260
4315
4416
4813
4840
4866
5251
5258
5377
5394
5740
5746
4155
4157
4166
4169
4170
4179
4183
4184
4328
4187
4188
4190
4237
4240
4293
4361
4191
4206
4211
4218
4283
4192
4249
4194
4196
4198
4205
4276
4207
4257
4309
4540
4214
4360
4220
4319
4231
4241
4243
4253
4254
4256
4357
4358
4359
4366
4372
4259
4267
4271
4313
4279
4349
4384
4426
4455
4466
4735
4750
4289
4294
4296
4302
4303
4335
4343
4310
4311
4312
4318
4427
4428
4316
4389
4324
4330
4532
4608
5846
4347
4383
4406
4500
4526
4744
5178
5181
5445
5522
4353
4618
4363
4379
4381
4382
4386
4396
4399
4420
4472
4474
4385
4425
4392
4400
4402
4405
4403
4408
4409
4412
4451
4424
4434
4468
4436
4467
4459
4479
4481
4482
4462
4537
4589
4649
4786
4790
4791
4465
4471
4487
4492
4489
4496
4512
4516
4517
4518
4522
4553
4555
4556
4560
4561
4565
4611
4624
4665
4671
4683
4691
4702
4869
4874
4887
4888
4890
4981
4991
5048
5052
5147
5148
5150
5169
5179
5185
5200
5201
5204
5239
4490
4494
4645
4502
4506
4656
4664
4681
4724
5773
4508
4621
4622
4672
4775
4801
4513
4514
4572
4527
4528
4541
4552
4655
4661
4551
4554
4557
4598
4629
4640
4667
4994
5243
5245
5282
5300
4562
5039
4571
4581
4606
4844
4575
4576
4588
4592
4594
4613
4738
4596
4601
4614
4652
4660
4698
4705
4599
4654
4709
4810
5357
5767
5771
5805
5822
5827
4600
4604
4615
4605
4616
4617
5851
4612
4619
4620
4627
4628
4636
4638
4658
4663
4713
4878
4880
4623
4675
4814
4635
4637
4787
4792
4802
4804
4806
4669
5231
4670
4694
4707
4862
4673
4706
4732
4739
4784
5034
5040
5266
4682
4796
4685
4687
4708
4785
4863
4864
4721
4812
4818
4822
4823
4828
4830
4725
4726
4737
4740
4753
4749
4752
4762
4764
4782
4851
4867
4875
4882
4946
4952
4966
5023
5058
5074
5076
5077
5173
5183
5194
5318
5321
5371
5373
5387
5402
6291
4751
4773
4838
4754
4756
4758
4759
4760
4761
4765
4766
4770
4776
4774
4788
4789
4795
4797
4808
4800
4811
4819
4839
4849
4941
4955
4964
5128
5557
5828
4820
4827
4843
5419
5422
4852
4853
4938
5030
5031
5234
4858
4885
4931
4860
4871
4895
4929
4933
4960
5355
4865
5211
4872
4873
4936
4877
4881
4892
4898
4900
4903
4926
4977
4996
5004
5009
5016
5021
5026
5263
5379
4905
4930
4940
4906
4912
4913
4914
4918
4907
4910
4927
4915
4939
4916
4919
4921
4922
4947
4949
4924
4925
4934
4937
4944
4993
5010
4942
4969
5135
5156
5158
4943
4945
4968
4985
5019
5054
5188
4950
4951
4953
4954
4956
4957
4959
4961
4979
5020
5272
4962
4963
4970
4971
4983
4972
4975
5013
5114
5186
5252
5264
5290
4973
5007
4976
5304
5305
5393
5429
4986
5301
4998
5015
5017
5028
5032
5051
5259
5261
5267
5307
5471
5485
5499
5626
5814
6001
6188
6348
4999
5000
5018
5037
5042
5043
5049
5001
5002
5003
5005
5006
5057
5059
5078
5081
5086
5097
5099
5109
5151
5269
5313
5324
5375
5024
5027
5025
5041
5045
5047
5050
5055
5089
5103
5116
5118
5121
5353
5029
5044
5140
5352
5053
5094
5095
5642
5653
5688
6654
6739
6740
6744
6753
6763
6781
6789
6800
6806
6809
6812
6814
6821
6822
5056
5065
5060
5061
5071
5072
5083
5085
5120
5125
5146
5063
5064
5067
5068
5069
5070
5073
5075
5079
5080
5082
5084
5087
5088
5090
5091
5093
5096
5098
5101
5102
5106
5107
5108
5110
5112
5113
5119
5167
5328
5329
5752
5104
5105
5221
5800
5815
5111
5115
5122
5124
5126
5130
5133
5132
5136
5141
5142
5197
5233
5134
5137
5208
5138
5144
5152
5168
5195
5214
5223
5236
5238
5250
5145
5154
5165
5149
5155
5157
5182
5209
5166
5191
5192
5171
5172
5174
5175
5176
5177
5180
5187
5190
5193
5207
5225
5274
5199
5205
5212
5213
5248
5254
5203
5303
5215
5222
5228
5229
5230
5232
5235
5255
5260
5262
5270
5275
5286
5297
5276
5278
5279
5281
5309
5312
5317
5330
5344
5280
5288
5289
5291
5319
5320
5322
5302
5325
5311
5315
5316
5314
5326
5327
5332
5333
5337
5341
5348
5376
5383
5392
5399
5545
5623
5735
5335
5336
5338
5339
5340
5347
5435
5342
5401
5343
5345
5346
5378
5349
5354
5361
5374
5386
5467
5501
5508
5511
5512
5516
5523
5524
5525
5536
5546
5566
5581
5587
5593
5595
5596
5610
5611
5612
5615
5616
5622
5624
5627
5629
5630
5633
5634
5648
5650
5656
5657
5659
5661
5665
5669
5670
5675
5676
5677
5681
5689
5690
5691
5699
5702
5704
5711
5712
5715
5730
5732
5741
5780
5864
5948
6497
5372
5380
5388
5391
5414
5425
5428
5433
5434
5447
5509
5565
5580
5586
5588
5589
5664
5683
5684
5772
5774
5775
5776
5783
5381
5427
5468
5625
5649
5662
5723
5743
5755
5768
5794
5817
5920
5922
5931
5969
5986
5382
5384
5395
5397
5431
5599
5603
5385
5421
5430
5476
5488
5490
5728
5749
5389
5390
5409
5441
5443
5457
5632
5638
5663
5705
5396
5415
5420
5423
5440
5446
5449
5459
5461
5498
5515
5527
5538
5539
5544
5547
5548
5550
5551
5552
5553
5573
5400
5403
5405
5406
5408
5410
5411
5412
5413
5418
5426
5448
5454
5455
5466
5472
5473
5474
5484
5486
5493
5496
5507
5528
5531
5535
5568
5572
5604
5606
5667
5668
5685
5700
5703
5710
5716
5748
5404
5432
5436
5481
5437
5438
5442
5439
5444
5453
5460
5463
5517
5533
5554
5592
5641
5450
5451
5452
5462
5464
5465
5480
5482
5469
5477
5478
5521
5479
5483
5487
5491
5492
5497
5698
5744
5489
5494
5495
5505
5500
5502
5504
5526
5510
5601
5618
5721
5781
5786
5799
5884
5887
5891
5893
5954
6106
5513
5514
5518
5519
5534
5537
6288
6289
6290
6295
5520
5529
5530
5607
5540
5542
5555
5541
5543
5558
5559
5563
5571
5576
5560
5561
5577
5707
5562
5613
5564
5570
5585
5567
5569
5574
5742
5575
5579
5582
5756
5578
5591
5671
5672
5687
5583
5597
5602
5609
5734
5747
5782
5784
5819
5833
5852
5856
5859
5876
5930
5932
5952
5590
5594
5894
5914
5598
5600
5621
5628
5843
5608
5709
5713
5614
5617
5620
5631
5636
5637
5640
5639
5706
5643
5644
5646
5769
5777
5778
6109
6173
6179
5651
5655
5708
5718
5745
5658
5858
5873
5882
5666
5673
5674
5678
5679
5682
5692
5733
5809
5842
5680
5759
5766
6373
6390
6395
5696
5701
5714
5717
5719
5720
5722
5725
5797
5812
5726
5729
5850
5750
5751
5753
5758
6530
5754
5757
5813
5761
5762
5763
5764
5765
5789
5795
5779
5787
5785
5788
5790
5792
5793
5796
5798
5811
5826
5838
5841
6191
5801
5906
6226
5803
5804
5807
5806
5823
5808
5824
5810
5820
5816
5834
5821
5845
6013
5825
5829
5832
5839
5840
5879
5880
5892
5830
5831
5835
5836
5837
5929
5844
5848
5849
5847
6421
6955
6957
6958
6959
6960
7033
5853
5854
6193
6241
6470
6595
5857
5860
5862
5866
5867
5871
5872
5874
5875
5877
5904
5925
5939
5940
5941
5942
5943
5944
5946
5881
5889
5890
5895
5897
5909
5911
6225
6328
6360
5896
5899
5901
5908
5912
5918
5900
5927
5905
5907
5910
5913
5916
5919
5974
6101
6102
5921
6070
6073
6095
5924
6304
5926
5967
5933
5947
5964
5945
5949
5950
5953
6378
5951
6216
6228
6261
6281
6282
5955
5957
5958
5960
5961
5962
5963
5965
5966
5970
5972
5973
5976
5977
5978
5979
5980
5988
5997
5998
6006
6012
6014
6015
6016
6017
6025
6027
6034
6037
6041
6042
6043
6044
6048
6057
6059
6063
6065
6068
6069
6071
6074
6077
6078
6080
6088
6092
6098
6176
6177
6183
6185
6198
6204
6213
6244
6246
6255
6279
6286
6294
6306
6321
6383
6412
6519
6536
6537
6729
6734
6953
5956
5959
6008
5968
5975
5981
5985
6031
6038
6039
6066
5971
5993
6000
6114
6133
6138
6142
6151
6166
6169
5983
5984
6060
6064
6119
6375
5987
5989
5996
5990
5991
6003
6004
6007
6018
6021
6022
6026
6029
6055
6056
6072
5995
5999
6024
6005
6011
6033
6087
6089
6091
6093
6019
6020
6032
6058
6062
6030
6036
6053
6035
6040
6045
6094
6099
6100
6103
6107
6108
6112
6113
6046
6047
6079
6081
6381
6051
6075
6076
6082
6052
6054
6084
6086
6097
6104
6105
6116
6117
6122
6141
6061
6170
6190
6192
6202
6206
6208
6250
6251
6067
6083
6085
6120
6127
6129
6132
6134
6149
6172
6090
6096
6110
6111
6115
6121
6123
6118
6147
6152
6159
6124
6126
6128
6131
6148
6181
6125
6150
6189
6130
6146
6180
6187
6135
6137
6143
6156
6158
6167
6168
6171
6200
6207
6219
6223
6394
6136
6139
6144
6161
6162
6164
6247
6248
6287
6356
6368
6401
6410
6413
6445
6454
6457
6487
6544
6140
6372
6404
6145
6252
6153
6157
6160
6165
6186
6194
6197
6215
6235
6237
6267
6293
6555
6587
6602
6174
6175
6178
6184
6195
6196
6220
6222
6182
6240
6442
6199
6201
6203
6205
6209
6474
6480
6488
6210
6398
6407
6211
6218
6236
6575
6577
6212
6214
6217
6269
6271
6296
6405
6406
6437
6441
6494
6539
6572
6578
6642
6701
6718
6221
6224
6231
6232
6239
6243
6263
6265
6272
6280
6283
6292
6297
6301
6305
6227
6230
6242
6245
6254
6229
6233
6234
6249
6266
6299
6311
6313
6315
6319
6253
6257
6262
6264
6300
6256
6258
6260
6308
6314
6268
6270
6302
6303
6273
6275
6277
6278
6307
6312
6284
6285
6298
6316
6318
6320
6322
6324
6334
6345
6377
6325
6326
6336
6364
6365
6333
6335
6338
6340
6341
6342
6343
6346
6367
6369
6376
6414
6447
6455
6337
6344
6393
6459
6646
6339
6349
6350
6363
6400
6351
6352
6353
6436
6464
6562
6354
6355
6357
6359
6385
6388
6408
6440
6449
6452
6358
6431
6433
6450
6523
6361
6366
6374
6379
6382
6386
6392
6380
6384
6399
6472
6479
6501
6502
6516
6397
6402
6403
6409
6473
6411
6415
6423
6425
6432
6438
6439
6416
6418
6417
6465
6500
6419
6422
6510
6518
6420
6426
6428
6429
6529
6538
6547
6430
6461
6434
6463
6467
6482
6492
6496
6596
6611
6435
6443
6446
6448
6453
6491
6704
6705
6707
6711
6719
6720
6724
6725
6728
6732
6736
6741
6745
6746
6747
6748
6749
6750
6756
6762
6444
6451
6456
6458
6460
6625
6462
6468
6477
6466
6469
6471
6476
6499
6620
6478
6489
6571
6579
6483
6485
6554
6490
6493
6495
6498
6512
6513
6522
6503
6504
6505
6506
6507
6521
6564
6569
6582
6508
6511
6535
6509
6517
6543
6520
6532
6533
6534
6542
6524
6525
6526
6527
6528
6531
6549
6550
6551
6540
6541
6546
6548
6545
6552
6553
6557
6589
6591
6592
6593
6556
6559
6560
6561
6565
6567
6568
6570
6563
6566
6576
6573
6580
6584
6594
6600
6610
6574
6583
6586
6581
6585
6588
6590
6605
6612
6615
6629
6630
6670
6672
6673
6675
6677
6678
6688
6698
6722
6743
6786
6793
6803
6855
6856
6863
6871
6872
6873
6874
6879
6881
6890
6891
6893
6894
6895
6896
6901
6902
6903
6917
6919
7063
7081
7082
6598
6633
6599
6601
6622
6631
6644
6604
6606
6607
6608
6617
6618
6609
6613
6614
6616
6619
6621
6623
6628
6637
6639
6643
6653
6657
6658
6660
6671
6683
6684
6687
6689
6690
6692
6693
6697
6706
6708
6709
6721
6770
6788
6790
6795
6796
6799
6813
6834
6954
6973
6624
6626
6627
6632
6648
6650
6634
6635
6636
6638
6640
6647
6655
6656
6674
6676
6679
6760
7122
7123
7124
7133
7144
6641
6649
6651
6662
6665
6669
6652
6668
6659
6663
6667
6680
6681
6775
6777
6785
6949
6682
6716
6738
6685
6686
6691
6694
6695
6696
6699
6766
6700
6714
6715
6702
6703
6761
6779
6802
6810
6827
6712
6713
6717
6726
6751
6752
6759
6764
6774
6950
6727
6735
6730
6754
6758
7176
6733
6737
6816
6932
6742
6755
6765
6769
6780
6782
6787
6767
6768
6886
6887
6771
6772
6773
6792
6794
6776
6825
6783
6791
6797
6798
6801
6807
6808
6823
6824
6826
6828
6832
6851
6866
6897
6898
6899
6928
6956
6829
6833
6835
6836
6839
6840
6830
6831
6837
6838
6858
6951
6841
6842
6843
6844
6845
6846
6847
6848
6849
6850
6852
6853
6854
6918
6930
6931
6934
6937
6948
6966
6989
6999
7006
7013
7014
7015
7016
7017
7019
7020
7021
6857
6916
6862
6864
6865
6867
6869
6870
6875
6876
6882
6883
6885
6888
6889
6877
6878
6880
6884
6900
6904
6906
6914
6927
6947
7035
7052
7065
7136
7141
7156
6905
6911
6976
6988
6907
6908
6909
6912
6920
6921
6922
6923
6924
6926
6929
6933
6941
6943
6944
6963
6972
6974
6977
6978
6982
6983
6985
7000
7004
7008
7031
7039
7040
7048
7053
7060
7083
7084
7085
7087
7177
7183
6910
6913
6915
7103
6925
6936
6965
7041
7050
7055
7059
7061
7062
7064
7067
7068
7072
7073
7075
7076
7077
7078
7086
7109
7111
7112
7146
6935
6952
7032
6938
6939
6940
6942
6945
6946
6961
6962
6969
7034
7038
7042
7043
7045
7046
7047
7049
7051
7054
6964
7173
6967
6970
6968
6971
6975
6979
6980
6981
6984
6986
6987
7030
7036
7056
6990
6993
6998
7001
7002
7003
7005
7009
7012
7022
7025
7026
7057
7080
7091
7093
7094
7102
7104
6991
6994
6995
6996
7007
6992
7029
6997
7010
7011
7028
7018
7023
7024
7027
7071
7079
7110
7161
7037
7044
7058
7099
7100
7101
7066
7069
7070
7074
7088
7089
7090
7092
7098
7107
7147
7154
7157
7158
7159
7160
7162
7165
7095
7096
7097
7113
7114
7117
7118
7119
7120
7121
7129
7130
7145
7148
7150
7151
7152
7155
7115
7116
7125
7132
7126
7127
7128
7131
7134
7135
7142
7143
7149
7137
7138
7139
7140
7163
7164
7175
7166
7168
7170
7167
7188
7169
7171
7172
7174
7185
7189
7186
7187
7190
