1
3
5
11
16
19
23
29
30
31
32
34
36
39
43
44
54
55
56
61
63
66
67
69
71
76
79
80
83
92
93
95
96
97
102
103
105
106
108
109
111
113
114
116
117
119
121
130
131
132
136
137
138
139
141
144
147
149
152
153
160
169
170
172
173
182
184
188
198
206
207
208
209
210
216
225
226
231
232
237
241
242
248
254
255
258
267
268
278
279
283
284
285
286
288
290
292
307
308
311
316
320
324
325
328
330
333
335
336
341
342
354
356
357
358
362
365
372
375
376
377
381
388
393
395
396
397
405
408
409
416
422
423
425
426
430
434
440
447
452
455
459
461
470
472
477
479
480
487
502
505
507
514
519
526
527
530
546
553
555
557
565
569
571
572
573
581
585
588
592
598
605
610
619
620
621
628
640
641
643
648
649
650
651
659
664
666
668
669
671
678
684
686
694
711
714
715
723
734
741
742
743
744
750
756
759
760
769
770
771
776
778
781
788
791
807
809
818
824
830
831
833
839
848
853
860
879
880
893
896
907
919
935
936
937
938
941
943
948
950
951
954
957
958
959
960
961
962
975
979
980
981
989
992
995
997
999
1007
1016
1029
1030
1037
1052
1070
1072
1086
1088
1098
1099
1107
1109
1117
1118
1125
1134
1138
1140
1141
1142
1145
1146
1153
1158
1164
1165
1168
1169
1171
1172
1182
1198
1200
1216
1220
1225
1232
1259
1260
1262
1265
1272
1275
1276
1282
1316
1321
1327
1328
1329
1333
1341
1342
1346
1355
1356
1358
1359
1361
1365
1370
1371
1372
1374
1399
1400
1406
1407
1409
1417
1420
1436
1444
1448
1450
1462
1463
1480
1482
1483
1485
1486
1487
1489
1494
1498
1499
1505
1516
1521
1527
1528
1536
1539
1544
1550
1559
1562
1567
1572
1583
1591
1597
1601
1602
1616
1619
1620
1622
1629
1631
1637
1653
1655
1660
1667
1671
1683
1688
1693
1701
1703
1706
1713
1714
1717
1728
1736
1737
1742
1760
1812
1813
1821
1822
1839
1854
1856
1860
1867
1881
1883
1896
1908
1910
1911
1915
1916
1917
1919
1937
1943
1958
1965
1971
1973
1982
1983
1986
1992
1996
1998
2000
2001
2008
2020
2026
2032
2035
2038
2041
2043
2049
2050
2059
2064
2073
2075
2077
2079
2084
2085
2089
2093
2095
2096
2112
2114
2117
2148
2150
2154
2156
2158
2161
2165
2171
2187
2212
2217
2221
2242
2246
2250
2251
2255
2262
2267
2280
2301
2315
2336
2346
2347
2371
2372
2374
2385
2397
2401
2408
2413
2415
2416
2417
2425
2429
2430
2443
2456
2460
2468
2476
2482
2487
2497
2505
2507
2516
2519
2524
2526
2527
2533
2546
2564
2568
2571
2572
2577
2598
2605
2609
2610
2612
2615
2616
2619
2620
2629
2638
2645
2658
2660
2665
2672
2674
2698
2700
2701
2703
2706
2709
2710
2719
2720
2721
2728
2731
2735
2737
2739
2745
2747
2759
2773
2775
2778
2781
2785
2791
2792
2797
2808
2820
2832
2834
2844
2845
2849
2856
2876
2880
2885
2893
2894
2896
2898
2899
2900
2904
2906
2912
2913
2914
2915
2921
2924
2927
2936
2937
2938
2939
2940
2942
2946
2950
2955
2957
2960
2962
2967
2972
2974
2978
2981
2989
2994
3007
3009
3010
3011
3013
3017
3034
3041
3042
3043
3044
3059
3062
3065
3070
3072
3081
3082
3085
3087
3091
3092
3107
3108
3112
3115
3119
3123
3128
3136
3146
3147
3151
3153
3159
3162
3165
3175
3180
3184
3191
3194
3195
3200
3207
3215
3226
3229
3240
3245
3252
3256
3263
3270
3271
3275
3278
3285
3289
3292
3298
3301
3318
3327
3333
3334
3337
3338
3341
3345
3346
3355
3360
3362
3373
3375
3382
3388
3397
3400
3401
3408
3410
3414
3424
3431
3439
3441
3449
3450
3451
3456
3462
3467
3469
3471
3482
3485
3489
3496
3499
3508
3509
3513
3514
3529
3531
3534
3536
3537
3542
3544
3550
3557
3570
3571
3575
3578
3589
3593
3594
3595
3596
3597
3600
3603
3604
3605
3607
3609
3623
3633
3635
3637
3640
3643
3644
3650
3652
3653
3655
3660
3665
3677
3692
3693
3701
3706
3707
3713
3714
3717
3719
3721
3724
3732
3735
3738
3741
3744
3756
3759
3763
3774
3777
3783
3798
3800
3802
3808
3809
3819
3820
3828
3833
3844
3854
3856
3861
3869
3871
3872
3874
3875
3879
3884
3885
3890
3895
3901
3907
3916
3918
3919
3927
3934
3938
3947
3953
3956
3957
3964
3965
3972
3978
3981
3990
4005
4013
4028
4033
4042
4045
4046
4047
4048
4053
4054
4062
4066
4080
4084
4085
4088
4090
4091
4099
4101
4102
4105
4108
4114
4118
4124
4127
4128
4130
4133
4138
4141
4144
4145
4151
4154
4160
4162
4166
4169
4171
4174
4175
4179
4189
4190
4202
4208
4212
4230
4237
4240
4241
4250
4257
4263
4264
4265
4269
4279
4287
4291
4293
4295
4303
4310
4312
4335
4343
4345
4353
4362
4363
4381
4382
4384
4386
4388
4391
4396
4399
4407
4414
4415
4420
4428
4444
4445
4451
4458
4462
4463
4467
4472
4474
4489
4494
4496
4500
4503
4506
4508
4516
4526
4530
4532
4539
4547
4552
4554
4555
4571
4581
4586
4588
4591
4596
4599
4605
4608
4611
4619
4620
4622
4624
4628
4629
4636
4637
4638
4639
4645
4652
4653
4656
4658
4667
4670
4671
4672
4673
4682
4691
4694
4698
4700
4702
4705
4713
4715
4729
4744
4749
4751
4752
4753
4754
4762
4764
4773
4783
4784
4785
4802
4806
4812
4819
4822
4837
4838
4839
4848
4849
4853
4858
4860
4862
4865
4869
4871
4878
4880
4887
4888
4890
4892
4895
4903
4905
4916
4921
4925
4926
4931
4935
4937
4941
4942
4943
4945
4952
4954
4955
4957
4959
4960
4970
4972
4973
4975
4977
4979
4982
4983
4984
4985
4996
4998
4999
5001
5007
5008
5010
5011
5013
5015
5016
5017
5018
5020
5026
5028
5029
5030
5032
5033
5034
5037
5039
5046
5051
5053
5057
5058
5060
5062
5064
5067
5068
5069
5070
5073
5074
5075
5077
5079
5080
5082
5084
5087
5088
5090
5091
5093
5094
5095
5096
5098
5101
5102
5104
5105
5106
5107
5110
5111
5116
5118
5124
5125
5126
5128
5132
5137
5144
5145
5149
5155
5156
5165
5166
5185
5188
5190
5191
5193
5199
5200
5204
5205
5207
5214
5217
5222
5227
5228
5229
5230
5231
5236
5252
5259
5261
5264
5266
5267
5280
5281
5290
5298
5305
5307
5308
5311
5314
5315
5326
5333
5336
5339
5340
5341
5346
5347
5348
5349
5354
5361
5372
5374
5378
5380
5381
5384
5385
5386
5388
5389
5390
5393
5396
5397
5399
5400
5403
5405
5406
5408
5409
5410
5411
5412
5413
5415
5419
5420
5421
5422
5423
5425
5426
5427
5430
5432
5435
5436
5438
5439
5441
5443
5444
5446
5447
5448
5449
5453
5454
5455
5457
5459
5460
5461
5465
5466
5467
5471
5472
5473
5474
5476
5477
5480
5481
5482
5484
5485
5487
5489
5490
5491
5492
5494
5497
5498
5501
5504
5506
5508
5509
5510
5511
5512
5514
5516
5517
5523
5524
5525
5526
5527
5529
5530
5531
5532
5536
5537
5539
5540
5541
5542
5543
5545
5547
5548
5550
5551
5554
5555
5558
5559
5560
5561
5562
5563
5564
5565
5566
5567
5569
5571
5575
5577
5578
5579
5580
5581
5582
5583
5586
5587
5588
5591
5593
5595
5596
5597
5598
5600
5601
5606
5608
5610
5613
5614
5615
5616
5618
5620
5621
5622
5625
5628
5632
5641
5646
5649
5650
5653
5655
5658
5659
5660
5661
5664
5668
5670
5679
5682
5683
5685
5688
5692
5693
5698
5702
5703
5708
5710
5713
5714
5720
5721
5722
5723
5725
5728
5729
5744
5749
5751
5754
5755
5756
5757
5759
5760
5761
5763
5764
5768
5769
5774
5776
5777
5778
5781
5784
5786
5788
5789
5791
5795
5796
5798
5799
5801
5803
5808
5809
5817
5819
5821
5824
5830
5836
5840
5842
5846
5847
5848
5850
5852
5854
5872
5877
5878
5882
5884
5895
5897
5899
5901
5904
5906
5908
5909
5911
5912
5913
5916
5919
5921
5922
5925
5926
5928
5929
5930
5931
5935
5937
5945
5946
5947
5949
5950
5953
5954
5955
5957
5958
5960
5961
5962
5963
5965
5966
5967
5968
5969
5970
5971
5972
5973
5974
5975
5976
5977
5979
5980
5981
5983
5986
5988
5989
5990
5991
5993
5996
5997
5998
6000
6001
6003
6004
6006
6007
6012
6014
6015
6016
6017
6018
6019
6021
6022
6025
6026
6027
6030
6031
6032
6034
6036
6037
6040
6041
6043
6044
6045
6046
6048
6051
6052
6053
6054
6057
6059
6061
6067
6068
6069
6071
6072
6074
6075
6076
6078
6079
6080
6081
6082
6083
6084
6085
6086
6088
6094
6097
6098
6099
6100
6101
6102
6103
6108
6109
6112
6115
6116
6118
6119
6120
6122
6123
6124
6131
6133
6134
6137
6139
6142
6144
6146
6147
6148
6151
6156
6157
6158
6159
6160
6161
6162
6164
6165
6167
6171
6172
6174
6175
6176
6177
6178
6181
6183
6184
6186
6189
6193
6194
6196
6197
6199
6200
6204
6207
6209
6211
6215
6217
6218
6219
6222
6223
6224
6225
6227
6231
6232
6233
6234
6235
6236
6239
6241
6242
6243
6249
6254
6255
6256
6258
6260
6262
6263
6264
6265
6266
6267
6270
6271
6272
6277
6278
6280
6283
6285
6286
6287
6288
6293
6294
6295
6296
6297
6301
6302
6308
6314
6315
6320
6321
6322
6324
6325
6328
6333
6334
6335
6337
6338
6340
6342
6343
6344
6345
6348
6350
6356
6358
6360
6365
6366
6367
6368
6369
6373
6376
6377
6381
6383
6393
6399
6401
6402
6403
6406
6407
6409
6413
6414
6417
6420
6421
6422
6429
6431
6432
6433
6435
6436
6437
6438
6441
6443
6444
6445
6446
6447
6448
6453
6454
6457
6458
6459
6463
6464
6465
6466
6467
6471
6473
6476
6480
6481
6483
6485
6486
6487
6488
6491
6495
6496
6498
6499
6500
6508
6511
6517
6518
6525
6532
6539
6541
6542
6544
6546
6547
6548
6551
6552
6553
6554
6555
6557
6562
6564
6566
6569
6572
6575
6576
6579
6586
6590
6595
6598
6604
6605
6606
6609
6612
6613
6614
6615
6618
6620
6621
6622
6623
6626
6628
6629
6630
6631
6632
6633
6634
6637
6638
6643
6647
6649
6653
6654
6657
6658
6659
6660
6663
6667
6670
6671
6673
6675
6677
6678
6680
6681
6683
6684
6685
6688
6689
6690
6691
6694
6695
6698
6704
6705
6706
6707
6708
6709
6711
6719
6720
6721
6722
6724
6725
6726
6727
6728
6732
6735
6740
6741
6743
6744
6748
6750
6751
6752
6759
6765
6768
6770
6771
6772
6775
6777
6779
6781
6783
6785
6788
6791
6796
6797
6798
6799
6800
6801
6803
6807
6808
6814
6823
6824
6826
6829
6835
6836
6838
6840
6841
6846
6847
6849
6850
6851
6852
6857
6862
6863
6865
6866
6867
6869
6870
6871
6876
6879
6880
6884
6885
6888
6889
6890
6899
6905
6907
6908
6909
6911
6912
6913
6915
6918
6920
6921
6922
6923
6924
6925
6926
6928
6929
6933
6936
6940
6943
6946
6958
6960
6961
6962
6963
6966
6969
6975
6978
6981
6982
6983
6985
6990
6991
6992
6993
6994
6995
6996
6997
7000
7001
7004
7005
7007
7008
7011
7012
7013
7014
7015
7016
7018
7023
7026
7027
7029
7030
7031
7033
7034
7035
7039
7040
7041
7042
7043
7045
7046
7047
7048
7049
7050
7053
7054
7055
7057
7059
7060
7061
7062
7064
7065
7067
7068
7070
7072
7074
7075
7076
7077
7084
7087
7088
7093
7094
7096
7098
7103
7110
7112
7114
7116
7117
7129
7151
7152
7155
7160
7161
7162
7169
7173
7185
7186
