2935	0.0
4176	0.0
4340	0.0
4757	0.0
6435	0.0
7192	0.0
7198	0.0
7244	0.0
7957	0.0
9096	0.0
9306	0.0
10023	0.0
11756	0.0
11812	0.0
12469	0.0
13499	0.0
13720	0.0
15493	0.0
16244	0.0
18144	0.0
20922	0.0
24455	0.0
26726	0.0
27029	0.0
27247	0.0
28275	0.0
30222	0.0
37993	0.0
39891	0.0
40895	0.0
43231	0.0
44414	0.0
44833	0.0
46305	0.0
47006	0.0
48419	0.0
48986	0.0
51519	0.0
51578	0.0
51769	0.0
52426	0.0
54780	0.0
57235	0.0
58632	0.0
58756	0.0
59211	0.0
59581	0.0
60383	0.0
63584	0.0
66067	0.0
69881	0.0
70330	0.0
72288	0.0
84370	0.0
85228	0.0
86561	0.0
89502	0.0
92341	0.0
94451	0.0
94946	0.0
101210	0.0
106576	0.0
111876	0.0
115483	0.0
119485	0.0
122885	0.0
124584	0.0
127324	0.0
128835	0.0
132067	0.0
136738	0.0
137460	0.0
139290	0.0
139841	0.0
142655	0.0
145403	0.0
145769	0.0
147571	0.0
148531	0.0
149132	0.0
151640	0.0
153891	0.0
154649	0.0
156960	0.0
166116	0.0
171345	0.0
175606	0.0
176386	0.0
178682	0.0
186291	0.0
192427	0.0
193794	0.0
195707	0.0
201645	0.0
208772	0.0
211111	0.0
212830	0.0
215482	0.0
217559	0.0
217874	0.0
224009	0.0
224449	0.0
225228	0.0
228282	0.0
232088	0.0
232664	0.0
233625	0.0
235889	0.0
237664	0.0
240210	0.0
241280	0.0
245594	0.0
246686	0.0
246981	0.0
248625	0.0
249699	0.0
251942	0.0
255013	0.0
256886	0.0
259406	0.0
260147	0.0
261721	0.0
263804	0.0
264973	0.0
267910	0.0
269027	0.0
269115	0.0
269678	0.0
272391	0.0
272516	0.0
273046	0.0
273539	0.0
275005	0.0
276273	0.0
276884	0.0
280332	0.0
281508	0.0
282390	0.0
282714	0.0
285013	0.0
293975	0.0
296399	0.0
297270	0.0
299065	0.0
304090	0.0
306286	0.0
314386	0.0
314594	0.0
315154	0.0
316709	0.0
317797	0.0
319684	0.0
319770	0.0
320446	0.0
321016	0.0
321017	0.0
321415	0.0
322015	0.0
322670	0.0
324945	0.0
333303	0.0
335468	0.0
339728	0.0
340300	0.0
340583	0.0
341400	0.0
342205	0.0
342964	0.0
345093	0.0
346898	0.0
349848	0.0
350433	0.0
364282	0.0
370084	0.0
382981	0.0
384730	0.0
387833	0.0
387851	0.0
389477	0.0
389756	0.0
389879	0.0
393124	0.0
396723	0.0
398032	0.0
398263	0.0
398408	0.0
400068	0.0
402485	0.0
404677	0.0
405223	0.0
405902	0.0
410807	0.0
411216	0.0
414000	0.0
414463	0.0
417890	0.0
420826	0.0
421242	0.0
431912	0.0
434908	0.0
439788	0.0
441799	0.0
445387	0.0
446280	0.0
449498	0.0
450785	0.0
452048	0.0
452822	0.0
453773	0.0
455941	0.0
457923	0.0
460452	0.0
461747	0.0
464005	0.0
465002	0.0
466395	0.0
466836	0.0
466930	0.0
469020	0.0
469512	0.0
470025	0.0
476345	0.0
476419	0.0
477267	0.0
477602	0.0
480049	0.0
481504	0.0
484093	0.0
487947	0.0
488495	0.0
490179	0.0
490483	0.0
491047	0.0
491947	0.0
494313	0.0
495545	0.0
496562	0.0
502177	0.0
502797	0.0
503417	0.0
504141	0.0
505779	0.0
506793	0.0
506876	0.0
507512	0.0
508199	0.0
509670	0.0
511340	0.0
512427	0.0
514811	0.0
518172	0.0
520973	0.0
521133	0.0
521478	0.0
525865	0.0
527355	0.0
527843	0.0
530035	0.0
531025	0.0
533747	0.0
534577	0.0
534999	0.0
535224	0.0
535458	0.0
535566	0.0
536525	0.0
540820	0.0
543439	0.0
544476	0.0
545628	0.0
545783	0.0
546126	0.0
546148	0.0
546823	0.0
551928	0.0
552069	0.0
552722	0.0
552985	0.0
553316	0.0
554347	0.0
555285	0.0
556067	0.0
558367	0.0
559634	0.0
561492	0.0
566187	0.0
567610	0.0
567952	0.0
569352	0.0
576896	0.0
581250	0.0
583031	0.0
585532	0.0
587793	0.0
587867	0.0
591825	0.0
594085	0.0
597706	0.0
599409	0.0
604786	0.0
611753	0.0
615714	0.0
616397	0.0
616536	0.0
619966	0.0
623247	0.0
623413	0.0
625259	0.0
629720	0.0
629785	0.0
631580	0.0
632393	0.0
635649	0.0
640177	0.0
640250	0.0
641292	0.0
647319	0.0
649117	0.0
651378	0.0
651593	0.0
654138	0.0
658042	0.0
659398	0.0
659511	0.0
660441	0.0
667457	0.0
674758	0.0
675739	0.0
675929	0.0
676238	0.0
677898	0.0
677910	0.0
678144	0.0
679247	0.0
684795	0.0
687823	0.0
689816	0.0
691372	0.0
695685	0.0
695734	0.0
697130	0.0
698017	0.0
698422	0.0
701921	0.0
704056	0.0
705842	0.0
711413	0.0
717665	0.0
718196	0.0
718919	0.0
719013	0.0
724077	0.0
731603	0.0
732835	0.0
735667	0.0
735849	0.0
736988	0.0
737342	0.0
738070	0.0
738506	0.0
740629	0.0
743289	0.0
743900	0.0
745111	0.0
747712	0.0
747814	0.0
748268	0.0
748370	0.0
748871	0.0
749405	0.0
749575	0.0
750525	0.0
752427	0.0
754311	0.0
756531	0.0
758362	0.0
758487	0.0
759795	0.0
759910	0.0
767083	0.0
767709	0.0
769402	0.0
770999	0.0
773103	0.0
774957	0.0
776470	0.0
776680	0.0
780595	0.0
782110	0.0
791105	0.0
797001	0.0
797072	0.0
797897	0.0
798610	0.0
799650	0.0
800089	0.0
800606	0.0
801175	0.0
803427	0.0
806555	0.0
807781	0.0
813479	0.0
813586	0.0
816523	0.0
816875	0.0
822199	0.0
822330	0.0
823747	0.0
824356	0.0
824717	0.0
826717	0.0
826868	0.0
828974	0.0
830130	0.0
830396	0.0
833126	0.0
838420	0.0
841962	0.0
842726	0.0
842923	0.0
843945	0.0
846509	0.0
847075	0.0
847343	0.0
847368	0.0
847489	0.0
849595	0.0
850251	0.0
854387	0.0
856163	0.0
862238	0.0
863755	0.0
863900	0.0
863933	0.0
864887	0.0
874617	0.0
882516	0.0
882906	0.0
889197	0.0
896213	0.0
896562	0.0
896615	0.0
905601	0.0
906877	0.0
906924	0.0
909451	0.0
910407	0.0
911672	0.0
912076	0.0
923255	0.0
923969	0.0
924644	0.0
927742	0.0
929415	0.0
930496	0.0
930885	0.0
931442	0.0
932472	0.0
933361	0.0
933797	0.0
936578	0.0
937499	0.0
937607	0.0
938796	0.0
941082	0.0
944081	0.0
944426	0.0
946538	0.0
946792	0.0
947353	0.0
951538	0.0
955266	0.0
955614	0.0
956542	0.0
956544	0.0
956607	0.0
959158	0.0
961090	0.0
965070	0.0
965096	0.0
968840	0.0
969740	0.0
970692	0.0
972549	0.0
972784	0.0
972945	0.0
976440	0.0
978554	0.0
979549	0.0
980088	0.0
982303	0.0
983503	0.0
985907	0.0
986405	0.0
987618	0.0
987707	0.0
989918	0.0
990063	0.0
990757	0.0
991408	0.0
995497	0.0
995601	0.0
998040	0.0
999172	0.0
999438	0.0
1000253	0.0
1002065	0.0
1002646	0.0
1002774	0.0
1004001	0.0
1007766	0.0
1008404	0.0
1010587	0.0
1011815	0.0
1013069	0.0
1014243	0.0
1015315	0.0
1016275	0.0
1017358	0.0
1019166	0.0
1019301	0.0
1020545	0.0
1020996	0.0
1021573	0.0
1022636	0.0
1022790	0.0
1024535	0.0
1026374	0.0
1028814	0.0
1031197	0.0
1031460	0.0
1034676	0.0
1034732	0.0
1036444	0.0
1040885	0.0
1042411	0.0
1042833	0.0
1044647	0.0
1050208	0.0
1050633	0.0
1050987	0.0
1051083	0.0
1054353	0.0
1054404	0.0
1054753	0.0
1055278	0.0
1055323	0.0
1057191	0.0
1059144	0.0
1060358	0.0
1060370	0.0
1062633	0.0
1062803	0.0
1064567	0.0
1065395	0.0
1067673	0.0
1067763	0.0
1067974	0.0
1070003	0.0
1070878	0.0
1071121	0.0
1071244	0.0
1072478	0.0
1073794	0.0
1074717	0.0
1075224	0.0
1075338	0.0
1079765	0.0
1081105	0.0
1081328	0.0
1081370	0.0
1082538	0.0
1086644	0.0
1088457	0.0
1090474	0.0
1091312	0.0
1093071	0.0
1093954	0.0
1094381	0.0
1096590	0.0
1097036	0.0
1099561	0.0
1101493	0.0
1101646	0.0
1102002	0.0
1102760	0.0
1103513	0.0
1105041	0.0
1105529	0.0
1107330	0.0
1109824	0.0
1112288	0.0
1115745	0.0
1116205	0.0
1116749	0.0
1117858	0.0
1118096	0.0
1121354	0.0
1123156	0.0
1124107	0.0
1124992	0.0
1126851	0.0
1128494	0.0
1130157	0.0
1130729	0.0
1132351	0.0
1132362	0.0
1132840	0.0
1132850	0.0
1133637	0.0
1133908	0.0
1135056	0.0
1135070	0.0
1137135	0.0
1138523	0.0
1138993	0.0
1141217	0.0
1146115	0.0
1147083	0.0
1147530	0.0
1149543	0.0
1149783	0.0
1150514	0.0
1150929	0.0
1153452	0.0
1160229	0.0
1160978	0.0
1161233	0.0
1164738	0.0
1165941	0.0
1166350	0.0
1169485	0.0
1172092	0.0
1175206	0.0
1177207	0.0
1178422	0.0
1183320	0.0
1183723	0.0
1184142	0.0
1184275	0.0
1185507	0.0
1186969	0.0
1187524	0.0
1189382	0.0
1189774	0.0
1195509	0.0
1195527	0.0
1202934	0.0
1203593	0.0
1203884	0.0
1204560	0.0
1205499	0.0
1206059	0.0
1208586	0.0
1208624	0.0
1211046	0.0
1212750	0.0
1213279	0.0
1213906	0.0
1218355	0.0
1220353	0.0
1220703	0.0
1222838	0.0
1223311	0.0
1223720	0.0
1223913	0.0
1225303	0.0
1225921	0.0
1226103	0.0
1230471	0.0
1230568	0.0
1230729	0.0
1230887	0.0
1232010	0.0
1232241	0.0
1233465	0.0
1234445	0.0
1236501	0.0
1236996	0.0
1237897	0.0
1238616	0.0
1241181	0.0
1241998	0.0
1243637	0.0
1244649	0.0
1245735	0.0
1245880	0.0
1246557	0.0
1246756	0.0
1248078	0.0
1248459	0.0
1248590	0.0
1249627	0.0
1250428	0.0
1251005	0.0
1252356	0.0
1254014	0.0
1256769	0.0
1258005	0.0
1258335	0.0
1258378	0.0
1261051	0.0
1262434	0.0
1262660	0.0
1263082	0.0
1264252	0.0
1264997	0.0
1266156	0.0
1268230	0.0
1268529	0.0
1268567	0.0
1270394	0.0
1271171	0.0
1272193	0.0
1273360	0.0
1273689	0.0
1279149	0.0
1280240	0.0
1280622	0.0
1281845	0.0
1284472	0.0
1287677	0.0
1290263	0.0
1290548	0.0
1290634	0.0
1295668	0.0
1296456	0.0
1299019	0.0
1300797	0.0
1301454	0.0
1301951	0.0
1302449	0.0
1302492	0.0
1303030	0.0
1304010	0.0
1305026	0.0
1305788	0.0
1307531	0.0
1309315	0.0
1309979	0.0
1312296	0.0
1317488	0.0
1317694	0.0
1318742	0.0
1320996	0.0
1322675	0.0
1323645	0.0
1326253	0.0
1327813	0.0
1328417	0.0
1330610	0.0
1331569	0.0
1332088	0.0
1334501	0.0
1334864	0.0
1335105	0.0
1337524	0.0
1339037	0.0
1342478	0.0
1343368	0.0
1347979	0.0
1348344	0.0
1350767	0.0
1358037	0.0
1358793	0.0
1358963	0.0
1359281	0.0
1359294	0.0
1359705	0.0
1361539	0.0
1363161	0.0
1363374	0.0
1363426	0.0
1364635	0.0
1366906	0.0
1367475	0.0
1367787	0.0
1369815	0.0
1371582	0.0
1371780	0.0
1371950	0.0
1372787	0.0
1373529	0.0
1374596	0.0
1375047	0.0
1377094	0.0
1377864	0.0
1378718	0.0
1379140	0.0
1380251	0.0
1380257	0.0
1380936	0.0
1382175	0.0
1382754	0.0
1386998	0.0
1387305	0.0
1388657	0.0
1388702	0.0
1390358	0.0
1391089	0.0
1392505	0.0
1392571	0.0
1392972	0.0
1393133	0.0
1394952	0.0
1396565	0.0
1398075	0.0
1398479	0.0
1399940	0.0
1400022	0.0
1400077	0.0
1401210	0.0
1401578	0.0
1403643	0.0
1407476	0.0
1409351	0.0
1410209	0.0
1410599	0.0
1411919	0.0
1412405	0.0
1413841	0.0
1414114	0.0
1414228	0.0
1415515	0.0
1416254	0.0
1416307	0.0
1417600	0.0
1417894	0.0
1418288	0.0
1419108	0.0
1425892	0.0
1427442	0.0
1428193	0.0
1429068	0.0
1429760	0.0
1430380	0.0
1434057	0.0
1434255	0.0
1434495	0.0
1434904	0.0
1435987	0.0
1436213	0.0
1437002	0.0
1437294	0.0
1438704	0.0
1438980	0.0
1439443	0.0
1439713	0.0
1439948	0.0
1441162	0.0
1441346	0.0
1441657	0.0
1441774	0.0
1444149	0.0
1444710	0.0
1445934	0.0
1446019	0.0
1446640	0.0
1446773	0.0
1448228	0.0
1448997	0.0
1451102	0.0
1453127	0.0
1453447	0.0
1454922	0.0
1455333	0.0
1456108	0.0
1456286	0.0
1457263	0.0
1458022	0.0
1458323	0.0
1459841	0.0
1460848	0.0
1462139	0.0
1465631	0.0
1465994	0.0
1467275	0.0
1467859	0.0
1467988	0.0
1468142	0.0
1474759	0.0
1475199	0.0
1477246	0.0
1480883	0.0
1483399	0.0
1484062	0.0
1484597	0.0
1485203	0.0
1487067	0.0
1488906	0.0
1489730	0.0
1489774	0.0
1490263	0.0
1490757	0.0
1492262	0.0
1493443	0.0
1493564	0.0
1494235	0.0
1494798	0.0
1500252	0.0
1501096	0.0
1501577	0.0
1502046	0.0
1502318	0.0
1503144	0.0
1503228	0.0
1503513	0.0
1504736	0.0
1508012	0.0
1508097	0.0
1510056	0.0
1510714	0.0
1511368	0.0
1512381	0.0
1512393	0.0
1513843	0.0
1516938	0.0
1517723	0.0
1518078	0.0
1518583	0.0
1519604	0.0
1520126	0.0
1521388	0.0
1522501	0.0
1523439	0.0
1523921	0.0
1524701	0.0
1525263	0.0
1525810	0.0
1525938	0.0
1526535	0.0
1527873	0.0
1528169	0.0
1530639	0.0
1532411	0.0
1532845	0.0
1535258	0.0
1537373	0.0
1539323	0.0
1540755	0.0
1542012	0.0
1545690	0.0
1546813	0.0
1546963	0.0
1551244	0.0
1552907	0.0
1554347	0.0
1555040	0.0
1557039	0.0
1557622	0.0
1559543	0.0
1560249	0.0
1560254	0.0
1560917	0.0
1561081	0.0
1561890	0.0
1562732	0.0
1563468	0.0
1566039	0.0
1566548	0.0
1567642	0.0
1568559	0.0
1568802	0.0
1570117	0.0
1570824	0.0
1571871	0.0
1573454	0.0
1575819	0.0
1577571	0.0
1578421	0.0
1578471	0.0
1579482	0.0
1579701	0.0
1580179	0.0
1580287	0.0
1580520	0.0
1580880	0.0
1581673	0.0
1583344	0.0
1583440	0.0
1583883	0.0
1586269	0.0
1586365	0.0
1587123	0.0
1587180	0.0
1587225	0.0
1587252	0.0
1587973	0.0
1589465	0.0
1590665	0.0
1590803	0.0
1593500	0.0
1594127	0.0
1594203	0.0
1595223	0.0
1595697	0.0
1596065	0.0
1596179	0.0
1596611	0.0
1596673	0.0
1597310	0.0
1599073	0.0
1599443	0.0
1600924	0.0
1600995	0.0
1601017	0.0
1602422	0.0
1602694	0.0
1602744	0.0
1603026	0.0
1604345	0.0
1605279	0.0
1605954	0.0
1606234	0.0
1606560	0.0
1607381	0.0
1607595	0.0
1608835	0.0
1609127	0.0
1609685	0.0
1609842	0.0
1610203	0.0
1611043	0.0
1611405	0.0
1611615	0.0
1613026	0.0
1613268	0.0
1613461	0.0
1614336	0.0
1614582	0.0
1615234	0.0
1615423	0.0
1616531	0.0
1617205	0.0
1618881	0.0
1619213	0.0
1620330	0.0
1621007	0.0
1622459	0.0
1623999	0.0
1625916	0.0
1626287	0.0
1627105	0.0
1629598	0.0
1629719	0.0
1630437	0.0
1630568	0.0
1630818	0.0
1631960	0.0
1632502	0.0
1632783	0.0
1635011	0.0
1637234	0.0
1637248	0.0
1637882	0.0
1639351	0.0
1640310	0.0
1640528	0.0
1641767	0.0
1642379	0.0
1642759	0.0
1643655	0.0
1644685	0.0
1645853	0.0
1647011	0.0
1648179	0.0
1649030	0.0
1649279	0.0
1649594	0.0
1650412	0.0
1651645	0.0
1652353	0.0
1653554	0.0
1654547	0.0
1655252	0.0
1655279	0.0
1657790	0.0
1657812	0.0
1658133	0.0
1660706	0.0
1663158	0.0
1664426	0.0
1665031	0.0
1669080	0.0
1669615	0.0
1669743	0.0
1670419	0.0
1670420	0.0
1673149	0.0
1674746	0.0
1675296	0.0
1679825	0.0
1680882	0.0
1680883	0.0
1681024	0.0
1683615	0.0
1687548	0.0
1687585	0.0
1687876	0.0
1689652	0.0
1690051	0.0
1692177	0.0
1692570	0.0
1693653	0.0
1693961	0.0
1694026	0.0
1696681	0.0
1698738	0.0
1701394	0.0
1701480	0.0
1702767	0.0
1703860	0.0
1703882	0.0
1706852	0.0
1707901	0.0
1708103	0.0
1708338	0.0
1708372	0.0
1708973	0.0
1709466	0.0
1709630	0.0
1709992	0.0
1710120	0.0
1711875	0.0
1712141	0.0
1712486	0.0
1712648	0.0
1716379	0.0
1716634	0.0
1717936	0.0
1719274	0.0
1719607	0.0
1719776	0.0
1723190	0.0
1723371	0.0
1725937	0.0
1726019	0.0
1726126	0.0
1726524	0.0
1728560	0.0
1729210	0.0
1730151	0.0
1730649	0.0
1732606	0.0
1732998	0.0
1733848	0.0
1735832	0.0
1735834	0.0
1736352	0.0
1736453	0.0
1737127	0.0
1737291	0.0
1738190	0.0
1738414	0.0
1738542	0.0
1739290	0.0
1739889	0.0
1740702	0.0
1740738	0.0
1742667	0.0
1742706	0.0
1742866	0.0
1743121	0.0
1743176	0.0
1744109	0.0
1744268	0.0
1744308	0.0
1744326	0.0
1746486	0.0
1746673	0.0
1748518	0.0
1748865	0.0
1749353	0.0
1749397	0.0
1749767	0.0
1751375	0.0
1751604	0.0
1752246	0.0
1753021	0.0
1753180	0.0
1753426	0.0
1753575	0.0
1754172	0.0
1754755	0.0
1756568	0.0
1756592	0.0
1759620	0.0
1759944	0.0
1759949	0.0
1761045	0.0
1761693	0.0
1763489	0.0
1764074	0.0
1764433	0.0
1764571	0.0
1765479	0.0
1765724	0.0
1766062	0.0
1766640	0.0
1766671	0.0
1766817	0.0
1767072	0.0
1767267	0.0
1767888	0.0
1769029	0.0
1770375	0.0
1770483	0.0
1770668	0.0
1770772	0.0
1772139	0.0
1772424	0.0
1772570	0.0
1772633	0.0
1773426	0.0
1773925	0.0
1774806	0.0
1775437	0.0
1776918	0.0
1778158	0.0
1778572	0.0
1778613	0.0
1779721	0.0
1780844	0.0
1781325	0.0
1781813	0.0
1782213	0.0
1782417	0.0
1782991	0.0
1784815	0.0
1785112	0.0
1786709	0.0
1788878	0.0
1788979	0.0
1789949	0.0
1791134	0.0
1791310	0.0
1791971	0.0
1792141	0.0
1792147	0.0
1792187	0.0
1793574	0.0
1794290	0.0
1795009	0.0
1795814	0.0
1796413	0.0
1797796	0.0
1797869	0.0
1798296	0.0
1799096	0.0
1799309	0.0
1799512	0.0
1799626	0.0
1800072	0.0
1801109	0.0
1801577	0.0
1801947	0.0
1803583	0.0
1807233	0.0
1808655	0.0
1809886	0.0
1811525	0.0
1812590	0.0
1812635	0.0
1813072	0.0
1814242	0.0
1814674	0.0
1816115	0.0
1816415	0.0
1816490	0.0
1816594	0.0
1816862	0.0
1817938	0.0
1818180	0.0
1818499	0.0
1819113	0.0
1820559	0.0
1821172	0.0
1821746	0.0
1822018	0.0
1822223	0.0
1823706	0.0
1826493	0.0
1827078	0.0
1828688	0.0
1829226	0.0
1829467	0.0
1830065	0.0
1830612	0.0
1830766	0.0
1830795	0.0
1831554	0.0
1832397	0.0
1832555	0.0
1833706	0.0
1837334	0.0
1837469	0.0
1837806	0.0
1838146	0.0
1839246	0.0
1839657	0.0
1841293	0.0
1842699	0.0
1842778	0.0
1842787	0.0
1842994	0.0
1843100	0.0
1843321	0.0
1843579	0.0
1845300	0.0
1845372	0.0
1845817	0.0
1846831	0.0
1847093	0.0
1847335	0.0
1848283	0.0
1848341	0.0
1848732	0.0
1850622	0.0
1850637	0.0
1853064	0.0
1853210	0.0
1854311	0.0
1855042	0.0
1855347	0.0
1855485	0.0
1857055	0.0
1857858	0.0
1858477	0.0
1860343	0.0
1860723	0.0
1860877	0.0
1862143	0.0
1862694	0.0
1862884	0.0
1863299	0.0
1863667	0.0
1863712	0.0
1864077	0.0
1864310	0.0
1865699	0.0
1866805	0.0
1867167	0.0
1867271	0.0
1867563	0.0
1867681	0.0
1868556	0.0
1868716	0.0
1868948	0.0
1869461	0.0
1870919	0.0
1871764	0.0
1871801	0.0
1872796	0.0
1872826	0.0
1873782	0.0
1875966	0.0
1877841	0.0
1877923	0.0
1878920	0.0
1881432	0.0
1882565	0.0
1883908	0.0
1884014	0.0
1886524	0.0
1886557	0.0
1886772	0.0
1887249	0.0
1891348	0.0
1891365	0.0
1891698	0.0
1892559	0.0
1893528	0.0
1893702	0.0
1894524	0.0
1896362	0.0
1896859	0.0
1897367	0.0
1897901	0.0
1901417	0.0
1901948	0.0
1901952	0.0
1902133	0.0
1902483	0.0
1902853	0.0
1902962	0.0
1904050	0.0
1904065	0.0
1904795	0.0
1904858	0.0
1906012	0.0
1906156	0.0
1906520	0.0
1906527	0.0
1907059	0.0
1909265	0.0
1909492	0.0
1910261	0.0
1912049	0.0
1913588	0.0
1913610	0.0
1913953	0.0
1914619	0.0
1915194	0.0
1915485	0.0
1915637	0.0
1915679	0.0
1915974	0.0
1916990	0.0
1917998	0.0
1918244	0.0
1918437	0.0
1918648	0.0
1919308	0.0
1920445	0.0
1920462	0.0
1920904	0.0
1921040	0.0
1921555	0.0
1921839	0.0
1923313	0.0
1923590	0.0
1923974	0.0
1924604	0.0
1924899	0.0
1925315	0.0
1925565	0.0
1926443	0.0
1926452	0.0
1927099	0.0
1927130	0.0
1929161	0.0
1929599	0.0
1930344	0.0
1930423	0.0
1932422	0.0
1933429	0.0
1935533	0.0
1936737	0.0
1937572	0.0
1938892	0.0
1939415	0.0
1940845	0.0
1940912	0.0
1941788	0.0
1942554	0.0
1942950	0.0
1943247	0.0
1943718	0.0
1944532	0.0
1944576	0.0
1945807	0.0
1946076	0.0
1946318	0.0
1946742	0.0
1946927	0.0
1948605	0.0
1948841	0.0
1949592	0.0
1950285	0.0
1951069	0.0
1951207	0.0
1951455	0.0
1952523	0.0
1953140	0.0
1953323	0.0
1955426	0.0
1955428	0.0
1955566	0.0
1955813	0.0
1957451	0.0
1957926	0.0
1958231	0.0
1958266	0.0
1958838	0.0
1958949	0.0
1959860	0.0
1960199	0.0
1961513	0.0
1961536	0.0
1964591	0.0
1967247	0.0
1969725	0.0
1969815	0.0
1970618	0.0
1970799	0.0
1971567	0.0
1971720	0.0
1972917	0.0
1974579	0.0
1975536	0.0
1976156	0.0
1976254	0.0
1977350	0.0
1977721	0.0
1978446	0.0
1979982	0.0
1981547	0.0
1981810	0.0
1981863	0.0
1984145	0.0
1984317	0.0
1984584	0.0
1984936	0.0
1985045	0.0
1985528	0.0
1986284	0.0
1986431	0.0
1986434	0.0
1986949	0.0
1987295	0.0
1989079	0.0
1991729	0.0
1992458	0.0
1992587	0.0
1993973	0.0
1994500	0.0
1994626	0.0
1994736	0.0
1995165	0.0
1995413	0.0
1995431	0.0
1995675	0.0
1996761	0.0
1997506	0.0
1998286	0.0
1998982	0.0
1999431	0.0
2000464	0.0
2000776	0.0
2001140	0.0
2001962	0.0
2002560	0.0
2004420	0.0
2004884	0.0
2005115	0.0
2005637	0.0
2006580	0.0
2007114	0.0
2009319	0.0
2011160	0.0
2011388	0.0
2012385	0.0
2012709	0.0
2012770	0.0
2012989	0.0
2013978	0.0
2016996	0.0
2017394	0.0
2017965	0.0
2019216	0.0
2019364	0.0
2019481	0.0
2020028	0.0
2020233	0.0
2021029	0.0
2021056	0.0
2021709	0.0
2022798	0.0
2023044	0.0
2023168	0.0
2023682	0.0
2024403	0.0
2025619	0.0
2027357	0.0
2027452	0.0
2030146	0.0
2030292	0.0
2030328	0.0
2031069	0.0
2031242	0.0
2031772	0.0
2032193	0.0
2032823	0.0
2033710	0.0
2034022	0.0
2035094	0.0
2035164	0.0
2035464	0.0
2037500	0.0
2038175	0.0
2038451	0.0
2038490	0.0
2038846	0.0
2039373	0.0
2040034	0.0
2041155	0.0
2042490	0.0
2042722	0.0
2042756	0.0
2042928	0.0
2043735	0.0
2043873	0.0
2045783	0.0
2048285	0.0
2048577	0.0
2048628	0.0
2049653	0.0
2049887	0.0
2051094	0.0
2052483	0.0
2054428	0.0
2054789	0.0
2054870	0.0
2055012	0.0
2056586	0.0
2057667	0.0
2058667	0.0
2058715	0.0
2058724	0.0
2059109	0.0
2059825	0.0
2061563	0.0
2061736	0.0
2061796	0.0
2062694	0.0
2063576	0.0
2063665	0.0
2065267	0.0
2065332	0.0
2066157	0.0
2067782	0.0
2069396	0.0
2070726	0.0
2070814	0.0
2071344	0.0
2071962	0.0
2072002	0.0
2072585	0.0
2073048	0.0
2073092	0.0
2073768	0.0
2074796	0.0
2075116	0.0
2075534	0.0
2076451	0.0
2076638	0.0
2077422	0.0
2077668	0.0
2077927	0.0
2078198	0.0
2078860	0.0
2079012	0.0
2079112	0.0
2080682	0.0
2081837	0.0
2082419	0.0
2082458	0.0
2082569	0.0
2082990	0.0
2083607	0.0
2083718	0.0
2084665	0.0
2084921	0.0
2085357	0.0
2087674	0.0
2088050	0.0
2089229	0.0
2090735	0.0
2090844	0.0
2090892	0.0
2091006	0.0
2091134	0.0
2092526	0.0
2092551	0.0
2092649	0.0
2092893	0.0
2094258	0.0
2094482	0.0
2094978	0.0
2095702	0.0
2096920	0.0
2096944	0.0
2098259	0.0
2099426	0.0
2099535	0.0
2100265	0.0
2101421	0.0
2101595	0.0
2101917	0.0
2102394	0.0
2102539	0.0
2102695	0.0
2103091	0.0
2103330	0.0
2103507	0.0
2104161	0.0
2104607	0.0
2105239	0.0
2105503	0.0
2106971	0.0
2107904	0.0
2108939	0.0
2108954	0.0
2109534	0.0
2109556	0.0
2109731	0.0
2110035	0.0
2110424	0.0
2110512	0.0
2110847	0.0
2111177	0.0
2111771	0.0
2112115	0.0
2112149	0.0
2113217	0.0
2113260	0.0
2113875	0.0
2114385	0.0
2116267	0.0
2116776	0.0
2117095	0.0
2117226	0.0
2117315	0.0
2117502	0.0
2117601	0.0
2117921	0.0
2117984	0.0
2118236	0.0
2119580	0.0
2119705	0.0
2120487	0.0
2120561	0.0
2120930	0.0
2121148	0.0
2121611	0.0
2121886	0.0
2121898	0.0
2122217	0.0
2122892	0.0
2123333	0.0
2123530	0.0
2124411	0.0
2124887	0.0
2125427	0.0
2126760	0.0
2126834	0.0
2126864	0.0
2127658	0.0
2127795	0.0
2128037	0.0
2129439	0.0
2129755	0.0
2129817	0.0
2130121	0.0
2131159	0.0
2131642	0.0
2131686	0.0
2132153	0.0
2134924	0.0
2135390	0.0
2135513	0.0
2135864	0.0
2136074	0.0
2136381	0.0
2136471	0.0
2136609	0.0
2136922	0.0
2137270	0.0
2137901	0.0
2137941	0.0
2138612	0.0
2138899	0.0
2138918	0.0
2139930	0.0
2140213	0.0
2140361	0.0
2140664	0.0
2141037	0.0
2141810	0.0
2142162	0.0
2142317	0.0
2143660	0.0
2144526	0.0
2144903	0.0
2145623	0.0
2145937	0.0
2146132	0.0
2146757	0.0
2146777	0.0
2146930	0.0
2147691	0.0
2148292	0.0
2148731	0.0
2148766	0.0
2149006	0.0
2149923	0.0
2149997	0.0
2151678	0.0
2151748	0.0
2152081	0.0
2152746	0.0
2152912	0.0
2153172	0.0
2153896	0.0
2154294	0.0
2154432	0.0
2154545	0.0
2154589	0.0
2155252	0.0
2155465	0.0
2155869	0.0
2156012	0.0
2156617	0.0
2156776	0.0
2157155	0.0
2157190	0.0
2158133	0.0
2159355	0.0
2160002	0.0
2160258	0.0
2160546	0.0
2161118	0.0
2161125	0.0
2161135	0.0
2161624	0.0
2161865	0.0
2162163	0.0
2162464	0.0
2162615	0.0
2162816	0.0
2163062	0.0
2163087	0.0
2163144	0.0
2163243	0.0
2163253	0.0
2163358	0.0
2163584	0.0
2163677	0.0
2163900	0.0
2164091	0.0
2164268	0.0
2164294	0.0
2165058	0.0
2165484	0.0
2166113	0.0
2166636	0.0
2167284	0.0
2167317	0.0
2167571	0.0
2167644	0.0
2168522	0.0
2168728	0.0
2168862	0.0
2169073	0.0
2169143	0.0
2169834	0.0
2169931	0.0
2170113	0.0
2170160	0.0
2170558	0.0
2170711	0.0
2171070	0.0
2171487	0.0
2171770	0.0
2172078	0.0
2172176	0.0
2172275	0.0
2172617	0.0
2172621	0.0
2172628	0.0
2172820	0.0
2172971	0.0
2173427	0.0
2173932	0.0
2174385	0.0
2174397	0.0
2175501	0.0
2175753	0.0
2176609	0.0
2177578	0.0
2177798	0.0
2178034	0.0
2178176	0.0
2178319	0.0
2178513	0.0
2179212	0.0
2179656	0.0
2179737	0.0
2179773	0.0
2180055	0.0
2180303	0.0
2180401	0.0
2180436	0.0
2180895	0.0
2180903	0.0
2181214	0.0
2181259	0.0
2181693	0.0
2181696	0.0
2181734	0.0
2182593	0.0
2182648	0.0
2182697	0.0
2182728	0.0
2183856	0.0
2183880	0.0
2184051	0.0
2184179	0.0
2184360	0.0
2184692	0.0
2185461	0.0
2185605	0.0
2185744	0.0
2186169	0.0
2186582	0.0
2186720	0.0
2186986	0.0
2187329	0.0
2187985	0.0
2188103	0.0
2188421	0.0
2189091	0.0
2189208	0.0
2189660	0.0
2190465	0.0
2190594	0.0
2190766	0.0
2191008	0.0
2191049	0.0
2191662	0.0
2191802	0.0
2192718	0.0
2192833	0.0
2193016	0.0
2193032	0.0
2193271	0.0
2193298	0.0
2193549	0.0
2194246	0.0
2194389	0.0
2196237	0.0
2196273	0.0
2196297	0.0
2197117	0.0
2197918	0.0
2198260	0.0
2198359	0.0
2198585	0.0
2199242	0.0
2199336	0.0
2199611	0.0
2199814	0.0
2199855	0.0
2200015	0.0
2200234	0.0
2200846	0.0
2201085	0.0
2201143	0.0
2201784	0.0
2202125	0.0
2202246	0.0
2202375	0.0
2202846	0.0
2203563	0.0
2203891	0.0
2204217	0.0
2204420	0.0
2204429	0.0
2204461	0.0
2206457	0.0
2206473	0.0
2206558	0.0
2207320	0.0
2207966	0.0
2208878	0.0
2209118	0.0
2209344	0.0
2209521	0.0
2209713	0.0
2209769	0.0
2209787	0.0
2209877	0.0
2210388	0.0
2210401	0.0
2210557	0.0
2210989	0.0
2211412	0.0
2211794	0.0
2211856	0.0
2211934	0.0
2212583	0.0
2213126	0.0
2213187	0.0
2213365	0.0
2213592	0.0
2213687	0.0
2213864	0.0
2213920	0.0
2214326	0.0
2214424	0.0
2214572	0.0
2214793	0.0
2215058	0.0
2216305	0.0
2216534	0.0
2216785	0.0
2216920	0.0
2217898	0.0
2218726	0.0
2219340	0.0
2219434	0.0
2219576	0.0
2219648	0.0
2219754	0.0
2219785	0.0
2220216	0.0
2220874	0.0
2221151	0.0
2221616	0.0
2221803	0.0
2222144	0.0
2222180	0.0
2222370	0.0
2222894	0.0
2223218	0.0
2223340	0.0
2223553	0.0
2223567	0.0
2223794	0.0
2224326	0.0
2224615	0.0
2225383	0.0
2225919	0.0
2226108	0.0
2226274	0.0
2226338	0.0
2227250	0.0
2227296	0.0
2227357	0.0
2227722	0.0
2228320	0.0
2228955	0.0
2228964	0.0
2229643	0.0
2229701	0.0
2229740	0.0
2229930	0.0
2230184	0.0
2230373	0.0
2230575	0.0
2230582	0.0
2230883	0.0
2231240	0.0
2231261	0.0
2231735	0.0
2232101	0.0
2232292	0.0
2232704	0.0
2233268	0.0
2233358	0.0
2233548	0.0
2233821	0.0
2233987	0.0
2234194	0.0
2234852	0.0
2235157	0.0
2235871	0.0
2236563	0.0
2237467	0.0
2237646	0.0
2237945	0.0
2238438	0.0
2239569	0.0
2242187	0.0
2242284	0.0
2243225	0.0
2243644	0.0
2243790	0.0
2243856	0.0
2244253	0.0
2244816	0.0
2245060	0.0
2245545	0.0
2245655	0.0
2246147	0.0
2246197	0.0
2246356	0.0
2246903	0.0
2247001	0.0
2247059	0.0
2247525	0.0
2249004	0.0
2249362	0.0
2249463	0.0
2249537	0.0
2249706	0.0
2250037	0.0
2250217	0.0
2250316	0.0
2251134	0.0
2252095	0.0
2252333	0.0
2252466	0.0
2253038	0.0
2253225	0.0
2253443	0.0
2254713	0.0
2255212	0.0
2255865	0.0
2256096	0.0
2256166	0.0
2256894	0.0
2258251	0.0
2258271	0.0
2258275	0.0
2258864	0.0
2259151	0.0
2259244	0.0
2259346	0.0
2259604	0.0
2260231	0.0
2261344	0.0
2261379	0.0
2261482	0.0
2261516	0.0
2261647	0.0
2261789	0.0
2261806	0.0
2262097	0.0
2263243	0.0
2263505	0.0
2264119	0.0
2264294	0.0
2264877	0.0
2265112	0.0
2265113	0.0
2265450	0.0
2265745	0.0
2267496	0.0
2268454	0.0
2268813	0.0
2269045	0.0
2269734	0.0
2269784	0.0
2270323	0.0
2270335	0.0
2270625	0.0
2270815	0.0
2270996	0.0
2271126	0.0
2271762	0.0
2272825	0.0
2273244	0.0
2273513	0.0
2273587	0.0
2275098	0.0
2275179	0.0
2276623	0.0
2276690	0.0
2276865	0.0
2277504	0.0
2278282	0.0
2278433	0.0
2278482	0.0
2278522	0.0
2278669	0.0
2278943	0.0
2279156	0.0
2279682	0.0
2280064	0.0
2280449	0.0
2281620	0.0
2282134	0.0
2282176	0.0
2282615	0.0
2282625	0.0
2283682	0.0
2283926	0.0
2283938	0.0
2284535	0.0
2284878	0.0
2285659	0.0
2285778	0.0
2286860	0.0
2287036	0.0
2289317	0.0
2289478	0.0
2290096	0.0
2290320	0.0
2290453	0.0
2290902	0.0
2291675	0.0
2292765	0.0
2292877	0.0
2293553	0.0
2293644	0.0
2293856	0.0
2294356	0.0
2294501	0.0
2294567	0.0
2295320	0.0
2295655	0.0
2295841	0.0
2296035	0.0
2296701	0.0
2297152	0.0
2297482	0.0
2297567	0.0
2298049	0.0
2298764	0.0
2299584	0.0
2299817	0.0
2299972	0.0
2300458	0.0
2300674	0.0
2300847	0.0
2301006	0.0
2301894	0.0
2302810	0.0
2303108	0.0
2303541	0.0
2304086	0.0
2305005	0.0
2305254	0.0
2305379	0.0
2305460	0.0
2305529	0.0
2305596	0.0
2305790	0.0
2306355	0.0
2306715	0.0
2307213	0.0
2308044	0.0
2308936	0.0
2310467	0.0
2311386	0.0
2311909	0.0
2312302	0.0
2312566	0.0
2312608	0.0
2312894	0.0
2313093	0.0
2313213	0.0
2313547	0.0
2313582	0.0
2313715	0.0
2313763	0.0
2313822	0.0
2314190	0.0
2314271	0.0
2314272	0.0
2314890	0.0
2315623	0.0
2316310	0.0
2317425	0.0
2319943	0.0
2320013	0.0
2320055	0.0
2320361	0.0
2320708	0.0
2320921	0.0
2321066	0.0
2321077	0.0
2321119	0.0
2321878	0.0
2321985	0.0
2322132	0.0
2322363	0.0
2323119	0.0
2323652	0.0
2324610	0.0
2325851	0.0
2326158	0.0
2326171	0.0
2326194	0.0
2326819	0.0
2326830	0.0
2326865	0.0
2326921	0.0
2327157	0.0
2327484	0.0
2327955	0.0
2329008	0.0
2329256	0.0
2329586	0.0
2329679	0.0
2329868	0.0
2329893	0.0
2330073	0.0
2330188	0.0
2330329	0.0
2330644	0.0
2330970	0.0
2331019	0.0
2331276	0.0
2331333	0.0
2331787	0.0
2331863	0.0
2332273	0.0
2332908	0.0
2333102	0.0
2333175	0.0
2333468	0.0
2333779	0.0
2334158	0.0
2334315	0.0
2334379	0.0
2334875	0.0
2336570	0.0
2336593	0.0
2337049	0.0
2337159	0.0
2337569	0.0
2337983	0.0
2338104	0.0
2338284	0.0
2338525	0.0
2338626	0.0
2339717	0.0
2339947	0.0
2340952	0.0
2341630	0.0
2342289	0.0
2342719	0.0
2342794	0.0
2343005	0.0
2343250	0.0
2343643	0.0
2343999	0.0
2344630	0.0
2347002	0.0
2347086	0.0
2347609	0.0
2348699	0.0
2348824	0.0
2348968	0.0
2349623	0.0
2349760	0.0
2349807	0.0
2350488	0.0
2350978	0.0
2351227	0.0
2352169	0.0
2352421	0.0
2352506	0.0
2352782	0.0
2352797	0.0
2353090	0.0
2354058	0.0
2354541	0.0
2355293	0.0
2355746	0.0
2355907	0.0
2355915	0.0
2356187	0.0
2356345	0.0
2357007	0.0
2357017	0.0
2357574	0.0
2357654	0.0
2358661	0.0
2359398	0.0
2359586	0.0
2359720	0.0
2359745	0.0
2359824	0.0
2359841	0.0
2360432	0.0
2360761	0.0
2360908	0.0
2360937	0.0
2361394	0.0
2361476	0.0
2362080	0.0
2362125	0.0
2362271	0.0
2362277	0.0
2362588	0.0
2362630	0.0
2362746	0.0
2362849	0.0
2362908	0.0
2363060	0.0
2363670	0.0
2363774	0.0
2363828	0.0
2364005	0.0
2364532	0.0
2364537	0.0
2364758	0.0
2364770	0.0
2364850	0.0
2365005	0.0
2365246	0.0
2365295	0.0
2365384	0.0
2365394	0.0
2365877	0.0
2366504	0.0
2367080	0.0
2367648	0.0
2367952	0.0
2368069	0.0
2368610	0.0
2368647	0.0
2368723	0.0
2368788	0.0
2368882	0.0
2369387	0.0
2369487	0.0
2369632	0.0
2369835	0.0
2370419	0.0
2370930	0.0
2371411	0.0
2372414	0.0
2372415	0.0
2372639	0.0
2373026	0.0
2374271	0.0
2374343	0.0
2374415	0.0
2374447	0.0
2374593	0.0
2374801	0.0
2375051	0.0
2375237	0.0
2375307	0.0
2375470	0.0
2375761	0.0
2376155	0.0
2376630	0.0
2376804	0.0
2377584	0.0
2377689	0.0
2377963	0.0
2378142	0.0
2378606	0.0
2378688	0.0
2378820	0.0
2379182	0.0
2379350	0.0
2379496	0.0
2379874	0.0
2380382	0.0
2380469	0.0
2380951	0.0
2381035	0.0
2381315	0.0
2381403	0.0
2382635	0.0
2382747	0.0
2382868	0.0
2383042	0.0
2383445	0.0
2383748	0.0
2384726	0.0
2384803	0.0
2384918	0.0
2385733	0.0
2386333	0.0
2386756	0.0
2387086	0.0
2387412	0.0
2387444	0.0
2387662	0.0
2387779	0.0
2387968	0.0
2387986	0.0
2388082	0.0
2388112	0.0
2388498	0.0
2388593	0.0
2389108	0.0
2389594	0.0
2389863	0.0
2390387	0.0
2390529	0.0
2390557	0.0
2391417	0.0
2391716	0.0
2391807	0.0
2392298	0.0
2392493	0.0
2393431	0.0
2394103	0.0
2394125	0.0
2394389	0.0
2394575	0.0
2394766	0.0
2394918	0.0
2394927	0.0
2395143	0.0
2395884	0.0
2395949	0.0
2396416	0.0
2396591	0.0
2397307	0.0
2398168	0.0
2398301	0.0
2399362	0.0
2399787	0.0
2399921	0.0
2400328	0.0
2401318	0.0
2401670	0.0
2401800	0.0
2402147	0.0
2402204	0.0
2402218	0.0
2402525	0.0
2403036	0.0
2403244	0.0
2403411	0.0
2403477	0.0
2403673	0.0
2403773	0.0
2403804	0.0
2404174	0.0
2404249	0.0
2404324	0.0
2404411	0.0
2405358	0.0
2405444	0.0
2405502	0.0
2405710	0.0
2405998	0.0
2406582	0.0
2406911	0.0
2406937	0.0
2406942	0.0
2407194	0.0
2407814	0.0
2408015	0.0
2408200	0.0
2408492	0.0
2408988	0.0
2409291	0.0
2409651	0.0
2409688	0.0
2409752	0.0
2410118	0.0
2410406	0.0
2411145	0.0
2411532	0.0
2411533	0.0
2411769	0.0
2411837	0.0
2412052	0.0
2412110	0.0
2413078	0.0
2414007	0.0
2414333	0.0
2414570	0.0
2415042	0.0
2415062	0.0
2415320	0.0
2415510	0.0
2415797	0.0
2415902	0.0
2416076	0.0
2416320	0.0
2416496	0.0
2416548	0.0
2416741	0.0
2417019	0.0
2417157	0.0
2417607	0.0
2417612	0.0
2417703	0.0
2418066	0.0
2418682	0.0
2419273	0.0
2419678	0.0
2420065	0.0
2420113	0.0
2420277	0.0
2420312	0.0
2420318	0.0
2420359	0.0
2420595	0.0
2420705	0.0
2420855	0.0
2421026	0.0
2421110	0.0
2421397	0.0
2421418	0.0
2421915	0.0
2422014	0.0
2422096	0.0
2422384	0.0
2422525	0.0
2422661	0.0
2422702	0.0
2422791	0.0
2422960	0.0
2422970	0.0
2423028	0.0
2423128	0.0
2423262	0.0
2423741	0.0
2423984	0.0
2424954	0.0
2424996	0.0
2425159	0.0
2425227	0.0
2425318	0.0
2425600	0.0
2425864	0.0
2426062	0.0
2426573	0.0
2426866	0.0
2427117	0.0
2427268	0.0
2427373	0.0
2427561	0.0
2427667	0.0
2427709	0.0
2427876	0.0
2427878	0.0
2428004	0.0
2428945	0.0
2429486	0.0
2429542	0.0
2429707	0.0
2429893	0.0
2430124	0.0
2430654	0.0
2430735	0.0
2431149	0.0
2431249	0.0
2431318	0.0
2431554	0.0
2431584	0.0
2431594	0.0
2431883	0.0
2432037	0.0
2432183	0.0
2432210	0.0
2432832	0.0
2432877	0.0
2433142	0.0
2433235	0.0
2433595	0.0
2433782	0.0
2434463	0.0
2434785	0.0
2434828	0.0
2435115	0.0
2435348	0.0
2435596	0.0
2435814	0.0
2435901	0.0
2436129	0.0
2436298	0.0
2436448	0.0
2436480	0.0
2436830	0.0
2436945	0.0
2437018	0.0
2437097	0.0
2437225	0.0
2437234	0.0
2437547	0.0
2437621	0.0
2438345	0.0
2438765	0.0
2438811	0.0
2438940	0.0
2439133	0.0
2439407	0.0
2439576	0.0
2439775	0.0
2439905	0.0
2439993	0.0
2440230	0.0
2440267	0.0
2440334	0.0
2440361	0.0
2440553	0.0
2440838	0.0
2440921	0.0
2441226	0.0
2441533	0.0
2441861	0.0
2442216	0.0
2442240	0.0
2442251	0.0
2442453	0.0
2442494	0.0
2442559	0.0
2442589	0.0
2442627	0.0
2442682	0.0
2442729	0.0
2442862	0.0
2443405	0.0
2443954	0.0
2444044	0.0
2444319	0.0
2444470	0.0
2444670	0.0
2445166	0.0
2445262	0.0
2445476	0.0
2445658	0.0
2445693	0.0
2445816	0.0
2445825	0.0
2445914	0.0
2445979	0.0
2446240	0.0
2446552	0.0
2446910	0.0
2446916	0.0
2446965	0.0
2447243	0.0
2447272	0.0
2447531	0.0
2447792	0.0
2447904	0.0
2447961	0.0
2448106	0.0
2448216	0.0
2448260	0.0
2448262	0.0
2448315	0.0
2448344	0.0
2448665	0.0
2448769	0.0
2448818	0.0
2449144	0.0
2449400	0.0
2449749	0.0
2450747	0.0
2450783	0.0
2450948	0.0
2450961	0.0
2450966	0.0
2451573	0.0
2451596	0.0
2451613	0.0
2451732	0.0
2451773	0.0
2451833	0.0
2451898	0.0
2451990	0.0
2452032	0.0
2452120	0.0
2452331	0.0
2452657	0.0
2452683	0.0
2452713	0.0
2452879	0.0
2453001	0.0
2453138	0.0
2453164	0.0
2453717	0.0
2453781	0.0
2453946	0.0
2454083	0.0
2454146	0.0
2454223	0.0
2454288	0.0
2454751	0.0
2455611	0.0
2456010	0.0
2456057	0.0
2456300	0.0
2456776	0.0
2456951	0.0
2456959	0.0
2456997	0.0
2457074	0.0
2457080	0.0
2457081	0.0
2457254	0.0
2457265	0.0
2457462	0.0
2457545	0.0
2457686	0.0
2457751	0.0
2457902	0.0
2457905	0.0
2458256	0.0
2458458	0.0
2458745	0.0
2458989	0.0
2459297	0.0
2459394	0.0
2459495	0.0
2460035	0.0
2460533	0.0
2460827	0.0
2461003	0.0
2461329	0.0
2461453	0.0
2461562	0.0
2461585	0.0
2461722	0.0
2461782	0.0
2461973	0.0
2462108	0.0
2462403	0.0
2462455	0.0
2462752	0.0
2463074	0.0
2463203	0.0
2463368	0.0
2463871	0.0
2464128	0.0
2464465	0.0
2464653	0.0
2464755	0.0
2464768	0.0
2464800	0.0
2464946	0.0
2465165	0.0
2465488	0.0
2465522	0.0
2465889	0.0
2466021	0.0
2466170	0.0
2466453	0.0
2466521	0.0
2466827	0.0
2466975	0.0
2467019	0.0
2467205	0.0
2467468	0.0
2467709	0.0
2468167	0.0
2468307	0.0
2468345	0.0
2468534	0.0
2468721	0.0
2468744	0.0
2469091	0.0
2469119	0.0
2469463	0.0
2470115	0.0
2470142	0.0
2470271	0.0
2470402	0.0
2470581	0.0
2471768	0.0
2472268	0.0
2472575	0.0
2472731	0.0
2472835	0.0
2472869	0.0
2473001	0.0
2473285	0.0
2473547	0.0
2473871	0.0
2474342	0.0
2474696	0.0
2475268	0.0
2475305	0.0
2475894	0.0
2476614	0.0
2476738	0.0
2476750	0.0
2476981	0.0
2477230	0.0
2477397	0.0
2477584	0.0
2478185	0.0
2478495	0.0
2478513	0.0
2478613	0.0
2479098	0.0
2479220	0.0
2479344	0.0
2479439	0.0
2479494	0.0
2480884	0.0
2481801	0.0
2481947	0.0
2483490	0.0
2483579	0.0
2483714	0.0
2483867	0.0
2484657	0.0
2485059	0.0
2485250	0.0
2485303	0.0
2485534	0.0
2485833	0.0
2485838	0.0
2486158	0.0
2486165	0.0
2486322	0.0
2487422	0.0
2487426	0.0
2487443	0.0
2487536	0.0
2487862	0.0
2488003	0.0
2488450	0.0
2488524	0.0
2488964	0.0
2489358	0.0
2489364	0.0
2489376	0.0
2489845	0.0
2489978	0.0
2490305	0.0
2490401	0.0
2490690	0.0
2490702	0.0
2491230	0.0
2491363	0.0
2492028	0.0
2493321	0.0
2493637	0.0
2493760	0.0
2494471	0.0
2494531	0.0
2494949	0.0
2495447	0.0
2495878	0.0
2496318	0.0
2496586	0.0
2497325	0.0
2497503	0.0
2497577	0.0
2497621	0.0
2498200	0.0
2498744	0.0
2498785	0.0
2498850	0.0
2499429	0.0
2499485	0.0
2499805	0.0
2499845	0.0
2500203	0.0
2500396	0.0
2500732	0.0
2500804	0.0
2500989	0.0
2501014	0.0
2501664	0.0
2501861	0.0
2501868	0.0
2502278	0.0
2502415	0.0
2502818	0.0
2503180	0.0
2503248	0.0
2503645	0.0
2503697	0.0
2504124	0.0
2504228	0.0
2504794	0.0
2504846	0.0
2505996	0.0
2506016	0.0
2506212	0.0
2506572	0.0
2506690	0.0
2507227	0.0
2507452	0.0
2507462	0.0
2507681	0.0
2508211	0.0
2508553	0.0
2508666	0.0
2509627	0.0
2509643	0.0
2510368	0.0
2510412	0.0
2510613	0.0
2511190	0.0
2511368	0.0
2511751	0.0
2511839	0.0
2512525	0.0
2512727	0.0
2512788	0.0
2513922	0.0
2514069	0.0
2514291	0.0
2514385	0.0
2514632	0.0
2515134	0.0
2515376	0.0
2515554	0.0
2515605	0.0
2516833	0.0
2517863	0.0
2518150	0.0
2518192	0.0
2518197	0.0
2518606	0.0
2518900	0.0
2519696	0.0
2520326	0.0
2520629	0.0
2521244	0.0
2521286	0.0
2522069	0.0
2522602	0.0
2523072	0.0
2523085	0.0
2523203	0.0
2523339	0.0
2523468	0.0
2523513	0.0
2523936	0.0
2524190	0.0
2524585	0.0
2525177	0.0
2525775	0.0
2525803	0.0
2525881	0.0
2526772	0.0
2527487	0.0
2527870	0.0
2527876	0.0
2529212	0.0
2529327	0.0
2529639	0.0
2530171	0.0
2531127	0.0
2531370	0.0
2533068	0.0
2533116	0.0
2533172	0.0
2533447	0.0
2533588	0.0
2534451	0.0
2534867	0.0
2535834	0.0
2537243	0.0
2538398	0.0
2539622	0.0
2539817	0.0
2542533	0.0
2543142	0.0
2543634	0.0
2543733	0.0
2544658	0.0
2545061	0.0
2545219	0.0
2546503	0.0
2546992	0.0
2547417	0.0
2547537	0.0
2548578	0.0
2548580	0.0
2548587	0.0
2551600	0.0
2551698	0.0
2551875	0.0
2552593	0.0
2553017	0.0
2553165	0.0
2554210	0.0
2555432	0.0
2555886	0.0
2557041	0.0
2557187	0.0
2557612	0.0
2558086	0.0
2558164	0.0
2559068	0.0
2559736	0.0
2559969	0.0
2560993	0.0
2562805	0.0
2563452	0.0
2565106	0.0
2566946	0.0
2567000	0.0
2567087	0.0
2567865	0.0
2568358	0.0
2568567	0.0
2569080	0.0
2571292	0.0
2572731	0.0
2573183	0.0
2573565	0.0
2573711	0.0
2573779	0.0
2574220	0.0
2574281	0.0
2574386	0.0
2576489	0.0
2576496	0.0
2576569	0.0
2576823	0.0
2577053	0.0
2578456	0.0
2578560	0.0
2579862	0.0
2580743	0.0
2581189	0.0
2582457	0.0
2582889	0.0
2585186	0.0
2585591	0.0
2586021	0.0
2586608	0.0
2586989	0.0
2588780	0.0
2589620	0.0
2590035	0.0
2590248	0.0
2590508	0.0
2590555	0.0
2590578	0.0
2590758	0.0
2591459	0.0
2592675	0.0
2593618	0.0
2594500	0.0
2594940	0.0
2595301	0.0
2595539	0.0
2595615	0.0
2596067	0.0
2596781	0.0
2597145	0.0
2598734	0.0
2599431	0.0
2602014	0.0
2602777	0.0
2602812	0.0
2603019	0.0
2603961	0.0
2604596	0.0
2604817	0.0
2605175	0.0
2605409	0.0
2609052	0.0
2609708	0.0
2609713	0.0
2610496	0.0
2611512	0.0
2612577	0.0
2612998	0.0
2613371	0.0
2613597	0.0
2614306	0.0
2615040	0.0
2615642	0.0
2617895	0.0
2617956	0.0
2618799	0.0
2619641	0.0
2624714	0.0
2631780	0.0
1540	1.0
1650	1.0
2398	1.0
2564	1.0
2763	1.0
5273	1.0
6037	1.0
6822	1.0
8489	1.0
11461	1.0
12146	1.0
13743	1.0
13796	1.0
13884	1.0
17310	1.0
19463	1.0
20046	1.0
20666	1.0
23434	1.0
24463	1.0
24580	1.0
27195	1.0
29487	1.0
30776	1.0
41479	1.0
43721	1.0
52339	1.0
58923	1.0
62822	1.0
63105	1.0
63312	1.0
64439	1.0
64650	1.0
65258	1.0
65371	1.0
67706	1.0
71257	1.0
73739	1.0
74768	1.0
76113	1.0
76506	1.0
79410	1.0
83565	1.0
92335	1.0
93165	1.0
101860	1.0
111318	1.0
116270	1.0
120987	1.0
129298	1.0
136821	1.0
141162	1.0
144683	1.0
145053	1.0
147896	1.0
149298	1.0
149509	1.0
151374	1.0
153043	1.0
155698	1.0
156427	1.0
164540	1.0
166193	1.0
166269	1.0
167355	1.0
167662	1.0
172059	1.0
175330	1.0
181640	1.0
190487	1.0
200578	1.0
209237	1.0
209959	1.0
221394	1.0
223950	1.0
226877	1.0
228268	1.0
231179	1.0
235327	1.0
236282	1.0
237304	1.0
237316	1.0
249552	1.0
253347	1.0
262974	1.0
265191	1.0
266853	1.0
268722	1.0
269324	1.0
270117	1.0
272052	1.0
274256	1.0
281221	1.0
288154	1.0
288848	1.0
289022	1.0
291672	1.0
295972	1.0
296944	1.0
298781	1.0
323100	1.0
326170	1.0
326229	1.0
327343	1.0
332145	1.0
334093	1.0
335340	1.0
337551	1.0
345235	1.0
346441	1.0
348506	1.0
350197	1.0
350826	1.0
352615	1.0
354835	1.0
359376	1.0
363948	1.0
374403	1.0
378020	1.0
380034	1.0
386759	1.0
391280	1.0
393881	1.0
394246	1.0
396202	1.0
400118	1.0
401272	1.0
406416	1.0
412192	1.0
413072	1.0
418222	1.0
420285	1.0
424361	1.0
427146	1.0
427921	1.0
434537	1.0
436079	1.0
439956	1.0
446230	1.0
450585	1.0
453646	1.0
453928	1.0
458643	1.0
462747	1.0
465180	1.0
468037	1.0
468961	1.0
469910	1.0
475320	1.0
477896	1.0
480366	1.0
480785	1.0
481548	1.0
481565	1.0
494784	1.0
495331	1.0
497133	1.0
498945	1.0
499835	1.0
501799	1.0
504310	1.0
505147	1.0
506305	1.0
509965	1.0
510066	1.0
510857	1.0
511096	1.0
511613	1.0
512780	1.0
515046	1.0
516205	1.0
517647	1.0
518545	1.0
524832	1.0
524871	1.0
530075	1.0
532963	1.0
534431	1.0
534820	1.0
535372	1.0
538165	1.0
539593	1.0
540433	1.0
546531	1.0
547500	1.0
548742	1.0
548944	1.0
554867	1.0
558403	1.0
558980	1.0
560175	1.0
562022	1.0
562921	1.0
564079	1.0
564764	1.0
565733	1.0
567530	1.0
570489	1.0
571540	1.0
572592	1.0
577416	1.0
578170	1.0
579781	1.0
582585	1.0
583266	1.0
584610	1.0
591419	1.0
598913	1.0
599516	1.0
601292	1.0
602443	1.0
606008	1.0
607361	1.0
610182	1.0
611261	1.0
614771	1.0
616909	1.0
623839	1.0
624180	1.0
624232	1.0
627783	1.0
628482	1.0
628691	1.0
636845	1.0
637715	1.0
642211	1.0
645383	1.0
649381	1.0
653610	1.0
656994	1.0
662024	1.0
664799	1.0
666445	1.0
673268	1.0
674698	1.0
675908	1.0
676818	1.0
677966	1.0
678872	1.0
679310	1.0
682079	1.0
688954	1.0
691480	1.0
692361	1.0
692552	1.0
693665	1.0
700504	1.0
702483	1.0
702582	1.0
708162	1.0
709546	1.0
712761	1.0
714514	1.0
715143	1.0
716811	1.0
717382	1.0
717967	1.0
723036	1.0
726538	1.0
729188	1.0
732420	1.0
734907	1.0
736281	1.0
736680	1.0
738009	1.0
740904	1.0
741246	1.0
741997	1.0
744110	1.0
746252	1.0
746549	1.0
747348	1.0
748173	1.0
749809	1.0
755306	1.0
756438	1.0
756725	1.0
757700	1.0
761640	1.0
765297	1.0
766647	1.0
769053	1.0
769147	1.0
770245	1.0
771476	1.0
771534	1.0
772874	1.0
773785	1.0
774436	1.0
775641	1.0
777029	1.0
778732	1.0
784657	1.0
786916	1.0
788603	1.0
790285	1.0
793477	1.0
794855	1.0
795338	1.0
795571	1.0
797668	1.0
802943	1.0
804074	1.0
805554	1.0
811784	1.0
814159	1.0
817728	1.0
822060	1.0
827367	1.0
829040	1.0
829559	1.0
831656	1.0
833756	1.0
835504	1.0
839355	1.0
842498	1.0
843925	1.0
848869	1.0
849963	1.0
853125	1.0
853278	1.0
855264	1.0
855506	1.0
855522	1.0
857402	1.0
859923	1.0
861154	1.0
866805	1.0
869142	1.0
872139	1.0
874087	1.0
883069	1.0
893215	1.0
896229	1.0
899979	1.0
900751	1.0
907691	1.0
911065	1.0
912584	1.0
912658	1.0
915736	1.0
918487	1.0
920214	1.0
921263	1.0
936897	1.0
941843	1.0
942864	1.0
947863	1.0
948217	1.0
950136	1.0
950799	1.0
953962	1.0
955372	1.0
955979	1.0
957213	1.0
958918	1.0
964735	1.0
967255	1.0
969398	1.0
969510	1.0
971728	1.0
972728	1.0
973589	1.0
975247	1.0
979763	1.0
979824	1.0
981319	1.0
982365	1.0
982740	1.0
982962	1.0
986452	1.0
986942	1.0
987087	1.0
989710	1.0
993273	1.0
998109	1.0
1001275	1.0
1001432	1.0
1001554	1.0
1005963	1.0
1008988	1.0
1010215	1.0
1010785	1.0
1011462	1.0
1011805	1.0
1011947	1.0
1012336	1.0
1015567	1.0
1015805	1.0
1018450	1.0
1021338	1.0
1024750	1.0
1027100	1.0
1027467	1.0
1027654	1.0
1030393	1.0
1030878	1.0
1033201	1.0
1036190	1.0
1036766	1.0
1037565	1.0
1039290	1.0
1040916	1.0
1045267	1.0
1046481	1.0
1049309	1.0
1050709	1.0
1052713	1.0
1052884	1.0
1053315	1.0
1056328	1.0
1058634	1.0
1059750	1.0
1062936	1.0
1064067	1.0
1065278	1.0
1065728	1.0
1068197	1.0
1070910	1.0
1071568	1.0
1074067	1.0
1074183	1.0
1074801	1.0
1075249	1.0
1076912	1.0
1080635	1.0
1080711	1.0
1081241	1.0
1082304	1.0
1086300	1.0
1089268	1.0
1099841	1.0
1100627	1.0
1100927	1.0
1102739	1.0
1103471	1.0
1106109	1.0
1106581	1.0
1107864	1.0
1110731	1.0
1117817	1.0
1119458	1.0
1123389	1.0
1133355	1.0
1134640	1.0
1134729	1.0
1134896	1.0
1135526	1.0
1136793	1.0
1142861	1.0
1144614	1.0
1146145	1.0
1148042	1.0
1150434	1.0
1156829	1.0
1157682	1.0
1158571	1.0
1158610	1.0
1164671	1.0
1169486	1.0
1170860	1.0
1177861	1.0
1178289	1.0
1178619	1.0
1187920	1.0
1188898	1.0
1190315	1.0
1190683	1.0
1191201	1.0
1193506	1.0
1194219	1.0
1194337	1.0
1199984	1.0
1200063	1.0
1202447	1.0
1205454	1.0
1208305	1.0
1210529	1.0
1211474	1.0
1211803	1.0
1213589	1.0
1214122	1.0
1214201	1.0
1215059	1.0
1215680	1.0
1216587	1.0
1216756	1.0
1222295	1.0
1222963	1.0
1226729	1.0
1228461	1.0
1228554	1.0
1229015	1.0
1235322	1.0
1237811	1.0
1239372	1.0
1239645	1.0
1240838	1.0
1242726	1.0
1243852	1.0
1245719	1.0
1245728	1.0
1247678	1.0
1250694	1.0
1250917	1.0
1251528	1.0
1253974	1.0
1254059	1.0
1254238	1.0
1254796	1.0
1255816	1.0
1256149	1.0
1256570	1.0
1257537	1.0
1258976	1.0
1261588	1.0
1262337	1.0
1262409	1.0
1262816	1.0
1263439	1.0
1264301	1.0
1264679	1.0
1265915	1.0
1266162	1.0
1267765	1.0
1267918	1.0
1268835	1.0
1269506	1.0
1271879	1.0
1276547	1.0
1278407	1.0
1278575	1.0
1280304	1.0
1280544	1.0
1281236	1.0
1281305	1.0
1282127	1.0
1282869	1.0
1283461	1.0
1284480	1.0
1284945	1.0
1285357	1.0
1289404	1.0
1289871	1.0
1290936	1.0
1291061	1.0
1291334	1.0
1291453	1.0
1292461	1.0
1293523	1.0
1294093	1.0
1294311	1.0
1295102	1.0
1299247	1.0
1299745	1.0
1300303	1.0
1300978	1.0
1301680	1.0
1302041	1.0
1303990	1.0
1304323	1.0
1309476	1.0
1311466	1.0
1312728	1.0
1313611	1.0
1313680	1.0
1313963	1.0
1315210	1.0
1315522	1.0
1315530	1.0
1315532	1.0
1316873	1.0
1318111	1.0
1318454	1.0
1320417	1.0
1320810	1.0
1321084	1.0
1322734	1.0
1326340	1.0
1327203	1.0
1331095	1.0
1333122	1.0
1339195	1.0
1340019	1.0
1340052	1.0
1343216	1.0
1343265	1.0
1344215	1.0
1346946	1.0
1349496	1.0
1350161	1.0
1350311	1.0
1350378	1.0
1351440	1.0
1351934	1.0
1353102	1.0
1353168	1.0
1355362	1.0
1357494	1.0
1360960	1.0
1361705	1.0
1361955	1.0
1363826	1.0
1364832	1.0
1365307	1.0
1366052	1.0
1366141	1.0
1367830	1.0
1368019	1.0
1370184	1.0
1370804	1.0
1372531	1.0
1373786	1.0
1375056	1.0
1375182	1.0
1377600	1.0
1377620	1.0
1378693	1.0
1379142	1.0
1379971	1.0
1382906	1.0
1384523	1.0
1385545	1.0
1385548	1.0
1385604	1.0
1386642	1.0
1387299	1.0
1387437	1.0
1389545	1.0
1390978	1.0
1391377	1.0
1393268	1.0
1393881	1.0
1395382	1.0
1396130	1.0
1396701	1.0
1397653	1.0
1399676	1.0
1401904	1.0
1405432	1.0
1407957	1.0
1410671	1.0
1410823	1.0
1411511	1.0
1412878	1.0
1415065	1.0
1416350	1.0
1417656	1.0
1418610	1.0
1422463	1.0
1422783	1.0
1423143	1.0
1425050	1.0
1426395	1.0
1426669	1.0
1426953	1.0
1429614	1.0
1430704	1.0
1432071	1.0
1432494	1.0
1432510	1.0
1433598	1.0
1434427	1.0
1435518	1.0
1435918	1.0
1436086	1.0
1437632	1.0
1438341	1.0
1439955	1.0
1440775	1.0
1440865	1.0
1441883	1.0
1443138	1.0
1443668	1.0
1445145	1.0
1445846	1.0
1446867	1.0
1447068	1.0
1447647	1.0
1449149	1.0
1450640	1.0
1451386	1.0
1456949	1.0
1457693	1.0
1458433	1.0
1458701	1.0
1459060	1.0
1459580	1.0
1459797	1.0
1461468	1.0
1461680	1.0
1462062	1.0
1462512	1.0
1462613	1.0
1464206	1.0
1466002	1.0
1466186	1.0
1467044	1.0
1467632	1.0
1468687	1.0
1469129	1.0
1470497	1.0
1471375	1.0
1472322	1.0
1472496	1.0
1473531	1.0
1473655	1.0
1474133	1.0
1474408	1.0
1474962	1.0
1476808	1.0
1477979	1.0
1478393	1.0
1478720	1.0
1480905	1.0
1482630	1.0
1483201	1.0
1483221	1.0
1483487	1.0
1483911	1.0
1485364	1.0
1487057	1.0
1488521	1.0
1489265	1.0
1489363	1.0
1489417	1.0
1489566	1.0
1492919	1.0
1497880	1.0
1498698	1.0
1500339	1.0
1503137	1.0
1503985	1.0
1508945	1.0
1509540	1.0
1510661	1.0
1513003	1.0
1513421	1.0
1513445	1.0
1514025	1.0
1514261	1.0
1514469	1.0
1514668	1.0
1515696	1.0
1515994	1.0
1517420	1.0
1517877	1.0
1518750	1.0
1519716	1.0
1522467	1.0
1522654	1.0
1524923	1.0
1526572	1.0
1527573	1.0
1528810	1.0
1529629	1.0
1530955	1.0
1534280	1.0
1535008	1.0
1535145	1.0
1536417	1.0
1536437	1.0
1540911	1.0
1542694	1.0
1546139	1.0
1546389	1.0
1548042	1.0
1548389	1.0
1548650	1.0
1548702	1.0
1549243	1.0
1552236	1.0
1552253	1.0
1554277	1.0
1555309	1.0
1557753	1.0
1558297	1.0
1559332	1.0
1559713	1.0
1560686	1.0
1561804	1.0
1563211	1.0
1564410	1.0
1565308	1.0
1565403	1.0
1565596	1.0
1566755	1.0
1567304	1.0
1567389	1.0
1569097	1.0
1571146	1.0
1573456	1.0
1574682	1.0
1575213	1.0
1575713	1.0
1575717	1.0
1577093	1.0
1578067	1.0
1578151	1.0
1578817	1.0
1579190	1.0
1580568	1.0
1581918	1.0
1582608	1.0
1582707	1.0
1583940	1.0
1584064	1.0
1584107	1.0
1584491	1.0
1584917	1.0
1586543	1.0
1587650	1.0
1589725	1.0
1591086	1.0
1592402	1.0
1592659	1.0
1593608	1.0
1595120	1.0
1595306	1.0
1595563	1.0
1596528	1.0
1596572	1.0
1597084	1.0
1598412	1.0
1600101	1.0
1601036	1.0
1601706	1.0
1603819	1.0
1604200	1.0
1605586	1.0
1606872	1.0
1607056	1.0
1607366	1.0
1607368	1.0
1607555	1.0
1608075	1.0
1608421	1.0
1609593	1.0
1612645	1.0
1613418	1.0
1615120	1.0
1615244	1.0
1617612	1.0
1617670	1.0
1617805	1.0
1619511	1.0
1620420	1.0
1621661	1.0
1622705	1.0
1625305	1.0
1626517	1.0
1626774	1.0
1628435	1.0
1629173	1.0
1629921	1.0
1630524	1.0
1632015	1.0
1634905	1.0
1635571	1.0
1636382	1.0
1636892	1.0
1637417	1.0
1638916	1.0
1640853	1.0
1642223	1.0
1642551	1.0
1645920	1.0
1646729	1.0
1646828	1.0
1649265	1.0
1651944	1.0
1653924	1.0
1654925	1.0
1655758	1.0
1657867	1.0
1658406	1.0
1658910	1.0
1659012	1.0
1659535	1.0
1660800	1.0
1662218	1.0
1662262	1.0
1663055	1.0
1663365	1.0
1666953	1.0
1667246	1.0
1668346	1.0
1668784	1.0
1669254	1.0
1669806	1.0
1670982	1.0
1671797	1.0
1674583	1.0
1674798	1.0
1675054	1.0
1676614	1.0
1677077	1.0
1677542	1.0
1677607	1.0
1678484	1.0
1679599	1.0
1679859	1.0
1680707	1.0
1681007	1.0
1681252	1.0
1681666	1.0
1681972	1.0
1683701	1.0
1684874	1.0
1685460	1.0
1685880	1.0
1686619	1.0
1689590	1.0
1689839	1.0
1690003	1.0
1690238	1.0
1691821	1.0
1692361	1.0
1693316	1.0
1694599	1.0
1695194	1.0
1695684	1.0
1695788	1.0
1696118	1.0
1696208	1.0
1697793	1.0
1701697	1.0
1701760	1.0
1702455	1.0
1705024	1.0
1705740	1.0
1705849	1.0
1705990	1.0
1706870	1.0
1709235	1.0
1709267	1.0
1709409	1.0
1709687	1.0
1709994	1.0
1710280	1.0
1711136	1.0
1711211	1.0
1711257	1.0
1712155	1.0
1713213	1.0
1714669	1.0
1716867	1.0
1717667	1.0
1719203	1.0
1719817	1.0
1719846	1.0
1720556	1.0
1721946	1.0
1722269	1.0
1723791	1.0
1727155	1.0
1727224	1.0
1727563	1.0
1727843	1.0
1728407	1.0
1729733	1.0
1730025	1.0
1735731	1.0
1735993	1.0
1736387	1.0
1736402	1.0
1736501	1.0
1737656	1.0
1738449	1.0
1739448	1.0
1740412	1.0
1741868	1.0
1742552	1.0
1745670	1.0
1746108	1.0
1747410	1.0
1749055	1.0
1749354	1.0
1749398	1.0
1750085	1.0
1750731	1.0
1750830	1.0
1751234	1.0
1751325	1.0
1751392	1.0
1751812	1.0
1753694	1.0
1754098	1.0
1754418	1.0
1755087	1.0
1755176	1.0
1755832	1.0
1755980	1.0
1756939	1.0
1757331	1.0
1758020	1.0
1758059	1.0
1760632	1.0
1760848	1.0
1761530	1.0
1762127	1.0
1764243	1.0
1765128	1.0
1765177	1.0
1765474	1.0
1765987	1.0
1766276	1.0
1766863	1.0
1767439	1.0
1768145	1.0
1768446	1.0
1768751	1.0
1772578	1.0
1773222	1.0
1774752	1.0
1774844	1.0
1776519	1.0
1776530	1.0
1776793	1.0
1777755	1.0
1778001	1.0
1779000	1.0
1779177	1.0
1779566	1.0
1780362	1.0
1780771	1.0
1781302	1.0
1781542	1.0
1783008	1.0
1783025	1.0
1783364	1.0
1785393	1.0
1785660	1.0
1788458	1.0
1790583	1.0
1790755	1.0
1792647	1.0
1794225	1.0
1795233	1.0
1795725	1.0
1796236	1.0
1796359	1.0
1796626	1.0
1797055	1.0
1797106	1.0
1797910	1.0
1799511	1.0
1803134	1.0
1803567	1.0
1804033	1.0
1804534	1.0
1804836	1.0
1805058	1.0
1805781	1.0
1806028	1.0
1806336	1.0
1806484	1.0
1808466	1.0
1808850	1.0
1809098	1.0
1810961	1.0
1811303	1.0
1811935	1.0
1812834	1.0
1813180	1.0
1813216	1.0
1813520	1.0
1813564	1.0
1813946	1.0
1814556	1.0
1815357	1.0
1816270	1.0
1816282	1.0
1816573	1.0
1817147	1.0
1817345	1.0
1817589	1.0
1817872	1.0
1818464	1.0
1818887	1.0
1818997	1.0
1819010	1.0
1819994	1.0
1820968	1.0
1821433	1.0
1822190	1.0
1822518	1.0
1823085	1.0
1823282	1.0
1823770	1.0
1823922	1.0
1825661	1.0
1826020	1.0
1826048	1.0
1827279	1.0
1827693	1.0
1828073	1.0
1828953	1.0
1829283	1.0
1830100	1.0
1830596	1.0
1832139	1.0
1835846	1.0
1836221	1.0
1837039	1.0
1838870	1.0
1839511	1.0
1840016	1.0
1842454	1.0
1843013	1.0
1843303	1.0
1843355	1.0
1843583	1.0
1844242	1.0
1844312	1.0
1845145	1.0
1845286	1.0
1845305	1.0
1845834	1.0
1847189	1.0
1848419	1.0
1848599	1.0
1848729	1.0
1849284	1.0
1849653	1.0
1849922	1.0
1850139	1.0
1850576	1.0
1851004	1.0
1851031	1.0
1851754	1.0
1853191	1.0
1854119	1.0
1854472	1.0
1856521	1.0
1857136	1.0
1858517	1.0
1858959	1.0
1859383	1.0
1859568	1.0
1860202	1.0
1861641	1.0
1862813	1.0
1863442	1.0
1863523	1.0
1864016	1.0
1864593	1.0
1866427	1.0
1868227	1.0
1868335	1.0
1869273	1.0
1869462	1.0
1869829	1.0
1869964	1.0
1870403	1.0
1870705	1.0
1871904	1.0
1873212	1.0
1873931	1.0
1875858	1.0
1876289	1.0
1877864	1.0
1879589	1.0
1880099	1.0
1880884	1.0
1881035	1.0
1881562	1.0
1882424	1.0
1882537	1.0
1883935	1.0
1885730	1.0
1886152	1.0
1887176	1.0
1887412	1.0
1887881	1.0
1888262	1.0
1888863	1.0
1890569	1.0
1890916	1.0
1891062	1.0
1891848	1.0
1891915	1.0
1892395	1.0
1894056	1.0
1896149	1.0
1896432	1.0
1897042	1.0
1897438	1.0
1903053	1.0
1904113	1.0
1905208	1.0
1905479	1.0
1908307	1.0
1908518	1.0
1908767	1.0
1908920	1.0
1910610	1.0
1910978	1.0
1911581	1.0
1911640	1.0
1912039	1.0
1912235	1.0
1913040	1.0
1913109	1.0
1913603	1.0
1913655	1.0
1914022	1.0
1914296	1.0
1914520	1.0
1915460	1.0
1915594	1.0
1915876	1.0
1916096	1.0
1918072	1.0
1919001	1.0
1920775	1.0
1921030	1.0
1921666	1.0
1922169	1.0
1923146	1.0
1923850	1.0
1924134	1.0
1924702	1.0
1925026	1.0
1926310	1.0
1926494	1.0
1927587	1.0
1927961	1.0
1928174	1.0
1929366	1.0
1929498	1.0
1929942	1.0
1930254	1.0
1930938	1.0
1930962	1.0
1932012	1.0
1932205	1.0
1932465	1.0
1932895	1.0
1933412	1.0
1934282	1.0
1935817	1.0
1937134	1.0
1937284	1.0
1937716	1.0
1937890	1.0
1938366	1.0
1941052	1.0
1941246	1.0
1941543	1.0
1944563	1.0
1946149	1.0
1946913	1.0
1947744	1.0
1947768	1.0
1948203	1.0
1949627	1.0
1949864	1.0
1950444	1.0
1951099	1.0
1952215	1.0
1952306	1.0
1953624	1.0
1953695	1.0
1954310	1.0
1954537	1.0
1955818	1.0
1956181	1.0
1956329	1.0
1956646	1.0
1956905	1.0
1956956	1.0
1956989	1.0
1957313	1.0
1957649	1.0
1958178	1.0
1960419	1.0
1961464	1.0
1963697	1.0
1963859	1.0
1964497	1.0
1965913	1.0
1966895	1.0
1968081	1.0
1968276	1.0
1969449	1.0
1969481	1.0
1969746	1.0
1970482	1.0
1970686	1.0
1970992	1.0
1972402	1.0
1975694	1.0
1975815	1.0
1975918	1.0
1976483	1.0
1976874	1.0
1977505	1.0
1978279	1.0
1979810	1.0
1979995	1.0
1980225	1.0
1980738	1.0
1981166	1.0
1981989	1.0
1982070	1.0
1982135	1.0
1982848	1.0
1983290	1.0
1983384	1.0
1984890	1.0
1985411	1.0
1986055	1.0
1986097	1.0
1986245	1.0
1987134	1.0
1987851	1.0
1988088	1.0
1988873	1.0
1990212	1.0
1990486	1.0
1990611	1.0
1990651	1.0
1991241	1.0
1991549	1.0
1993244	1.0
1993895	1.0
1994333	1.0
1994687	1.0
1996170	1.0
1996417	1.0
1996906	1.0
1999656	1.0
2001128	1.0
2001213	1.0
2001953	1.0
2003194	1.0
2003936	1.0
2004099	1.0
2006715	1.0
2006817	1.0
2007403	1.0
2007954	1.0
2009042	1.0
2009320	1.0
2009749	1.0
2009979	1.0
2011051	1.0
2011194	1.0
2011919	1.0
2011981	1.0
2013626	1.0
2013634	1.0
2014240	1.0
2015754	1.0
2017925	1.0
2018941	1.0
2019019	1.0
2019516	1.0
2020200	1.0
2021099	1.0
2022395	1.0
2022777	1.0
2023061	1.0
2024898	1.0
2025209	1.0
2025758	1.0
2026214	1.0
2026216	1.0
2028644	1.0
2029272	1.0
2029295	1.0
2029303	1.0
2030526	1.0
2030625	1.0
2031013	1.0
2032318	1.0
2033959	1.0
2035614	1.0
2035737	1.0
2036303	1.0
2038096	1.0
2040322	1.0
2041803	1.0
2042022	1.0
2042195	1.0
2042232	1.0
2042810	1.0
2042947	1.0
2044104	1.0
2046569	1.0
2046958	1.0
2047016	1.0
2047366	1.0
2048215	1.0
2048787	1.0
2048845	1.0
2049082	1.0
2049324	1.0
2049505	1.0
2049956	1.0
2050053	1.0
2050199	1.0
2051414	1.0
2051608	1.0
2051628	1.0
2052078	1.0
2052296	1.0
2052970	1.0
2053476	1.0
2053495	1.0
2053845	1.0
2053934	1.0
2054809	1.0
2054961	1.0
2054994	1.0
2055800	1.0
2056181	1.0
2057180	1.0
2057982	1.0
2058449	1.0
2058986	1.0
2060198	1.0
2060203	1.0
2061246	1.0
2061406	1.0
2061494	1.0
2061515	1.0
2061549	1.0
2061591	1.0
2061609	1.0
2061662	1.0
2061826	1.0
2062292	1.0
2062865	1.0
2063190	1.0
2063709	1.0
2065380	1.0
2066020	1.0
2067580	1.0
2067632	1.0
2067757	1.0
2067768	1.0
2068332	1.0
2069281	1.0
2069542	1.0
2069778	1.0
2069780	1.0
2069845	1.0
2069992	1.0
2070077	1.0
2070270	1.0
2071304	1.0
2071774	1.0
2072077	1.0
2073169	1.0
2073600	1.0
2073874	1.0
2074359	1.0
2075030	1.0
2075646	1.0
2076516	1.0
2077943	1.0
2078164	1.0
2078426	1.0
2079344	1.0
2079731	1.0
2079938	1.0
2080424	1.0
2081182	1.0
2081877	1.0
2083960	1.0
2083985	1.0
2084019	1.0
2084268	1.0
2084303	1.0
2084917	1.0
2085473	1.0
2085692	1.0
2085868	1.0
2086237	1.0
2086523	1.0
2087831	1.0
2088135	1.0
2088351	1.0
2089194	1.0
2089468	1.0
2089683	1.0
2089833	1.0
2090323	1.0
2090367	1.0
2090869	1.0
2090964	1.0
2091417	1.0
2091718	1.0
2091971	1.0
2092363	1.0
2092707	1.0
2093253	1.0
2093605	1.0
2093825	1.0
2093966	1.0
2094306	1.0
2094877	1.0
2094961	1.0
2095657	1.0
2095781	1.0
2097370	1.0
2097397	1.0
2097849	1.0
2097890	1.0
2098798	1.0
2099744	1.0
2100147	1.0
2100329	1.0
2100548	1.0
2102402	1.0
2102641	1.0
2103392	1.0
2103629	1.0
2103833	1.0
2104386	1.0
2105287	1.0
2107725	1.0
2107754	1.0
2107855	1.0
2108136	1.0
2109019	1.0
2109383	1.0
2109549	1.0
2110336	1.0
2110673	1.0
2110717	1.0
2112140	1.0
2112303	1.0
2112825	1.0
2112829	1.0
2112975	1.0
2114083	1.0
2114950	1.0
2115024	1.0
2115152	1.0
2116092	1.0
2116635	1.0
2117708	1.0
2117775	1.0
2117942	1.0
2118304	1.0
2119509	1.0
2119874	1.0
2119982	1.0
2120098	1.0
2120314	1.0
2120729	1.0
2121312	1.0
2121366	1.0
2121425	1.0
2121877	1.0
2121930	1.0
2122166	1.0
2122669	1.0
2122886	1.0
2122907	1.0
2125071	1.0
2125326	1.0
2125511	1.0
2126115	1.0
2126436	1.0
2127156	1.0
2128043	1.0
2128060	1.0
2128157	1.0
2128186	1.0
2128497	1.0
2130527	1.0
2131164	1.0
2131991	1.0
2132165	1.0
2132241	1.0
2132547	1.0
2133030	1.0
2133279	1.0
2133309	1.0
2133993	1.0
2134551	1.0
2135159	1.0
2135339	1.0
2135602	1.0
2135863	1.0
2136018	1.0
2136091	1.0
2136334	1.0
2136693	1.0
2138405	1.0
2138892	1.0
2139244	1.0
2139434	1.0
2140069	1.0
2140144	1.0
2140325	1.0
2140613	1.0
2140750	1.0
2141218	1.0
2141342	1.0
2141904	1.0
2142276	1.0
2142819	1.0
2143192	1.0
2143435	1.0
2143580	1.0
2143589	1.0
2143735	1.0
2144167	1.0
2144429	1.0
2144545	1.0
2144626	1.0
2144679	1.0
2145286	1.0
2145363	1.0
2145519	1.0
2146307	1.0
2147788	1.0
2147990	1.0
2148407	1.0
2148941	1.0
2149559	1.0
2149900	1.0
2150012	1.0
2150312	1.0
2150726	1.0
2150757	1.0
2151552	1.0
2151905	1.0
2152686	1.0
2152712	1.0
2153421	1.0
2154611	1.0
2155500	1.0
2156567	1.0
2156745	1.0
2157119	1.0
2157362	1.0
2158243	1.0
2158785	1.0
2159026	1.0
2159812	1.0
2160200	1.0
2160502	1.0
2161024	1.0
2161288	1.0
2161666	1.0
2161677	1.0
2162254	1.0
2162549	1.0
2163500	1.0
2163686	1.0
2164227	1.0
2164276	1.0
2164494	1.0
2164687	1.0
2164850	1.0
2165259	1.0
2165300	1.0
2165453	1.0
2165461	1.0
2165693	1.0
2165723	1.0
2166058	1.0
2166088	1.0
2166118	1.0
2166252	1.0
2166746	1.0
2166844	1.0
2166974	1.0
2167103	1.0
2167891	1.0
2168246	1.0
2168732	1.0
2168911	1.0
2169051	1.0
2169490	1.0
2169980	1.0
2170407	1.0
2170691	1.0
2170695	1.0
2170850	1.0
2170978	1.0
2171305	1.0
2171401	1.0
2171532	1.0
2171623	1.0
2171818	1.0
2172148	1.0
2172280	1.0
2172763	1.0
2173011	1.0
2173904	1.0
2174083	1.0
2174182	1.0
2174293	1.0
2174414	1.0
2174557	1.0
2175493	1.0
2175530	1.0
2175717	1.0
2175963	1.0
2176043	1.0
2176614	1.0
2176615	1.0
2176622	1.0
2177660	1.0
2177838	1.0
2177929	1.0
2178045	1.0
2178449	1.0
2178536	1.0
2178626	1.0
2178757	1.0
2178780	1.0
2178955	1.0
2179642	1.0
2179689	1.0
2179946	1.0
2180679	1.0
2180819	1.0
2180854	1.0
2181413	1.0
2181421	1.0
2181430	1.0
2181480	1.0
2181539	1.0
2181745	1.0
2181902	1.0
2182161	1.0
2182685	1.0
2182872	1.0
2183400	1.0
2183537	1.0
2183893	1.0
2184128	1.0
2184214	1.0
2184716	1.0
2184720	1.0
2184721	1.0
2184728	1.0
2185529	1.0
2185845	1.0
2186057	1.0
2186178	1.0
2186275	1.0
2186301	1.0
2186575	1.0
2186642	1.0
2187629	1.0
2187758	1.0
2187952	1.0
2188261	1.0
2188519	1.0
2188903	1.0
2188991	1.0
2189549	1.0
2189639	1.0
2189918	1.0
2190081	1.0
2190456	1.0
2190554	1.0
2191297	1.0
2192781	1.0
2193159	1.0
2193225	1.0
2193229	1.0
2194450	1.0
2195587	1.0
2196155	1.0
2196633	1.0
2197092	1.0
2197148	1.0
2197219	1.0
2197251	1.0
2197566	1.0
2197899	1.0
2199844	1.0
2199989	1.0
2200151	1.0
2200559	1.0
2200777	1.0
2201391	1.0
2201992	1.0
2202018	1.0
2202213	1.0
2202220	1.0
2202325	1.0
2202450	1.0
2202643	1.0
2203522	1.0
2203552	1.0
2203733	1.0
2204871	1.0
2205749	1.0
2205997	1.0
2206190	1.0
2206255	1.0
2206453	1.0
2207033	1.0
2207475	1.0
2207596	1.0
2207605	1.0
2207836	1.0
2208892	1.0
2209009	1.0
2209200	1.0
2209372	1.0
2210633	1.0
2210760	1.0
2211207	1.0
2212545	1.0
2212914	1.0
2213104	1.0
2213804	1.0
2214267	1.0
2214983	1.0
2215831	1.0
2215964	1.0
2216497	1.0
2216562	1.0
2217259	1.0
2217267	1.0
2217329	1.0
2217730	1.0
2219312	1.0
2220231	1.0
2221309	1.0
2221727	1.0
2221877	1.0
2222201	1.0
2222210	1.0
2222470	1.0
2222947	1.0
2222956	1.0
2223010	1.0
2223139	1.0
2224273	1.0
2224680	1.0
2225373	1.0
2225597	1.0
2225668	1.0
2227535	1.0
2228059	1.0
2228317	1.0
2228342	1.0
2228711	1.0
2228750	1.0
2229238	1.0
2229343	1.0
2229696	1.0
2229807	1.0
2230383	1.0
2230462	1.0
2230491	1.0
2231314	1.0
2231483	1.0
2231491	1.0
2232559	1.0
2232573	1.0
2233019	1.0
2233209	1.0
2233325	1.0
2233721	1.0
2233935	1.0
2234783	1.0
2235250	1.0
2235720	1.0
2236145	1.0
2236280	1.0
2236631	1.0
2237424	1.0
2237522	1.0
2237745	1.0
2237838	1.0
2237932	1.0
2238072	1.0
2238429	1.0
2238709	1.0
2239730	1.0
2239954	1.0
2239985	1.0
2240233	1.0
2240995	1.0
2241237	1.0
2241504	1.0
2241557	1.0
2242542	1.0
2242673	1.0
2243398	1.0
2243799	1.0
2243956	1.0
2244495	1.0
2244615	1.0
2244633	1.0
2244684	1.0
2244825	1.0
2245079	1.0
2245100	1.0
2245253	1.0
2245476	1.0
2245907	1.0
2246287	1.0
2247182	1.0
2247374	1.0
2247386	1.0
2247607	1.0
2248357	1.0
2248399	1.0
2248510	1.0
2248738	1.0
2248869	1.0
2249865	1.0
2250002	1.0
2251047	1.0
2251242	1.0
2251359	1.0
2251719	1.0
2251851	1.0
2251995	1.0
2252379	1.0
2252643	1.0
2254179	1.0
2254860	1.0
2255683	1.0
2255693	1.0
2256204	1.0
2256382	1.0
2256684	1.0
2257590	1.0
2257786	1.0
2257902	1.0
2258859	1.0
2259204	1.0
2261053	1.0
2261982	1.0
2262530	1.0
2263377	1.0
2263393	1.0
2263918	1.0
2263970	1.0
2264287	1.0
2264409	1.0
2264950	1.0
2265976	1.0
2266829	1.0
2266844	1.0
2267508	1.0
2267782	1.0
2267930	1.0
2268388	1.0
2268795	1.0
2269023	1.0
2269044	1.0
2269257	1.0
2269404	1.0
2269458	1.0
2269621	1.0
2269662	1.0
2269850	1.0
2269969	1.0
2270057	1.0
2270166	1.0
2270647	1.0
2271146	1.0
2271571	1.0
2271729	1.0
2272035	1.0
2272415	1.0
2272626	1.0
2274058	1.0
2274610	1.0
2274994	1.0
2276273	1.0
2276368	1.0
2276615	1.0
2277098	1.0
2277581	1.0
2278031	1.0
2278110	1.0
2278168	1.0
2278864	1.0
2279063	1.0
2279306	1.0
2279590	1.0
2280842	1.0
2280944	1.0
2281205	1.0
2281921	1.0
2282377	1.0
2282907	1.0
2283039	1.0
2283249	1.0
2283632	1.0
2284213	1.0
2284340	1.0
2284538	1.0
2284981	1.0
2285149	1.0
2285172	1.0
2285452	1.0
2285753	1.0
2286700	1.0
2286713	1.0
2286787	1.0
2286974	1.0
2287533	1.0
2287705	1.0
2288124	1.0
2288420	1.0
2288462	1.0
2288589	1.0
2288670	1.0
2288859	1.0
2289361	1.0
2289704	1.0
2289922	1.0
2290592	1.0
2291386	1.0
2291549	1.0
2291743	1.0
2291946	1.0
2292049	1.0
2293150	1.0
2293606	1.0
2293709	1.0
2294166	1.0
2294344	1.0
2294378	1.0
2294678	1.0
2294787	1.0
2295161	1.0
2295242	1.0
2295754	1.0
2295862	1.0
2296412	1.0
2296588	1.0
2297050	1.0
2297261	1.0
2297373	1.0
2297608	1.0
2298023	1.0
2298131	1.0
2298404	1.0
2298944	1.0
2298998	1.0
2299317	1.0
2299532	1.0
2299569	1.0
2299698	1.0
2300826	1.0
2301122	1.0
2301219	1.0
2301253	1.0
2301413	1.0
2302148	1.0
2303118	1.0
2303230	1.0
2303440	1.0
2304232	1.0
2304411	1.0
2304479	1.0
2305020	1.0
2305361	1.0
2305398	1.0
2305516	1.0
2305898	1.0
2305950	1.0
2306112	1.0
2306563	1.0
2306756	1.0
2307585	1.0
2308302	1.0
2308644	1.0
2308958	1.0
2308961	1.0
2309273	1.0
2309337	1.0
2309341	1.0
2310033	1.0
2310220	1.0
2310914	1.0
2311748	1.0
2313129	1.0
2313290	1.0
2313685	1.0
2314168	1.0
2314672	1.0
2314761	1.0
2314927	1.0
2315064	1.0
2315365	1.0
2315882	1.0
2315921	1.0
2316262	1.0
2316573	1.0
2316892	1.0
2318083	1.0
2318157	1.0
2318442	1.0
2318583	1.0
2319461	1.0
2319739	1.0
2319756	1.0
2319883	1.0
2320074	1.0
2320599	1.0
2320656	1.0
2321214	1.0
2321468	1.0
2321488	1.0
2321535	1.0
2322243	1.0
2322473	1.0
2322868	1.0
2323445	1.0
2323473	1.0
2323486	1.0
2324188	1.0
2324315	1.0
2324425	1.0
2325348	1.0
2325529	1.0
2325897	1.0
2325980	1.0
2325984	1.0
2326568	1.0
2327021	1.0
2327044	1.0
2327253	1.0
2327621	1.0
2327714	1.0
2328369	1.0
2328388	1.0
2328544	1.0
2328727	1.0
2329363	1.0
2329560	1.0
2329657	1.0
2330392	1.0
2330639	1.0
2331687	1.0
2332690	1.0
2332702	1.0
2332769	1.0
2332910	1.0
2332976	1.0
2333115	1.0
2333409	1.0
2333515	1.0
2333951	1.0
2334017	1.0
2334301	1.0
2334337	1.0
2334994	1.0
2335523	1.0
2335875	1.0
2336401	1.0
2336422	1.0
2336859	1.0
2336877	1.0
2336984	1.0
2337322	1.0
2337398	1.0
2337485	1.0
2337845	1.0
2338966	1.0
2339327	1.0
2339477	1.0
2339481	1.0
2339527	1.0
2339737	1.0
2339768	1.0
2340054	1.0
2340075	1.0
2340362	1.0
2341285	1.0
2341312	1.0
2341768	1.0
2342044	1.0
2342248	1.0
2342705	1.0
2342878	1.0
2344104	1.0
2344365	1.0
2344403	1.0
2344743	1.0
2345111	1.0
2345121	1.0
2346244	1.0
2346344	1.0
2346532	1.0
2346621	1.0
2346720	1.0
2346738	1.0
2346769	1.0
2346817	1.0
2347193	1.0
2347348	1.0
2347539	1.0
2347704	1.0
2348181	1.0
2349594	1.0
2349628	1.0
2349867	1.0
2350036	1.0
2350922	1.0
2351348	1.0
2351692	1.0
2351751	1.0
2352042	1.0
2352070	1.0
2352185	1.0
2352489	1.0
2352598	1.0
2352614	1.0
2352661	1.0
2352938	1.0
2353108	1.0
2353256	1.0
2354016	1.0
2354195	1.0
2354265	1.0
2354558	1.0
2354703	1.0
2354725	1.0
2354937	1.0
2355333	1.0
2355678	1.0
2355688	1.0
2355867	1.0
2356860	1.0
2356873	1.0
2357507	1.0
2357508	1.0
2357572	1.0
2357672	1.0
2357752	1.0
2358108	1.0
2358491	1.0
2358501	1.0
2358630	1.0
2358681	1.0
2358778	1.0
2359263	1.0
2359837	1.0
2359845	1.0
2360308	1.0
2360733	1.0
2360895	1.0
2360923	1.0
2361064	1.0
2361128	1.0
2361193	1.0
2361261	1.0
2361357	1.0
2361402	1.0
2361892	1.0
2362075	1.0
2362779	1.0
2363012	1.0
2363198	1.0
2363619	1.0
2364358	1.0
2365332	1.0
2365449	1.0
2365485	1.0
2365740	1.0
2365986	1.0
2366069	1.0
2366595	1.0
2366762	1.0
2366907	1.0
2366922	1.0
2366983	1.0
2366998	1.0
2367602	1.0
2367604	1.0
2367680	1.0
2367808	1.0
2367975	1.0
2368084	1.0
2368252	1.0
2368663	1.0
2368666	1.0
2368811	1.0
2369183	1.0
2369194	1.0
2369493	1.0
2369526	1.0
2369887	1.0
2370554	1.0
2370596	1.0
2370772	1.0
2371366	1.0
2372739	1.0
2372753	1.0
2372812	1.0
2372970	1.0
2373120	1.0
2373548	1.0
2373755	1.0
2373803	1.0
2374146	1.0
2374300	1.0
2374509	1.0
2374620	1.0
2374817	1.0
2375443	1.0
2376015	1.0
2376050	1.0
2376127	1.0
2376409	1.0
2376636	1.0
2376928	1.0
2376930	1.0
2377096	1.0
2377325	1.0
2377490	1.0
2377873	1.0
2378627	1.0
2378935	1.0
2379045	1.0
2379275	1.0
2379375	1.0
2379420	1.0
2379715	1.0
2379771	1.0
2380003	1.0
2380281	1.0
2380300	1.0
2380407	1.0
2380510	1.0
2380650	1.0
2381208	1.0
2381217	1.0
2381500	1.0
2381557	1.0
2381938	1.0
2382015	1.0
2382110	1.0
2382481	1.0
2382684	1.0
2382689	1.0
2382756	1.0
2382811	1.0
2383264	1.0
2383501	1.0
2383568	1.0
2383613	1.0
2384130	1.0
2384286	1.0
2384807	1.0
2384813	1.0
2384876	1.0
2385357	1.0
2386743	1.0
2387372	1.0
2388212	1.0
2388277	1.0
2388589	1.0
2388905	1.0
2388991	1.0
2389037	1.0
2389189	1.0
2389206	1.0
2389298	1.0
2389994	1.0
2390267	1.0
2390383	1.0
2390702	1.0
2390751	1.0
2391155	1.0
2391567	1.0
2391729	1.0
2392420	1.0
2392613	1.0
2392717	1.0
2393337	1.0
2393383	1.0
2393739	1.0
2393875	1.0
2394308	1.0
2395326	1.0
2395867	1.0
2396110	1.0
2396311	1.0
2396441	1.0
2397411	1.0
2397734	1.0
2398172	1.0
2398746	1.0
2399092	1.0
2399135	1.0
2399220	1.0
2399302	1.0
2399462	1.0
2399795	1.0
2400302	1.0
2400814	1.0
2400880	1.0
2400945	1.0
2401155	1.0
2401364	1.0
2401590	1.0
2401996	1.0
2402505	1.0
2402661	1.0
2403042	1.0
2403049	1.0
2403357	1.0
2403463	1.0
2403513	1.0
2403810	1.0
2403825	1.0
2404337	1.0
2404436	1.0
2404501	1.0
2404714	1.0
2404899	1.0
2405646	1.0
2405693	1.0
2405712	1.0
2405889	1.0
2407752	1.0
2408246	1.0
2409349	1.0
2409351	1.0
2409384	1.0
2409740	1.0
2410512	1.0
2410555	1.0
2410915	1.0
2411467	1.0
2411643	1.0
2411688	1.0
2411758	1.0
2411799	1.0
2411923	1.0
2412146	1.0
2412971	1.0
2413056	1.0
2413162	1.0
2413497	1.0
2413551	1.0
2413988	1.0
2414092	1.0
2414693	1.0
2414785	1.0
2414865	1.0
2415037	1.0
2415226	1.0
2415307	1.0
2415355	1.0
2415528	1.0
2415611	1.0
2415763	1.0
2415987	1.0
2416185	1.0
2416810	1.0
2417038	1.0
2417103	1.0
2417349	1.0
2417581	1.0
2417595	1.0
2417741	1.0
2418257	1.0
2418487	1.0
2418562	1.0
2419190	1.0
2419323	1.0
2419563	1.0
2420079	1.0
2420535	1.0
2420541	1.0
2422130	1.0
2422633	1.0
2422642	1.0
2422832	1.0
2422907	1.0
2423086	1.0
2423139	1.0
2423286	1.0
2423453	1.0
2424096	1.0
2424225	1.0
2424357	1.0
2424580	1.0
2425341	1.0
2425367	1.0
2425680	1.0
2426092	1.0
2426155	1.0
2426279	1.0
2426419	1.0
2426679	1.0
2426747	1.0
2426944	1.0
2427396	1.0
2427695	1.0
2427887	1.0
2427905	1.0
2428553	1.0
2428579	1.0
2428657	1.0
2428866	1.0
2428937	1.0
2428949	1.0
2428950	1.0
2429070	1.0
2429232	1.0
2429282	1.0
2429435	1.0
2429786	1.0
2430178	1.0
2430407	1.0
2430601	1.0
2430664	1.0
2431091	1.0
2431506	1.0
2432057	1.0
2432576	1.0
2432754	1.0
2432767	1.0
2433118	1.0
2433544	1.0
2433785	1.0
2434671	1.0
2434679	1.0
2434727	1.0
2435125	1.0
2435230	1.0
2435562	1.0
2436066	1.0
2436235	1.0
2436300	1.0
2437475	1.0
2437741	1.0
2437792	1.0
2438087	1.0
2438090	1.0
2438322	1.0
2438830	1.0
2438853	1.0
2439021	1.0
2439076	1.0
2440413	1.0
2440619	1.0
2441012	1.0
2441166	1.0
2441209	1.0
2441291	1.0
2441924	1.0
2442335	1.0
2442566	1.0
2443508	1.0
2443689	1.0
2444168	1.0
2444383	1.0
2444691	1.0
2444878	1.0
2445032	1.0
2445055	1.0
2445295	1.0
2445372	1.0
2445468	1.0
2445505	1.0
2446019	1.0
2446313	1.0
2446530	1.0
2446783	1.0
2447038	1.0
2447110	1.0
2447238	1.0
2447461	1.0
2447695	1.0
2447753	1.0
2447778	1.0
2447980	1.0
2448230	1.0
2448317	1.0
2448806	1.0
2449340	1.0
2449625	1.0
2449661	1.0
2449901	1.0
2450146	1.0
2450246	1.0
2450440	1.0
2450912	1.0
2450962	1.0
2451187	1.0
2451464	1.0
2451792	1.0
2451982	1.0
2452023	1.0
2452437	1.0
2452467	1.0
2452749	1.0
2452975	1.0
2453621	1.0
2453738	1.0
2453754	1.0
2453798	1.0
2453850	1.0
2453949	1.0
2454006	1.0
2454234	1.0
2454328	1.0
2454407	1.0
2454470	1.0
2454516	1.0
2454691	1.0
2454728	1.0
2454813	1.0
2454932	1.0
2455191	1.0
2455453	1.0
2455543	1.0
2456077	1.0
2456476	1.0
2456564	1.0
2456679	1.0
2456838	1.0
2456963	1.0
2457135	1.0
2457582	1.0
2457652	1.0
2457904	1.0
2458817	1.0
2458970	1.0
2458974	1.0
2459288	1.0
2459311	1.0
2459872	1.0
2460662	1.0
2460687	1.0
2460920	1.0
2461165	1.0
2461220	1.0
2461423	1.0
2461986	1.0
2462558	1.0
2462609	1.0
2462733	1.0
2462942	1.0
2463615	1.0
2463833	1.0
2464279	1.0
2464801	1.0
2464843	1.0
2465096	1.0
2465300	1.0
2465925	1.0
2466569	1.0
2466770	1.0
2467315	1.0
2467371	1.0
2467455	1.0
2467612	1.0
2467641	1.0
2468047	1.0
2468292	1.0
2468800	1.0
2469039	1.0
2469271	1.0
2469422	1.0
2469820	1.0
2469992	1.0
2470095	1.0
2470299	1.0
2470432	1.0
2470799	1.0
2470928	1.0
2472306	1.0
2472412	1.0
2472504	1.0
2472726	1.0
2473246	1.0
2474334	1.0
2474520	1.0
2474794	1.0
2474873	1.0
2475095	1.0
2475298	1.0
2475657	1.0
2475675	1.0
2475707	1.0
2475871	1.0
2476566	1.0
2476996	1.0
2477103	1.0
2477382	1.0
2477577	1.0
2478258	1.0
2478704	1.0
2479804	1.0
2480617	1.0
2480665	1.0
2480748	1.0
2481147	1.0
2481316	1.0
2483501	1.0
2483965	1.0
2484064	1.0
2484086	1.0
2484795	1.0
2484992	1.0
2485570	1.0
2486694	1.0
2486714	1.0
2486778	1.0
2487074	1.0
2487377	1.0
2487622	1.0
2488012	1.0
2488051	1.0
2488159	1.0
2489698	1.0
2489833	1.0
2490319	1.0
2490626	1.0
2490953	1.0
2491085	1.0
2491192	1.0
2491336	1.0
2491569	1.0
2491594	1.0
2493316	1.0
2493491	1.0
2494126	1.0
2494335	1.0
2494743	1.0
2494793	1.0
2495494	1.0
2496528	1.0
2496768	1.0
2497093	1.0
2497173	1.0
2497209	1.0
2497467	1.0
2498457	1.0
2498587	1.0
2498764	1.0
2499706	1.0
2499842	1.0
2499965	1.0
2500274	1.0
2501005	1.0
2501592	1.0
2502765	1.0
2502794	1.0
2502972	1.0
2503218	1.0
2503786	1.0
2503941	1.0
2503975	1.0
2504806	1.0
2505056	1.0
2505622	1.0
2505665	1.0
2506046	1.0
2507116	1.0
2508082	1.0
2508630	1.0
2509182	1.0
2509819	1.0
2511256	1.0
2511715	1.0
2512969	1.0
2514872	1.0
2515043	1.0
2517235	1.0
2518106	1.0
2518484	1.0
2518827	1.0
2518843	1.0
2518979	1.0
2519476	1.0
2520314	1.0
2520914	1.0
2521007	1.0
2521758	1.0
2522928	1.0
2524053	1.0
2538321	1.0
2543267	1.0
2543827	1.0
2546100	1.0
2550635	1.0
2553403	1.0
2554257	1.0
2564206	1.0
2567414	1.0
2570358	1.0
2583796	1.0
2588600	1.0
2610089	1.0
