1
459
1115
1129
2884
2911
3614
4211
6341
6348
2
13
16
3
4
3591
6435
5
449
485
501
706
832
6
19
7
23
343
346
8
9
14
34
37
51
57
72
76
85
104
138
150
172
175
208
216
219
226
255
257
260
269
288
289
385
412
529
561
562
563
587
609
693
743
749
815
836
844
935
948
986
1082
1262
1279
1333
1362
1462
1466
1512
1529
1576
1608
1626
1913
1965
2035
2046
2051
2241
2425
2426
2476
2482
2483
2506
2598
2619
2647
2674
2680
2694
2749
2789
2827
2914
3006
3051
3053
3126
3217
3474
3478
3774
4025
4191
10
18
22
334
11
15
45
48
91
12
84
155
222
243
313
322
352
379
381
445
486
488
527
536
548
555
586
633
729
745
834
837
852
908
1072
1116
1119
1319
1440
1453
1459
1515
2073
2235
2279
2365
2412
2477
2642
3384
3768
17
227
245
311
426
596
799
20
2390
21
50
70
96
108
157
210
259
290
294
318
380
441
468
479
491
516
541
551
620
631
639
648
670
682
701
760
805
811
843
847
848
905
909
925
944
999
1028
1058
1073
1086
1092
1093
1133
1136
1143
1145
1156
1168
1196
1205
1206
1211
1213
1217
1229
1244
1260
1269
1284
1285
1305
1332
1339
1341
1400
1402
1408
1418
1419
1461
1503
1517
1527
1544
1639
1644
1646
1659
1664
1725
1795
1799
1809
1824
1838
1934
1937
1940
1966
1969
1976
1977
1978
1981
1986
1990
2009
2078
2114
2140
2152
2156
2184
2197
2221
2258
2318
2335
2424
2427
2455
2504
2563
2568
2573
2651
2660
2685
2713
2735
2742
2799
2818
2819
2861
2876
2895
2932
2937
2953
2978
2984
3004
3025
3100
3125
3146
3191
3505
3544
3616
3643
3655
3833
3836
3845
3865
3940
3950
4028
4096
4209
4263
4364
4995
5029
5030
5169
5218
5254
5338
5394
6159
6537
24
59
93
123
146
353
507
1037
1040
1078
1404
4114
25
2974
6462
26
56
78
1650
27
41
43
60
99
573
592
600
714
1354
1476
28
29
33
62
2130
30
105
206
256
324
606
31
38
110
177
413
703
785
800
860
904
32
203
35
1111
1121
2261
3246
5500
5795
36
39
684
2092
40
489
556
42
44
1113
46
8402
47
54
97
141
194
270
349
363
371
377
608
646
1803
1854
1987
49
58
52
80
83
205
53
67
55
64
71
89
1585
61
66
1796
1845
63
90
149
154
164
258
309
317
326
328
355
387
450
492
554
560
572
591
616
624
705
750
773
787
824
874
996
1013
1061
1125
1197
1202
1263
1309
1363
1397
1441
1442
1619
1748
1839
2211
2250
2264
2297
2399
2528
2533
2583
2617
2769
3627
4246
4305
4556
5630
5822
65
98
111
124
167
179
192
211
212
235
268
661
752
753
788
1036
1388
1526
1533
1534
1536
1630
1753
1793
1826
1827
2301
2447
2606
2609
2610
2728
2729
2823
3072
3088
3156
3272
3517
68
69
74
73
88
1553
75
143
225
77
87
102
79
803
81
82
1401
1542
1567
86
2963
92
107
116
406
452
94
100
2548
2559
2698
95
101
113
118
2011
103
106
112
117
120
125
169
276
286
298
308
662
673
676
797
907
967
1053
1071
1075
1109
1215
1411
1420
1426
1446
1582
1591
1637
1656
1766
1820
1825
1995
2034
2632
2646
2750
2991
3218
3426
109
114
115
522
590
119
121
145
176
178
202
316
374
419
660
122
127
367
1064
1255
1259
1676
126
131
140
128
129
135
147
159
370
1179
1489
2567
3423
3767
130
132
136
137
182
271
323
354
356
408
493
526
552
601
619
1084
133
578
1301
4648
134
273
139
144
153
734
142
187
148
320
151
611
612
623
1090
1106
1108
1384
1960
4460
5117
5127
5493
5929
152
156
2067
158
165
160
180
183
196
223
246
161
1881
162
477
163
166
2739
3385
168
170
1378
8075
171
173
329
415
1738
174
181
204
224
184
261
185
499
186
207
232
237
3711
3789
188
1248
1452
1478
1497
189
2692
190
364
191
193
201
195
197
234
515
198
199
233
236
238
284
295
712
826
947
1038
1186
1480
1736
1808
1813
1889
1932
1967
200
209
250
724
213
214
215
217
218
347
376
220
1495
1507
221
369
1048
228
244
229
299
305
325
230
558
618
842
915
1204
1216
1359
1371
1399
2213
3533
4120
4131
4938
231
514
960
1029
239
344
1946
240
420
241
242
251
267
281
310
469
679
688
699
776
810
1110
1139
1192
1460
1657
1866
1988
2090
2195
2302
2319
2757
2924
2934
3316
3344
247
252
393
954
248
1798
249
254
253
262
263
338
416
829
845
866
870
981
1221
1484
1727
1812
2177
2242
2436
2445
264
2593
2746
265
373
266
272
287
331
906
914
931
1091
1144
1481
3548
3551
3567
3589
274
2154
2178
2192
275
307
312
315
342
1155
277
278
686
1717
279
282
283
280
1933
285
1797
291
292
336
747
762
293
3418
296
302
2666
2681
2704
297
303
300
340
383
458
508
575
652
719
814
892
990
1039
1120
1403
1570
1629
1634
1654
1720
2253
2362
2457
2507
2511
301
304
3923
306
360
314
321
319
330
337
339
348
351
357
644
738
798
1076
1256
1364
1521
1649
327
335
361
439
481
490
820
849
921
1022
332
333
341
545
345
350
399
436
358
470
540
1042
1443
1454
2133
2226
2881
2890
2894
5475
359
2117
362
365
409
433
565
672
1034
366
368
372
375
715
726
378
503
645
651
1491
382
532
384
3237
3823
3826
386
388
872
878
389
428
390
421
391
434
467
924
392
395
425
437
440
472
521
577
635
641
1739
1814
394
535
4027
396
402
405
430
438
460
397
637
674
725
735
736
841
858
1074
1081
1094
1095
1510
2008
2801
3225
3234
3560
3571
4853
5336
398
465
400
432
401
956
1141
1377
403
414
423
404
407
410
411
417
771
1124
1128
1398
1623
4236
4386
418
626
691
422
424
1100
1492
1538
1540
1546
1547
427
702
1207
1258
429
2157
431
1105
2885
435
442
443
497
506
444
447
448
605
2663
2752
446
451
453
462
476
454
455
569
1292
1692
1858
1868
2162
2496
2508
2721
3451
3821
6601
456
457
461
520
542
1228
1240
1312
1331
1750
2054
463
546
946
958
1151
1242
1250
1488
1578
1787
1811
1852
1863
1882
1915
2263
2556
3153
3429
3715
3840
464
466
1925
471
473
3082
3203
474
496
500
509
513
537
553
598
603
615
621
659
681
1280
475
478
482
1926
2059
480
483
484
487
613
627
658
675
678
697
2053
2065
494
495
498
502
504
580
505
510
861
1189
1613
2880
3029
3299
3310
511
1801
1878
1928
512
530
539
1971
517
518
519
1800
523
524
525
528
531
1769
2875
533
534
2652
538
550
649
2915
543
547
544
549
557
559
568
564
566
567
571
570
657
780
574
576
579
2306
2758
3021
581
582
583
584
585
588
759
992
589
593
594
595
597
628
599
602
604
607
654
610
629
723
741
850
902
1004
1107
3010
3062
3103
3129
3230
3270
614
617
632
638
650
622
625
630
683
869
929
634
932
636
640
642
1722
1901
1950
2039
2047
2061
2173
2210
643
647
1726
653
4609
655
1772
656
663
664
665
666
667
710
1051
1247
1266
1302
1356
1575
1605
1671
1683
1745
1756
1906
1941
2207
4468
4976
5163
5468
5820
6549
6652
668
694
913
1050
1439
1541
669
1200
2160
2331
671
680
716
677
689
685
687
985
1049
2170
2175
2370
2374
2387
2428
2489
2505
2775
2887
2949
3240
3305
3660
3899
5645
6069
7028
7575
690
1335
692
707
695
696
698
857
2976
3003
700
704
708
709
711
839
1688
2105
713
961
717
722
728
1706
718
737
748
782
2727
3607
3753
3756
720
721
755
769
777
1007
1140
727
1183
4115
4121
4233
730
731
732
742
733
756
739
751
768
2004
6915
740
744
746
754
757
6891
758
778
784
761
763
764
1096
1198
1297
1545
1625
1829
2439
2625
3245
3296
5078
765
766
767
772
770
774
2270
775
779
934
781
868
783
786
1862
789
894
790
791
792
793
794
933
795
818
1936
796
801
802
938
804
806
807
808
809
812
816
813
817
896
951
819
821
822
823
856
3844
825
835
827
989
1273
7893
828
830
831
833
838
840
846
851
853
962
966
854
855
890
928
940
859
877
862
1888
863
880
864
865
1975
867
871
919
930
945
983
1023
1102
873
2222
875
895
876
879
949
881
984
882
885
883
884
886
887
1627
888
889
891
982
1025
1159
1239
893
897
898
899
941
1101
2639
2650
900
901
903
910
980
911
912
918
955
916
917
920
922
926
923
1002
1008
927
936
937
975
939
942
943
953
1487
950
952
970
957
959
964
963
965
968
1518
969
971
1166
972
1785
973
976
974
977
1163
1281
978
979
1381
1445
1447
987
988
1011
1030
1290
1366
1595
1679
1707
991
995
3720
993
994
1060
997
998
1005
1006
1009
1012
1015
1019
1027
1066
1174
1175
1181
1210
1348
1475
1593
1665
1832
2237
1000
1150
1709
1949
2463
2509
2586
1001
2418
1003
1010
1018
1020
1043
1014
1016
1059
1067
1017
1021
1024
1237
1389
1393
1026
1032
1099
1104
1132
1158
1180
1235
1317
1594
1763
1773
1776
1835
2012
2300
2304
2311
2357
2372
2405
2697
2747
4307
4345
5132
5172
5175
5203
5223
5240
5289
5400
5437
5438
5439
5444
1031
1033
1035
1041
1276
1737
6312
1044
1045
1055
1080
1097
1118
1130
1157
1187
1209
1225
1498
1532
1588
1046
1843
1047
1182
1203
1365
1379
1508
2086
2139
2254
2502
2514
2839
2971
3630
3825
1052
1054
1056
1057
1062
1063
1065
1068
1069
1070
1077
1079
1535
1083
1085
1087
1088
1089
1098
1103
1112
1114
1117
1122
2332
4160
5474
7144
7165
7177
7285
7286
7289
1123
1126
1195
1127
1160
1131
1162
1134
1135
1170
1171
1185
1137
1138
1161
1142
1154
1146
1152
1147
1227
1148
1149
1169
1153
1295
1164
1165
1173
1167
1172
1176
1177
1178
1184
1236
1188
1191
1190
1193
1194
1234
1243
2829
1199
1201
1208
1597
1212
1214
1218
1223
1345
1414
1219
1220
1222
1224
1238
1267
1329
1372
1382
1501
1574
1841
2707
1226
1289
1318
1230
1278
1286
1321
1325
1328
1231
1232
1233
1241
2084
1245
1246
1249
1257
1251
1252
1261
2430
1253
1254
1270
1264
1265
1268
1271
1272
1274
1275
1277
1291
1282
1415
1283
1421
1423
1427
1287
1288
1293
1687
1695
1294
1308
1311
1353
1296
1298
1299
1300
1490
1303
1304
1306
1336
1307
1320
2423
1310
1326
4050
4153
1313
1323
1429
1433
1435
1523
1561
1833
1886
1970
2062
2103
2106
2193
2246
2322
2358
2360
2363
2394
2396
2467
2569
2690
2700
2703
2812
3201
3247
3275
3714
3766
1314
1361
1369
1315
1316
1370
4052
1322
1324
4051
1327
1330
1334
1337
1338
1340
1342
1343
1344
1346
1347
2803
1349
1821
1828
1350
1744
1351
1368
2223
1352
1416
1355
1394
1357
1360
1358
1387
1367
1373
1374
1375
1437
1376
1380
1438
1383
1385
1386
1390
1392
3314
3315
3457
1391
1395
1449
1396
1405
1506
1406
1409
1436
1407
1410
1412
1451
2901
3206
1413
2292
2294
1417
1422
1424
1425
1428
1430
1431
1432
1434
1444
1471
1448
1450
1455
1456
1457
1458
1463
1470
1504
1464
1465
1599
1612
1614
2199
2203
1467
1468
1551
1701
1943
1469
1472
3163
1473
1474
1477
1479
1482
1483
1494
1485
1486
1493
1520
1496
1499
1500
1675
2328
2334
2345
1502
1505
1509
1511
1513
1514
1516
1519
1522
1524
1543
1525
1586
1528
1616
1810
1954
2002
2150
2317
2336
2340
2376
2437
2484
2628
3176
3192
3194
3204
3432
3450
3472
3585
3609
3770
3910
3943
4054
4212
4306
1530
1557
1531
1552
1592
1537
1539
1548
1549
1550
1569
1700
1554
1705
1555
1556
1558
1559
1562
1600
1632
1560
1563
1564
1572
1565
1566
1568
1571
1573
1577
1579
1580
1604
1581
1583
1584
1587
1589
1590
4540
1596
1598
1601
1602
1603
1606
1607
1609
1674
1610
2043
2050
2074
2183
1611
1615
1617
1618
1624
1680
1713
1927
1972
2021
2025
2083
1620
2268
1621
1622
1628
1653
1670
1678
1816
1909
2238
2252
2401
2615
2616
1631
1669
1731
1633
1635
1636
1638
1640
2040
2041
1641
1642
1643
1645
1672
1777
2007
1647
1648
1710
1651
1652
1655
1658
1660
1661
1662
1667
1663
1666
1684
1690
1668
1673
2733
1677
1681
1742
1682
1685
1686
3535
1689
1691
1693
1694
1696
1704
3094
1697
1734
1804
1698
1723
1951
1699
1728
1730
1702
1703
1708
1711
1712
1714
1715
1948
1716
1947
1718
1945
1719
1721
1724
2416
1729
1746
1851
1856
2320
2368
2393
2550
2975
1732
1733
1735
1846
1859
2255
2596
2611
2627
2917
1740
3039
3066
1741
1743
6430
6653
1747
1955
1956
1749
1751
1790
1752
2089
1754
1755
1757
1929
1758
1759
1765
1849
1903
2094
1760
1761
1762
1771
1764
1767
1875
1896
1768
1770
1774
1792
1775
1778
1783
3406
3408
3661
5145
5148
5665
1779
1944
1780
1781
1782
1786
1784
1788
1789
2323
2435
2469
2532
2537
2552
2560
2942
3735
3961
1791
1855
1794
1802
1805
2450
2490
1806
1807
1815
2987
1817
1818
1819
1921
1822
1918
1823
1912
1830
1831
1887
1893
1908
1834
1883
1836
1877
1880
1885
1898
1837
1865
1873
1840
1850
3407
1842
1895
3124
3813
7529
1844
1847
1892
1848
1871
1920
1924
2580
1853
1869
2180
2930
2998
1857
1860
1867
1861
1864
1870
1953
1872
1874
1876
1904
1879
1891
1884
1899
1890
1894
1897
1900
1902
1905
1907
1930
1910
1916
1911
1938
1914
1919
1917
1922
2151
1923
1961
2019
1931
2814
1935
1939
1942
2429
1952
2326
1957
1958
1963
1959
1962
1974
1964
1982
1968
1973
1980
1979
1983
2276
1984
1985
2448
2570
1989
1991
1992
1996
3080
1993
1994
1997
1998
1999
2001
2024
2033
2000
2003
2005
2006
2010
2029
2013
2014
2028
2030
2015
2017
2918
3223
2016
2020
2018
2023
2022
2026
2761
2027
2031
2148
3035
3040
2032
2036
2058
2037
2038
2044
2042
2291
2045
2048
5325
2049
2271
2052
2104
2055
2060
2056
2149
2057
2167
2280
2063
2064
2066
2459
2068
2069
2122
2392
2070
2071
2179
2072
2075
2087
2076
2077
2079
2080
2081
2082
2085
2088
2091
2099
2289
2093
2097
2101
2108
2111
2112
2115
3623
2095
2100
2266
2343
2420
2480
2096
2119
2132
2230
2275
2278
3579
4643
5092
2098
2260
2102
2107
2109
2135
2523
3447
2110
2113
2116
2118
2128
2141
2120
2134
2121
2123
2124
2125
2284
2330
2126
2127
2181
2129
2138
2131
2145
2136
2161
2172
2137
2768
2142
2143
2144
2146
2147
2153
2155
2403
2408
2158
2244
2247
2249
2333
2159
2163
2164
2165
2188
2493
2495
2525
2574
2166
2168
2174
2208
2220
2169
2171
2198
2176
2185
2265
2182
2186
2187
2189
2190
2191
2194
2196
2200
2762
2201
2206
2202
2204
2205
2209
2655
2689
2718
2755
4276
4641
4670
5312
5321
5337
6425
2212
2214
2273
2215
2229
2248
2316
2410
2411
2453
2553
2708
2766
2781
3238
5340
6379
6384
2216
2240
2415
2217
2218
2219
2224
2225
2227
2228
2462
2487
2231
2232
2313
2233
2234
2315
2236
2239
2243
2256
2245
3462
2251
2257
2259
2310
2444
2262
2267
2269
2665
2711
2725
2272
2274
2277
2308
2281
2860
4359
4701
2282
2288
2283
2285
2293
2296
2286
2287
2295
2732
3141
2290
2298
5856
2299
2342
2386
2667
2683
2303
2385
2305
2307
3222
2309
2314
2312
2321
2324
2325
2327
2329
2377
2381
2383
2391
2395
2337
2338
2672
2339
2341
2344
2346
2442
2347
2414
2348
2349
2350
2351
2375
2710
2744
2903
3015
3181
2352
2353
2422
2354
2355
2576
2659
2356
2359
2361
2364
2366
2479
2367
3444
3676
3937
4256
4324
2369
2371
3624
4093
4149
4179
2373
2503
2378
2379
2397
2380
2384
2456
2382
2388
2389
2398
2413
2400
2402
2404
2406
2407
2458
2565
3187
3301
2409
2492
2531
2417
2419
3333
2421
2777
2778
2431
2564
2432
2433
2434
2438
2440
2441
2443
2486
2491
2446
2449
2451
2452
2466
2454
2460
2461
2465
2585
2464
2468
2471
2485
2470
2472
2517
2473
2481
2512
2474
2475
2478
2488
2494
2497
2498
2499
2500
2706
2501
2510
2520
2513
2515
2516
2518
2581
2582
2519
2676
2691
2907
2521
2522
2524
2588
2526
3312
3752
2527
2529
2547
2530
2534
2557
2535
2536
2538
2544
2539
2540
2603
2541
2542
2543
2545
2546
2549
2551
2554
2555
2558
2561
2562
2566
4012
4081
2571
2572
2575
2684
2779
2577
2618
2578
2587
2638
2579
2584
2589
2595
2590
2868
3049
3147
2591
2592
2594
2597
2599
2600
2601
2602
2882
3055
2604
2614
3182
3698
3728
3797
2605
2607
2608
2636
2612
2645
2670
2613
2654
2662
2677
2620
2621
2622
3005
2623
2624
2626
2822
2836
2973
2629
2634
2630
2649
2631
2633
2635
2637
2640
2641
2643
2644
2648
2669
2653
2656
2657
2658
2661
2664
2668
2871
2671
2673
2675
2678
2679
2688
2682
2686
2687
2693
2716
2695
2696
2760
2699
2720
2701
2702
2807
2705
2709
2712
2726
2714
2715
2717
2719
2722
2723
2724
2730
2731
2734
2736
2737
2751
2759
2788
2796
3319
2738
2740
2741
2743
2745
2756
2748
2753
4432
2754
2763
3468
5298
5319
2764
2765
2767
2770
2771
2772
2821
2840
2849
3804
4005
4055
4057
4300
4410
4475
4651
4697
6295
2773
2774
2776
2780
3470
2782
2783
4586
6453
2784
2785
3052
3085
2786
2787
2790
2816
2820
2826
2791
2792
2793
2794
2795
2797
2798
2800
2802
2808
2804
2832
4489
6539
2805
2806
2809
2810
2811
2813
2815
2837
3019
2817
2824
2825
2828
2830
2835
2831
2833
2834
2863
2904
2838
2841
2842
2843
2940
3030
3172
2844
2853
3046
2845
2846
2847
2850
2848
2851
2858
2896
2925
3009
3033
3083
3777
3919
2852
2859
2869
2926
2943
2970
2972
3007
3014
3018
3020
3045
3069
3075
3092
3099
3159
3169
3174
3185
3214
3224
3231
3269
3282
3323
3341
3355
3361
3368
3389
3401
3440
3498
3510
3568
3587
3602
3606
3642
3662
3737
3738
3761
3762
3763
3783
3807
3827
3851
3866
3894
3895
3933
3971
3995
4059
4135
4156
4163
4257
4281
4304
4329
4332
4361
4399
4448
4591
4676
4700
4723
4792
4794
4876
4914
5344
5586
5603
5750
5933
5944
6771
2854
2864
2865
2908
2855
4279
4334
2856
2857
2906
2862
2879
2893
2941
2946
2951
2866
2867
2877
3105
3171
3211
3216
3241
3288
3332
3435
3438
3592
3634
3656
3746
3772
3872
3966
3992
4161
4227
4253
4501
4587
4596
4616
4861
5090
5243
5262
5279
2870
2886
2872
2873
2874
2878
2883
2889
3219
3816
2888
2891
2892
2897
3179
3507
3799
3805
2898
2899
2900
2929
3208
3228
3248
2902
2905
2910
2909
3340
3439
3453
2912
2933
2936
2913
2923
2916
2921
2928
2919
2920
2922
3480
2927
2959
3077
3086
2931
2935
2944
2938
2957
2939
2945
2947
2948
2950
3178
3190
3622
2952
2954
2955
3189
3215
2956
2958
2980
2960
2961
2962
2966
2969
2964
2965
2996
3107
3267
3448
7756
2967
2968
2983
3096
3196
2977
2979
2981
3197
3249
2982
2985
2989
3028
3142
3144
3173
3186
3199
3289
3493
3504
3536
3543
3565
3730
3795
3829
3832
3881
3884
3917
3996
4143
2986
2988
2990
2994
2992
2993
2995
2997
2999
3000
3001
3164
3002
3008
3011
3076
3012
3013
3023
3016
3017
3022
3024
3026
3038
3027
3031
3032
3464
3631
3034
3949
3994
3036
3157
3037
3041
3042
3050
3071
3073
3043
3044
3047
3048
3054
3056
3063
3065
3057
3060
3058
3059
3061
3064
3067
3068
3070
3078
3106
3074
3138
3209
3079
3081
3084
3087
3175
3220
3577
3582
3600
3629
3699
3755
3784
3796
3857
3871
3938
3948
3951
3974
4031
4036
4047
4061
4064
4094
4104
4255
4280
4294
4311
4315
4333
4339
4365
4370
4371
4375
4451
4499
4502
4652
4672
4736
4803
4809
4875
4881
5081
5205
5241
5303
5509
5564
5608
5785
6090
6183
6266
6660
6955
7148
7447
7524
3089
3122
3090
3097
3117
3140
3091
3093
3095
3098
3116
3101
3119
3739
3102
3167
3277
3281
3810
3104
3113
3108
3112
3121
3123
3127
3109
3110
3133
4033
4930
5056
3111
3130
3114
3115
3154
3118
3280
3120
3128
3131
3137
3132
3134
3135
3136
3139
3150
3165
3143
3155
3336
3145
3148
3149
3736
3151
3180
3284
3287
3349
3372
3471
3514
3615
3775
3900
4072
4145
4174
4248
4258
4522
4759
5118
5140
3152
3158
3160
3161
3177
3162
3252
3166
3812
3168
3170
3183
3193
3184
3188
3195
3198
3200
3202
3205
3207
3210
3212
3260
3279
3291
3374
3381
3213
3226
3221
3262
3227
3243
3553
3229
3263
3266
3232
3233
3276
3235
3236
3239
3242
3442
3244
3250
4576
3251
3253
3254
3308
3328
3255
3256
3376
3561
3257
3258
3259
3271
3261
3264
3265
3268
3273
3292
3298
3334
3274
3278
3283
4880
3285
3286
3290
3293
3294
3295
3297
3300
3302
3303
3329
3304
3441
3526
3594
3306
3322
3307
3309
3321
3311
3367
3375
3377
3501
3515
3542
3545
3546
3564
3572
3625
3958
3313
3317
3320
3318
3326
3850
4039
4086
4126
3324
3495
3679
3750
3325
3404
3327
3330
3331
3335
3672
3337
3353
3732
4799
4879
3338
3339
3342
3343
3345
3354
4021
4295
4463
3346
3347
3348
3352
3373
3398
3403
3645
3652
3858
3935
3957
4202
4222
4228
4328
3350
3351
3397
3356
3357
3360
3358
3359
3362
3363
3396
3415
3364
3365
3460
3366
3369
3370
3371
3378
3391
3379
3436
3380
3383
3411
3527
3382
3386
3393
3387
3390
3388
3392
3394
3395
3399
3400
3424
3445
3402
3405
3409
3413
3452
3506
3556
3410
3412
3414
3428
3416
3419
3417
3512
3626
3628
3635
3420
3742
3748
3749
3781
3964
4092
4099
4108
4111
4182
4208
4215
4266
4287
4291
4346
4353
4464
4521
3421
3422
3425
3427
3430
3847
3431
3433
3434
3437
3443
3446
3449
3469
3454
3455
3667
3697
3456
3473
3518
3523
3539
3557
3558
4239
4379
3458
3459
3500
3511
3586
3461
3463
3492
3734
3465
3888
3466
3467
3683
3685
3722
3475
3488
3476
3477
3479
3481
3519
3541
3562
3570
3601
3620
3659
3482
3483
3619
3484
4148
5543
5565
5821
3485
3486
3487
3489
3490
5419
5640
5647
6156
3491
3494
3496
3497
3499
3502
4944
3503
3508
3725
3802
3509
3513
3516
3520
3521
3522
3524
3525
3528
3654
3529
3538
3530
3531
3532
3534
3790
3811
3537
3540
3547
4007
4261
4262
3549
3555
3550
3552
3554
3559
3563
3566
3641
3647
3569
3573
3574
3575
3576
3578
3580
3581
3583
4078
3584
3604
3588
3646
3695
3718
3590
3677
3680
3696
3593
3729
3595
3596
3818
3834
3835
3838
3597
3598
3694
3703
3705
3599
3853
3603
3605
6596
6597
3608
3610
3648
3611
3612
3613
3617
3637
3618
3621
3723
3632
3633
3638
3671
3686
3828
3636
3707
3710
3639
3651
3657
3665
3640
3644
3649
3650
3803
4385
5402
5429
3653
3658
3663
3664
3666
3668
3669
3670
3673
3689
3801
3806
3809
4800
5257
5339
3674
4797
3675
3678
3681
3822
3682
3684
3687
3688
3690
3926
3985
4001
4091
3691
3692
3693
3700
3701
3702
3727
3704
3820
3887
3706
3719
3708
3716
3741
3758
3709
3712
3713
3717
3721
3731
3724
3744
3726
3733
3740
3773
3793
3743
3882
3745
4637
3747
3751
3754
3757
3759
4090
3760
3764
3765
3769
3771
3776
3870
3877
3916
3778
3883
3913
3779
3780
3782
3905
3911
3785
3981
4046
4048
4101
4117
4252
4293
4762
3786
4022
4079
4109
4158
3787
3788
3791
3792
3794
3859
3869
3878
3880
3902
3927
3955
4043
4067
4075
4150
4157
4296
4349
4770
4793
4813
5072
5204
5287
5806
7563
3798
3800
4019
3808
3814
3815
3817
3824
3819
3830
3990
3831
4231
4234
4282
4288
4327
4350
4774
4899
5096
3837
3839
3842
3846
3975
4299
3841
3843
3875
3848
3849
3852
3854
5091
5105
3855
3874
3983
3856
3860
4378
4380
4383
4411
3861
3862
3863
3965
3969
3864
3867
3868
3873
4016
4032
3876
3879
3914
3885
3891
4960
5089
3886
3889
3890
3892
4014
3893
3896
3897
3915
4270
4274
4389
3898
4103
4178
3901
3903
3904
3912
3924
4013
3906
5265
3907
3908
3909
4298
3918
3920
3921
3922
3925
3929
3934
3984
3987
3997
4994
5114
5116
5357
3928
3930
3939
4042
3931
3936
3932
4449
4455
4479
3941
3942
4268
4321
3944
3945
3947
5062
6548
3946
3952
3976
3998
3953
3979
3980
3954
4010
4015
4045
3956
3959
4119
4129
4130
4140
4170
3960
4060
3962
3963
4065
4788
3967
3970
4133
3968
4009
4581
3972
3973
3977
3978
4000
4069
3982
3986
3988
3989
3999
3991
4008
3993
4002
4035
4003
4038
4049
4066
4073
4087
4447
4461
4466
4481
4525
4635
4657
4694
4704
4004
4011
4372
4403
4006
4220
4017
4018
4020
4023
4024
4026
4820
4931
4029
4076
4097
4105
4167
4190
4030
4058
4185
4034
4037
4040
4041
4044
4053
4168
4056
4118
5636
4062
4504
4063
4068
4070
4071
4074
4085
4077
4080
4082
4138
4225
4083
4084
4088
4173
4176
4180
4183
4089
4095
4206
4956
5292
4098
4106
6070
4100
4102
4116
4123
4219
4107
4243
4110
4112
4113
4132
4122
4124
4125
4137
4142
4127
4177
4128
4134
4141
4136
4396
4434
4450
4574
4139
4144
4146
4155
4165
7093
4147
4151
4356
4588
4152
4171
4154
4159
4162
4189
4194
4240
4251
4164
4166
4169
4172
4175
4181
4184
4186
5115
4187
4188
4363
4192
4241
4278
4193
4217
4195
4264
4196
4230
4412
4197
7402
4198
4199
4200
4201
4203
4216
4235
4272
4204
4207
4292
4205
4271
4388
4210
4286
4213
4214
4218
4221
4223
4224
4226
4229
4232
4249
4260
4237
4238
4242
4244
4245
4247
4250
4254
4259
4265
4267
4722
4862
4269
4369
4273
4275
4338
4277
4283
4312
4343
4428
4626
4674
4688
4284
4285
4289
4341
4290
4348
4354
4362
4384
4405
4297
4301
4302
4303
4308
4437
4309
4310
4314
4320
4330
4337
4368
4439
5151
4313
4316
4317
4318
4377
4382
4387
4398
4441
4443
5146
5421
5566
4319
4326
4351
4322
4323
4325
4331
4335
4336
4340
4342
4367
4394
4344
4347
4404
4352
4355
4551
4357
4358
4407
4360
4366
4373
4374
4376
4381
4390
4391
4397
4430
4446
4471
4473
4534
4662
4392
4393
4819
4395
4400
4406
4661
4714
4729
4732
4756
4779
4782
4896
5010
5023
5047
5401
7914
8076
4401
4409
4402
4620
4408
4445
4413
4656
4414
4459
4498
4500
4415
4416
4417
4426
4418
4429
4503
5021
4419
4791
4810
5113
5208
5351
4420
4421
4458
4422
4423
4424
4425
4427
4435
4493
4664
4705
4715
4431
4433
5053
5210
4436
4438
4454
4440
4474
4442
4444
4452
4453
4818
4456
4487
4497
4457
4462
4465
4467
4469
4470
4472
4476
4477
4478
4480
4482
4483
5119
4484
4519
4485
4486
4488
4490
4817
5378
5712
4491
4514
4523
4492
4515
4585
4494
4506
4495
4496
4505
4507
4719
5015
5026
5106
4508
4509
4599
4634
4642
4654
4692
4713
4737
4751
4761
4763
4790
5074
5076
5135
5136
5156
4510
4511
4849
4920
5007
5390
4512
5777
4513
4520
4516
4537
4517
4529
4619
5157
5182
5230
4518
5522
5523
5537
5544
4524
4527
4547
4549
4554
4560
4572
4604
4613
4621
4639
4669
4684
4730
4748
4773
4833
4839
4893
4924
4929
4940
4942
5006
5017
5050
5060
5080
5086
5110
5133
5149
5164
5171
5231
5270
5275
5277
5304
5322
5349
5359
5418
5453
5512
5518
5529
5549
5556
5591
5601
5650
5651
5656
5680
5685
5687
5692
5717
5754
5831
5834
5848
5911
6084
6105
6178
6225
6229
6250
4526
4528
4530
4536
4542
4531
4563
4707
4831
4877
4921
5038
5052
5075
5125
5155
5158
5167
5198
5282
5284
5309
5329
5335
5373
5387
5746
5811
5886
6011
6142
6188
4532
4533
4535
4546
4570
4538
4552
4562
4567
4584
4605
4623
4633
4640
4647
4671
4742
4750
4777
4824
4848
4890
4894
4947
5251
5377
5551
5552
5571
5576
5579
5583
4539
4603
4630
4541
4544
4548
4733
4747
4752
4979
5037
5353
4543
5446
5562
4545
4550
4709
4553
6068
6299
4555
5064
4557
4594
4558
4650
4787
4559
4624
4561
4564
4568
4602
4614
4682
4699
4883
4887
5138
5168
4565
7671
4566
4569
4577
4913
4916
4918
4941
4946
4959
4571
4573
4600
4628
4703
5049
5068
5214
5330
5333
5350
5412
5423
4575
4578
4825
4834
4835
4856
4898
4937
5281
4579
4622
4677
4681
4780
4580
4582
4601
4583
4589
4658
4660
4668
4769
4900
4590
4592
4593
4595
5004
5126
4597
4598
4606
4607
4608
4631
4644
5005
5042
5102
5153
5219
4610
4789
5020
5147
4611
4612
4617
4615
4618
4649
4666
4679
4691
4693
4695
4718
4740
4816
4822
4826
4836
4846
4851
4865
4866
4888
4915
4926
4945
4968
4972
4980
5014
5024
5032
5045
5046
5077
5095
5097
5131
5161
5190
5194
5199
5207
5217
5229
5232
5246
5247
5272
5285
5301
5306
5323
5327
5354
5372
5374
5385
5393
5396
5432
5442
5445
5486
5487
5488
5497
5498
5502
5515
5554
5572
5573
5575
5582
5588
5598
5618
5631
5632
5648
5657
5668
5673
5675
5679
5683
5707
5714
5728
5730
5739
5748
5761
5786
5793
5794
5824
5852
5885
5898
6185
6209
6212
6226
6286
6525
6635
7004
4625
4629
4627
4632
4636
4638
4645
4665
4646
4653
5538
5548
5589
4655
5762
4659
4663
4667
4726
4744
5770
4673
4675
4680
4702
4734
4741
4784
5422
5669
5696
5733
5747
4678
4706
4725
4683
4685
4686
5226
4687
4689
5189
4690
4811
4696
4783
4806
4698
4870
4871
4897
4708
4710
4712
4765
4815
4845
4868
4878
4927
4952
5071
5142
5297
5310
5342
5361
4711
4977
4992
4716
4727
4743
4753
4758
4798
4717
4746
5716
4720
4721
4760
4786
4724
4728
4731
4735
4738
4775
4802
4804
4842
4889
4912
4970
4971
5002
4739
5700
5724
4745
4749
4754
4755
4757
4764
4884
4895
4903
4908
5003
4766
4767
4768
4771
5174
4772
4776
4778
4781
4910
4990
5051
5057
5061
5123
5345
5443
4785
4795
4807
4796
4801
4805
4808
5034
5331
4812
4814
4821
4823
4827
4830
4974
5949
4828
4829
4860
4832
4854
4858
4905
4917
5252
4837
4838
4840
4841
4892
4963
4843
4852
4936
4844
4969
4847
4850
4855
4857
4859
4863
4864
4867
5018
4869
4872
4873
4874
4882
4885
4886
4901
5028
5094
7841
4891
4902
4904
4906
4909
4961
4982
4983
4987
5027
5221
4907
5490
5807
4911
4978
4919
4922
5019
5187
5244
4923
4951
5082
4925
4935
4928
4932
4962
4999
5048
5100
5120
5122
5130
4933
4934
4939
4943
4948
4949
4950
4953
4954
4955
4957
4958
4964
4965
5031
5975
6001
6022
6098
6106
6116
6118
6145
6446
6486
6493
6494
6507
6608
6641
6645
4966
4967
4973
4975
4981
4989
4984
4985
4986
4988
4991
5022
5040
5083
5280
4993
5054
5103
5236
5238
5242
5245
4996
6581
6599
4997
5627
4998
5000
5001
5008
5009
5011
5016
5012
5070
5124
5129
5398
5013
5025
5033
5035
5197
5036
5041
5039
5043
5176
5183
5213
5216
5276
5367
5044
5152
5055
5058
5059
5063
5065
5178
5185
5222
5066
5621
5067
5085
5069
5073
5079
5098
5160
5186
5211
5228
5300
5084
5087
5088
5093
5294
5099
5101
5104
5107
5162
5293
5108
5388
5550
5109
5111
5302
5305
5311
5324
5332
5491
5492
5684
5758
6251
6310
6314
7217
5112
5121
5128
5134
5193
5137
5139
5141
5143
5144
5150
5154
5159
5165
5166
5170
5173
5177
5179
5196
5180
5256
5260
5267
5181
5184
5200
5188
5191
5192
5426
5195
5271
5288
5201
5202
5206
5317
5209
5212
5215
5220
5224
5225
5227
5233
5234
5235
5237
5249
5273
5239
5283
5248
5250
5253
5255
5269
5258
5259
5261
5263
5264
5266
5286
5268
5274
5278
5290
5291
5688
5690
5295
5296
5299
5307
5308
5326
5313
5316
5314
5320
5315
5328
5355
5585
5318
5334
5343
5341
5346
5347
5639
5348
5352
5643
5731
6318
5356
5358
5360
5362
5363
5364
5365
5366
5368
5369
5370
5420
5495
6172
5371
5375
5376
5379
5480
5380
5381
5382
5383
5540
5384
5386
5389
5397
5408
5467
5473
5489
5494
5496
5526
5536
5553
5557
5567
5570
5577
5633
5662
5689
5927
6133
6189
6239
6557
6772
7117
5391
5392
5395
5399
5403
5406
5505
5624
5404
5405
5413
5407
5409
5410
5411
5417
5427
5414
5415
5672
5416
5424
5425
5470
5428
5461
5466
5622
5430
5431
5441
5433
5667
5434
5464
5499
5435
5436
5666
5440
5447
5472
5477
5485
5530
5833
5448
5476
5503
5449
5484
5595
5450
5452
5463
5471
5542
5563
5594
5635
5644
5858
5892
6037
5451
5623
5454
5469
5455
5456
5654
5457
5458
5459
5460
5462
5465
5629
5664
5478
5479
5481
5513
5482
5483
5501
5504
5506
5507
5581
5508
5510
5511
5514
5521
5524
5527
5516
5519
5525
5528
5517
5520
5531
5533
5558
5532
5660
5534
5659
5535
5658
5539
5541
5590
5545
5546
5547
5555
5559
5560
5561
5596
5686
5732
5568
5569
5574
5578
5611
5580
5584
5634
5587
5592
5706
5593
5597
5642
5778
5599
5600
5602
5604
5610
5628
5676
5605
5606
5609
5641
5670
5703
5721
5753
5755
5996
6020
6091
6109
6121
6128
6130
5607
5612
5617
5727
5613
5614
5615
5655
5616
5619
5620
5691
5625
5738
5626
5637
5677
5757
5638
5646
5649
5698
6160
5652
5653
7205
5661
5710
5663
5671
5674
5699
5713
5678
5681
5682
5693
5884
6326
5694
5695
5726
5751
5697
5701
5702
5704
5705
5708
5709
5741
5817
5836
5902
6125
6252
6274
6324
6571
5711
5715
5718
5719
5735
5759
5764
5832
5840
5845
5861
5941
5954
5969
5970
5980
6013
6035
6050
6074
6089
6101
6113
6136
6138
6232
6244
6248
6289
6290
6316
6335
6351
6369
6401
6406
6461
6524
6533
6552
6553
6591
6609
6620
6680
5720
5736
5878
5722
5846
5866
5891
5987
6143
6149
6169
6218
5723
5725
5729
5734
6154
5737
5740
5742
5743
5792
5814
5830
5850
5897
5744
5745
5974
5749
5752
5946
5756
5796
5760
5763
5765
5766
5771
5787
5809
5868
6087
6103
6112
5767
5813
5907
5768
5775
5859
5769
5772
5773
5774
5799
5801
5803
5854
5857
5776
5779
5783
5780
5862
5920
5925
5781
5782
5784
5788
5789
5860
5790
5791
5812
5797
5802
5810
6034
5798
5800
6284
6642
5804
5805
5808
5815
5844
5816
5818
5823
5819
5825
5838
5869
5874
5883
5930
6110
6320
6360
6364
6376
6523
6528
6750
6902
6907
6972
7006
5826
5842
5876
5908
5910
5924
5956
5967
5988
6036
6059
6064
6079
6111
6144
6257
6258
6260
6264
6302
6323
6352
6368
6374
6421
6455
6460
6472
6606
6910
5827
5828
5841
5881
5829
6032
5835
5837
5839
5865
5922
5943
5979
5843
5847
5872
5849
5851
5853
7222
5855
5960
6813
5863
5882
5923
5864
5867
5870
5871
5912
5873
5906
5875
5893
5877
5888
5894
5879
5880
5916
5887
5889
5890
5895
5896
6005
6028
5899
5926
5993
5900
5909
5947
6152
6157
6193
6219
6231
6300
6301
6342
6363
6417
6418
6431
6482
6491
6536
6540
6555
6588
6658
6676
6682
6747
6847
6862
6877
6932
6935
6952
7145
7157
8134
8138
5901
5903
5904
5905
5913
5937
5914
5915
5917
5918
5919
5921
5981
5990
5998
6008
6009
6017
6021
6027
6052
6053
6055
6062
6075
6083
6096
6097
6126
6148
6171
6196
6205
6223
6249
6256
6277
6282
6367
6399
6403
6412
6422
6427
6436
6475
6515
6534
6541
6565
6705
6798
6810
6850
6894
6898
6921
6925
6940
5928
5931
5932
6031
6180
6373
5934
5935
5936
5938
5939
5940
5942
5945
5948
7227
5950
5951
6134
5952
5953
6016
6127
5955
5957
5958
6129
6235
5959
5964
5971
5976
6023
5961
6530
5962
5963
5966
6046
5965
5989
6085
6088
6100
6102
5968
5972
6014
6042
6058
6061
5973
5977
5978
6012
5982
6162
6165
5983
5984
5985
5986
5991
6039
5992
6006
6026
6041
5994
5995
5999
6007
5997
6000
6002
7155
7276
7428
6003
6004
6010
6060
6080
6094
6115
6015
6018
6019
6040
6024
6153
6025
6029
6030
6033
6038
6043
6044
6045
6057
6047
6108
6048
6051
6081
6049
6276
6338
6346
6388
6402
6054
6063
6056
6065
6066
6067
6071
6224
6327
6072
6073
6095
6076
6184
6077
6078
6082
6086
6092
6093
6099
6397
6104
6272
6107
6131
6146
6114
6117
6119
6120
6122
6198
6199
6201
6222
6296
6123
6304
6308
7765
6124
6265
6294
6132
6135
6150
6175
6137
6151
6164
6309
6471
6535
6622
6695
6958
6139
6349
6485
6140
6394
6429
6141
6586
6589
6147
6155
6197
6372
6158
6344
6161
6163
6166
6167
6168
6200
6208
6170
6207
6211
6221
6173
6174
6176
6177
6179
6181
6195
6182
6186
6187
6215
6227
6240
6242
6268
6190
6191
6192
6359
6194
6206
6400
6793
6202
6203
6214
6216
6217
6204
6210
6213
6228
6271
6378
6385
6389
6220
6230
6273
6275
6366
6428
6579
6605
7264
7310
7660
7661
6233
6234
6241
6278
6311
6236
6270
6237
6243
6238
6261
7110
7211
7545
7617
6245
6285
6246
6315
6247
6269
6329
6343
6467
6253
6377
6531
6254
6468
6646
6657
6255
6393
6644
6677
6259
7324
6262
6263
6267
6279
6396
6280
6350
6362
6927
6281
6328
6283
6287
6297
6288
6291
6292
6298
6353
6529
7345
6293
6303
6305
6306
6405
6708
6307
6319
6333
6345
6439
6313
6317
6334
6321
6322
6325
6340
6330
6550
6331
6357
6361
6370
6416
6419
6463
6663
7220
7465
7556
6332
6336
6423
6337
6392
6470
6476
6480
6481
6339
6452
6347
6356
6447
6654
6758
6354
6443
6355
6444
6358
6387
6365
6375
6371
6583
6380
6381
6404
7208
6382
6383
6391
6386
6395
7719
6390
6398
6407
6488
6408
6409
6411
6410
6413
6414
6415
6426
6420
6424
6432
6554
6433
6434
6437
6438
6440
6441
6442
6445
6448
6449
6450
6451
6454
6458
6542
6456
6457
6832
6881
6997
7044
7151
6459
6495
6464
6578
6465
6474
6466
6469
6473
6478
6489
6501
6512
6543
6673
6721
6726
6731
6477
6483
6508
6479
6503
6600
6484
6498
6514
6628
6630
6634
6714
6487
6505
6490
6840
7537
8274
8359
8361
8379
6492
6496
6502
6497
6522
6499
6612
6829
6841
6860
6500
6504
6639
6506
6511
6513
6516
6517
6527
6545
6560
6568
6572
6573
6585
6590
6610
6615
6621
6626
6629
6633
6638
6650
6661
6665
6667
6678
6690
6699
6717
6732
6737
6748
6770
6779
6817
6848
6875
6888
6918
6928
6945
6947
6961
6963
6993
7008
7011
7027
7046
7068
7082
7087
7097
7204
7221
7230
7254
7333
7409
7420
7448
7466
7472
7523
7685
7743
7758
7845
6509
6674
6679
6711
6723
6725
6946
6510
6518
6519
6704
6768
6785
6820
6822
6520
6559
6602
6521
6526
6532
6868
7034
6538
6544
6546
6561
6563
6603
6618
6547
6551
6556
6681
6558
6933
6941
6974
7202
7621
8220
6562
6567
6564
6566
6569
6604
6647
6570
6574
6575
6636
6778
6576
6715
6577
6688
6580
6582
6584
7153
7436
7724
6587
6592
6594
6593
6742
6595
6598
6607
6625
6631
6611
6649
6719
6613
6614
6616
6617
6619
6623
6899
6624
6669
6627
7548
7554
7586
7596
6632
6637
6648
6640
6664
6684
6741
6643
6666
6685
6651
6718
6755
6792
6814
6819
6836
6870
6971
6975
6995
7064
7077
7086
7122
7210
7538
7539
7643
6655
6656
6659
7252
7282
6662
6668
6751
6797
6834
6853
6876
6884
6670
6671
6672
6754
6675
6766
6784
6790
6791
6944
6683
6686
6757
6687
6738
6689
6706
6691
6803
6692
6693
6694
6696
6697
6769
6874
6698
7601
7644
7885
7895
6700
6701
6702
6703
6707
6722
6709
6821
6710
6712
6713
6716
6720
6724
6728
6759
6825
7016
7048
7061
6727
6749
6729
6730
6774
6781
6977
6733
6740
6745
6767
6788
6855
6867
6872
6931
6934
6734
6735
6736
6746
6859
6739
6743
6914
6744
6804
6752
6776
6795
6753
6762
6938
7137
6756
7005
7013
6760
6764
6796
6842
6844
6761
6773
7600
6763
6900
6765
6782
6911
6775
6777
6786
6780
6783
6787
6789
6805
6794
6801
6849
6856
6865
7850
6799
6816
6800
6922
7030
7036
7056
6802
6806
8079
6807
6869
6964
7101
7194
7215
7303
7307
6808
6809
6824
6886
6887
6896
6919
6942
6980
7029
7052
7069
7088
7092
7686
6811
6812
6815
6879
6818
6823
7616
6826
7060
7071
6827
6828
6830
6839
6831
6833
6835
6893
7002
6837
6838
6843
6871
6936
6845
6878
6846
6908
6851
6889
6890
6852
6854
6857
6858
6926
7014
7372
7386
7390
7396
7407
7441
7463
7520
7522
7534
7536
7540
7561
7562
7582
7706
6861
6863
6864
6866
6873
6903
6880
6882
6883
6885
6905
6892
6895
6897
6901
6904
6906
6909
6912
6913
6924
6916
6937
7059
6917
6920
6983
6923
6929
6930
6970
6973
7043
7075
7100
7123
7163
7292
7344
6939
6943
6951
6976
6978
6985
6994
7871
6948
6981
7037
7121
7130
6949
7129
6950
7025
7239
7384
7883
6953
6954
6979
6956
6991
6957
6990
7021
7089
6959
6960
6989
6962
6965
6966
6967
6982
6968
6986
7080
6969
6984
7035
7665
7974
6987
7055
7057
6988
7045
7070
7085
6992
6998
7031
7033
7054
7066
7079
7614
6996
7023
6999
7007
7000
7001
7022
7038
7003
7009
7010
7067
7234
7012
7150
7160
7015
7017
7018
7019
7042
7020
7024
7026
7032
7039
7058
7040
7645
7676
7682
7726
7041
7047
7049
7051
7190
7243
7248
7309
7050
7053
7062
7063
7065
7099
7127
7229
7335
7346
7411
7072
7189
7363
7445
7073
7083
7156
7185
7284
7315
7583
7585
7834
7858
7074
7076
7078
7081
7084
7125
7708
7991
7090
7091
7149
7094
7095
7147
7424
7764
7096
7098
7102
7131
7103
7109
7126
7209
7256
7449
7793
7104
7105
7106
7107
7318
7108
7111
7114
7120
7141
7112
7564
7113
7169
7182
7115
7116
7223
7330
7625
7636
7118
7133
7119
7124
7128
7170
7481
7485
7132
7240
7467
7134
7135
7188
7192
7231
7136
7158
7159
8202
8241
7138
7139
7413
7584
7140
7287
7294
7142
7168
7143
7146
7193
7213
7233
7241
7311
7317
7321
7340
7341
7152
7162
7154
7161
7164
7574
7612
7166
7187
7207
7167
7235
7293
7362
7755
7760
7171
7172
7173
7174
7242
7255
7258
7280
7281
7391
7175
7247
7301
7176
7178
7183
7179
7224
7253
7267
7427
7443
7567
7570
7594
7641
7180
7521
7535
7609
7692
7701
7181
7602
7184
7228
7186
7191
7244
7195
7196
8151
8171
7197
7198
7225
7237
7199
7200
7246
7328
7201
7203
7763
7864
7892
7206
7212
7778
8013
7214
7216
7218
7219
7555
7653
7226
7552
7663
7687
7738
7232
7236
7320
7350
7558
7741
7749
7973
8034
7238
7245
7249
7250
7364
7514
7251
7257
7259
7260
7283
7352
7365
7261
7262
7360
7263
7265
7266
7268
7269
7270
7271
7272
7273
7295
7437
7476
7274
7290
7334
7337
7339
7359
7275
7277
7371
7679
7278
7399
7279
7921
7288
7291
7304
7319
7338
7405
7412
7590
7296
7297
7298
7299
7482
7300
7370
7425
7453
7491
7525
7543
7544
7550
7577
7604
7670
7672
7680
7688
7728
8259
7302
7305
7456
7471
7530
7597
7306
7357
7308
7313
7312
7314
7316
7322
7498
7323
7325
7890
7326
7327
7329
7426
7886
7331
7332
7464
7557
7721
7336
7343
7349
7351
7378
7382
7395
7342
7347
7367
7446
7348
7356
7379
7408
7353
7421
7598
7354
7572
7628
7355
7375
7406
7418
7475
7730
7358
7419
8248
8294
8398
7361
7366
7404
7368
7369
7373
7374
7380
7433
7440
7442
7479
7512
7515
7516
7517
7518
7532
7608
7376
7383
7377
7490
7506
7731
7732
7880
7381
7385
7392
7664
7669
7735
7866
8257
8272
8279
8281
8332
7387
7410
7565
7571
7388
7417
7389
7397
7393
7501
7509
7394
7500
7507
7508
7398
7400
7401
7613
7913
8121
8210
8295
8296
7403
7414
7416
7415
7435
7422
7423
7429
7430
7434
7531
7541
7546
7431
7439
7480
7487
7432
7438
7444
7458
7595
7695
7450
7470
7503
7551
7451
7560
7452
7496
7646
7689
7694
8153
7454
7455
7457
7474
7549
7581
7632
7655
7656
7691
7459
7887
7460
7478
7461
7469
7588
7611
7630
7462
7468
7499
7502
7473
7666
7675
7477
7489
7511
7483
7504
7484
7486
7659
7693
7722
7727
7488
7566
7492
7493
7494
7610
7747
7898
7495
7497
7510
7519
7505
7640
7513
7526
7527
7528
7533
7542
7547
7888
7930
7971
8123
7553
7591
7704
7559
7568
7715
7569
7573
7579
7576
7580
7578
7699
7587
7589
7707
7718
7748
7775
7776
7777
7781
7785
7796
7806
7807
7816
7859
7878
7879
8087
7592
7631
7593
7599
7603
7624
7627
7647
7697
7757
7605
7606
7739
7607
7649
7714
7615
7618
7654
7677
7681
7905
8190
7619
7620
7634
7658
7622
7623
7626
7642
7648
7629
7633
7635
7638
7762
7774
7637
7639
7650
7651
8232
7652
7657
7662
7717
7667
7712
7713
7740
7668
7994
7673
7674
7684
7711
7678
7683
7690
7705
8084
8108
7696
7734
7745
8001
8015
8016
7698
7851
7700
7709
7710
7702
7979
8349
7703
7716
7720
7733
7771
7784
7902
7916
7723
7725
7729
7736
7737
7742
7826
7744
7761
7746
8078
7750
7751
7752
7846
7753
7754
8028
8045
7759
7882
7766
7769
7787
7788
7789
7801
7808
7810
7837
7877
7909
7919
7928
7932
7939
7965
7975
7976
7980
7984
7986
7989
7996
8010
8011
8012
8019
8023
8038
8063
8085
8099
8105
8130
8139
8140
8141
8145
8154
8161
8166
8172
8209
8214
8217
8218
8224
8263
8265
8285
8286
8345
8348
8353
8358
8369
8375
8377
8383
8384
8395
8399
7767
7998
8000
7768
7770
7797
7800
7820
7772
7773
7779
7786
7947
8026
8049
8083
8090
7780
7809
8167
7782
7857
7876
8385
8386
8387
8392
8394
7783
7790
8174
7791
7795
7832
7833
7861
7868
8339
7792
7794
7842
7849
7798
7957
7983
8002
8018
8029
7799
7802
7803
7804
7860
7862
7863
7873
7805
7891
7811
7812
7835
7813
7815
7814
7817
7818
7839
7865
7867
7872
8059
8088
8131
7819
7821
8135
7822
7823
7836
7824
7825
7830
7875
7962
7827
7831
7838
8146
8147
7828
7829
7840
7854
7917
7843
7847
7881
8050
8081
7844
7848
7874
7852
7853
7855
7856
7869
7894
7870
7884
7889
7938
7896
7903
7904
7897
7907
7899
7900
7901
8068
8092
7906
7908
7956
7910
7953
7995
8003
8060
8064
8093
8193
7911
7912
7915
7918
7935
7920
7922
7923
7924
7997
7925
8020
8158
8234
7926
7927
7929
7937
7931
7933
7934
7936
7969
8122
7940
7941
7942
8062
8069
7943
7944
7950
8054
8112
8118
7945
7959
7946
8027
8117
7948
7949
7951
7952
7954
7955
7958
7961
7964
8032
8035
8036
7960
7963
8004
8086
7966
7967
8021
8025
7968
7972
7981
8005
8058
8065
8066
7970
8031
7977
7992
7978
7982
7985
7987
7988
8287
7990
7993
8006
8009
8030
8096
8101
8102
8115
8128
8142
8188
8216
8289
8310
7999
8007
8033
8226
8008
8014
8051
8256
8267
8017
8022
8024
8037
8057
8039
8040
8042
8048
8111
8113
8169
8192
8215
8041
8125
8127
8043
8044
8046
8047
8052
8053
8095
8055
8056
8061
8074
8067
8070
8236
8071
8089
8097
8072
8109
8156
8073
8107
8110
8077
8080
8082
8091
8106
8094
8098
8100
8103
8132
8137
8191
8104
8114
8196
8116
8119
8120
8124
8233
8283
8126
8208
8129
8133
8136
8143
8173
8144
8149
8150
8221
8148
8152
8155
8157
8160
8205
8159
8162
8163
8195
8164
8165
8168
8176
8258
8170
8223
8175
8177
8178
8179
8180
8181
8182
8183
8184
8185
8186
8187
8211
8189
8194
8207
8197
8198
8199
8249
8251
8200
8201
8235
8203
8204
8397
8206
8212
8213
8219
8222
8225
8227
8228
8229
8231
8237
8230
8238
8239
8253
8271
8273
8275
8276
8278
8282
8288
8293
8300
8303
8313
8319
8320
8322
8240
8242
8244
8243
8245
8246
8247
8252
8270
8250
8254
8255
8260
8261
8262
8277
8264
8266
8269
8333
8268
8280
8284
8304
8309
8314
8315
8316
8321
8330
8331
8336
8347
8351
8364
8366
8368
8290
8311
8312
8390
8391
8404
8291
8298
8302
8306
8307
8334
8335
8340
8341
8344
8350
8354
8356
8360
8363
8372
8292
8299
8301
8338
8342
8297
8305
8308
8317
8324
8328
8362
8318
8326
8323
8329
8325
8327
8337
8343
8346
8357
8352
8355
8378
8381
8365
8367
8370
8371
8374
8373
8376
8388
8389
8400
8401
8405
8406
8380
8382
8393
8396
8403
8407
8408
