2
4
5
6
7
8
10
11
12
13
14
15
16
18
19
20
24
31
33
37
38
39
40
41
43
44
45
47
48
50
51
53
59
60
61
62
63
65
66
68
69
71
72
75
77
78
79
80
81
86
90
92
93
94
97
100
101
104
105
106
109
111
112
113
114
117
120
121
123
124
125
126
128
130
131
132
134
135
138
140
141
142
144
145
147
148
150
152
154
157
159
161
163
167
169
170
171
172
173
177
182
184
185
190
193
195
196
198
199
200
204
210
215
219
221
224
225
227
228
230
231
234
235
241
244
246
247
248
250
251
262
263
266
267
268
270
271
278
280
284
287
289
290
291
295
298
301
303
305
306
307
316
317
318
319
320
322
323
324
325
328
330
331
333
335
337
338
339
340
342
343
345
355
357
361
363
371
372
374
375
378
381
384
389
391
397
398
403
407
409
411
414
418
423
424
426
430
431
433
434
437
438
439
443
444
445
447
454
458
461
463
466
467
468
469
472
473
475
476
477
481
489
492
501
503
505
513
515
520
522
524
527
529
532
537
541
543
544
546
547
550
551
559
571
573
574
579
580
584
586
587
590
596
603
604
606
608
610
613
617
618
631
633
636
638
641
643
644
647
652
653
657
661
667
673
674
675
677
678
679
686
688
689
694
700
703
708
711
719
724
726
731
736
737
739
740
741
742
744
746
750
751
752
753
757
759
761
763
768
769
773
776
777
778
782
784
786
787
788
789
791
795
798
810
812
813
818
821
828
830
831
833
839
840
841
846
850
852
858
859
860
862
865
867
868
869
870
872
875
876
882
886
887
889
897
898
900
906
907
908
910
912
915
917
920
921
923
925
926
928
930
931
932
936
938
939
940
942
944
945
946
947
949
951
952
954
955
956
964
965
966
968
974
977
978
979
981
982
986
987
989
990
991
993
995
996
1000
1001
1003
1009
1010
1011
1016
1018
1019
1020
1021
1022
1023
1028
1031
1032
1046
1047
1048
1051
1058
1063
1064
1065
1067
1068
1070
1071
1078
1079
1081
1085
1086
1087
1089
1093
1094
1098
1102
1104
1107
1108
1109
1110
1112
1113
1116
1117
1119
1120
1121
1124
1127
1132
1134
1135
1138
1140
1144
1147
1150
1151
1155
1156
1166
1172
1177
1179
1181
1183
1184
1187
1190
1192
1197
1200
1205
1220
1221
1222
1225
1226
1227
1233
1234
1237
1240
1241
1243
1249
1250
1251
1256
1260
1261
1264
1266
1267
1268
1278
1281
1288
1290
1294
1296
1297
1301
1305
1306
1308
1310
1311
1314
1317
1318
1319
1322
1324
1327
1332
1335
1336
1338
1340
1341
1342
1343
1345
1360
1361
1362
1365
1367
1368
1371
1374
1376
1381
1386
1388
1391
1394
1396
1398
1400
1403
1404
1406
1408
1414
1415
1416
1425
1428
1430
1431
1432
1433
1436
1438
1439
1441
1445
1448
1450
1461
1462
1470
1471
1473
1474
1475
1476
1477
1478
1479
1482
1483
1484
1487
1488
1490
1493
1494
1498
1503
1504
1505
1506
1507
1510
1512
1513
1516
1517
1518
1520
1525
1530
1532
1537
1543
1544
1549
1550
1551
1553
1557
1558
1562
1569
1575
1579
1590
1591
1592
1593
1599
1601
1604
1605
1606
1609
1616
1622
1631
1647
1654
1655
1656
1663
1664
1665
1667
1669
1672
1673
1676
1680
1683
1688
1689
1700
1701
1704
1708
1716
1717
1720
1723
1724
1731
1733
1735
1736
1738
1740
1741
1743
1746
1749
1751
1753
1754
1757
1761
1767
1771
1772
1774
1775
1777
1779
1780
1782
1783
1786
1793
1794
1795
1797
1799
1801
1803
1806
1807
1808
1819
1825
1831
1833
1836
1837
1839
1843
1844
1846
1847
1852
1867
1869
1872
1873
1874
1875
1880
1882
1888
1892
1893
1895
1896
1898
1900
1902
1904
1906
1912
1913
1915
1917
1921
1923
1924
1925
1935
1937
1939
1940
1943
1944
1949
1958
1959
1968
1975
1976
1979
1984
1998
1999
2009
2017
2019
2021
2022
2025
2029
2031
2032
2034
2035
2039
2043
2044
2049
2050
2054
2055
2057
2058
2062
2063
2064
2065
2067
2069
2073
2076
2082
2093
2097
2106
2107
2108
2110
2117
2123
2127
2131
2136
2137
2138
2139
2141
2145
2148
2151
2157
2163
2170
2171
2174
2176
2180
2183
2185
2186
2187
2188
2189
2192
2193
2195
2197
2198
2199
2200
2203
2204
2206
2208
2212
2217
2218
2221
2224
2225
2226
2227
2232
2234
2236
2240
2243
2244
2245
2247
2248
2251
2253
2255
2257
2259
2268
2271
2273
2274
2275
2277
2278
2279
2282
2284
2285
2286
2287
2289
2290
2291
2292
2293
2294
2297
2299
2303
2306
2307
2309
2310
2311
2312
2313
2314
2320
2326
2327
2332
2334
2335
2341
2342
2343
2344
2346
2348
2349
2350
2351
2353
2354
2356
2357
2358
2359
2360
2364
2366
2369
2370
2379
2380
2382
2384
2386
2387
2391
2397
2398
2403
2407
2408
2409
2419
2423
2424
2426
2429
2433
2434
2436
2437
2442
2443
2454
2455
2456
2458
2459
2462
2463
2465
2466
2469
2471
2481
2482
2483
2485
2504
2507
2512
2513
2516
2536
2540
2544
2549
2550
2556
2559
2560
2564
2567
2568
2570
2572
2580
2583
2585
2586
2588
2589
2590
2593
2597
2598
2600
2602
2608
2609
2612
2613
2614
2616
2617
2624
2628
2630
2631
2636
2637
2640
2641
2649
2652
2655
2657
2661
2662
2663
2669
2674
2677
2678
2679
2680
2686
2687
2688
2689
2691
2694
2697
2702
2703
2713
2715
2716
2724
2726
2731
2735
2736
2751
2755
2757
2758
2762
2764
2765
2774
2779
2782
2786
2787
2790
2793
2794
2798
2799
2808
2809
2813
2814
2817
2823
2824
2826
2828
2829
2830
2832
2834
2838
2840
2841
2846
2848
2854
2856
2860
2861
2862
2868
2869
2871
2872
2873
2874
2876
2877
2879
2880
2881
2882
2884
2885
2888
2896
2898
2902
2908
2911
2918
2921
2924
2925
2926
2928
2935
2940
2942
2943
2945
2948
2949
2951
2956
2957
2959
2961
2962
2964
2967
2973
2976
2981
2987
2988
2992
2994
2998
2999
3000
3001
3012
3020
3021
3022
3024
3027
3030
3038
3046
3050
3056
3067
3070
3072
3073
3075
3077
3081
3083
3088
3089
3090
3091
3098
3100
3101
3102
3104
3107
3109
3110
3115
3117
3119
3123
3124
3125
3126
3131
3133
3134
3135
3136
3138
3140
3142
3143
3145
3148
3150
3151
3152
3153
3154
3155
3161
3162
3163
3164
3167
3168
3171
3175
3176
3177
3182
3184
3190
3191
3194
3196
3199
3200
3207
3208
3210
3211
3212
3213
3215
3216
3217
3220
3223
3231
3235
3238
3240
3242
3243
3245
3247
3251
3254
3256
3261
3262
3265
3267
3268
3270
3271
3272
3273
3274
3275
3276
3277
3279
3281
3284
3285
3289
3290
3292
3293
3294
3295
3297
3298
3300
3302
3304
3305
3309
3310
3312
3314
3315
3316
3318
3319
3320
3322
3327
3329
3330
3332
3335
3336
3337
3338
3339
3345
3350
3351
3353
3354
3355
3358
3359
3361
3362
3363
3364
3365
3366
3369
3373
3375
3376
3377
3378
3380
3383
3385
3389
3390
3391
3392
3393
3394
3397
3399
3401
3402
3403
3405
3406
3408
3409
3410
3411
3412
3413
3414
3416
3418
3422
3431
3432
3436
3438
3439
3442
3443
3445
3448
3449
3451
3453
3454
3455
3456
3457
3458
3460
3461
3464
3466
3469
3470
3476
3479
3482
3483
3484
3490
3493
3494
3495
3497
3501
3502
3505
3506
3509
3511
3513
3514
3516
3518
3519
3522
3523
3524
3527
3531
3533
3534
3536
3537
3540
3541
3543
3544
3547
3549
3550
3551
3552
3554
3556
3557
3558
3561
3565
3574
3575
3577
3578
3580
3581
3582
3583
3585
3588
3589
3590
3591
3592
3593
3595
3597
3598
3600
3602
3606
3609
3617
3622
3628
3629
3638
3640
3645
3647
3652
3654
3656
3657
3658
3665
3669
3671
3673
3674
3676
3681
3682
3683
3684
3688
3690
3694
3695
3696
3700
3702
3707
3708
3713
3717
3722
3725
3728
3743
3746
3756
3760
3764
