129
155
343
488
508
586
630
710
731
754
799
829
994
998
1011
1044
1045
1185
1212
1213
1214
1219
1227
1229
1295
1382
1628
1749
1798
1864
1865
2054
2081
2115
2421
2500
2552
2653
2827
2837
3006
3040
3060
3235
3287
3406
3411
3435
3436
3437
3507
3616
3822
3837
4115
4120
4152
4155
4184
4231
4266
4271
4311
4318
4346
4379
4380
4403
4426
4434
4517
4518
4562
4575
4576
4594
4613
4881
4962
4969
4971
4981
5027
5052
5089
5112
5134
5143
5152
5158
5168
5192
5238
5239
5244
5250
5272
5276
5332
5337
5382
5383
5392
5515
5519
5544
5602
5607
5642
5676
5696
5699
5704
5711
5712
5717
5730
5732
5765
5780
5785
5816
5820
5828
5835
5837
5860
5864
5978
5985
5987
5999
6130
6135
6143
6180
6205
6210
6221
6226
6240
6253
6257
6269
6273
6279
6290
6307
6349
6355
6394
6398
6405
6478
6494
6529
6571
6573
6599
6607
6608
6610
6616
6642
6687
6734
6742
6753
6755
6760
6763
6767
6776
6780
6790
6806
6812
6813
6816
6830
6831
6853
6854
6945
6947
6948
6949
6950
6951
6953
6954
6955
6964
6965
6972
6988
7024
7037
7066
7069
7073
7126
7127
7130
7135
7140
7144
7146
7147
7148
7165
7175
