2097905	1
2038034	1
2609271	1
2436337	1
2695387	1
426002	1
582620	1
2667867	1
2673877	1
2230529	1
2212897	1
2128014	1
2221461	1
2416446	1
2830907	1
2699501	1
2916870	1
2434232	1
2465080	1
2407829	1
2279060	1
2618649	1
3637	1
976256	1
935800	1
1925104	1
1019248	1
2608544	1
2769509	1
2646076	1
2963149	1
2438720	1
1720443	1
2359178	1
867897	1
598399	1
2091664	1
2282158	1
1610815	1
2674631	1
1266025	1
2885431	1
842889	1
1099802	1
1161647	1
2689866	1
1301788	1
1632618	1
1161484	1
2077940	1
2408421	1
744722	1
342148	1
2767662	1
1994961	1
2181793	1
2415083	1
2677002	1
2384010	1
2845238	1
2159784	1
2619403	1
2910064	1
2751949	1
732376	1
2732025	1
2101426	1
2660945	1
2660304	1
2577035	1
1777411	1
321449	1
1989382	1
1934255	1
2625718	1
2820249	1
2825677	1
2686178	1
2760246	1
2476112	1
2733494	1
2644822	1
2116039	1
1768793	1
1303223	1
1720540	1
1414917	1
1764651	1
2896522	1
2103010	1
1893892	1
2794745	1
1265656	1
2579010	1
1305457	1
1875753	1
2721298	1
2588545	1
2340666	1
2691130	1
2963298	1
1772594	1
369922	1
1064187	1
2549534	1
867973	1
1514456	1
2131767	1
1005044	1
2737490	1
2868529	1
2597953	1
2725387	1
1260632	1
564060	1
290460	1
170601	1
1540157	1
2813707	1
2370971	1
2589286	1
254150	1
1864480	1
2760986	1
2634520	1
2466621	1
2790548	1
2455360	1
2417393	1
2515470	1
1552185	1
2760977	1
2709815	1
1170305	1
2774539	1
753944	1
692360	1
2262440	1
2682688	1
1768670	1
1854718	1
1317364	1
1125520	1
2172130	1
2372220	1
2041141	1
1860871	1
2515975	1
2550139	1
2622026	1
1184929	1
2594812	1
2671859	1
2882577	1
1539942	1
1929922	1
2335425	1
2592929	1
2604488	1
2497970	1
1320147	1
415839	1
1058536	1
2762517	1
999423	1
2706949	1
2776957	1
849895	1
2537135	1
2608517	1
1223149	1
156246	1
2878964	1
2403677	1
869837	1
2716387	1
1124849	1
2124058	1
2352681	1
1031160	1
1841892	1
2341919	1
2158946	1
2489832	1
1023118	1
1402248	1
2736738	1
1048174	1
394246	1
2582051	1
2553741	1
1926095	1
2760643	1
2242614	1
1835888	1
2905255	1
2864593	1
1816267	1
2902450	1
2633827	1
1798879	1
2085731	1
1849620	1
2602680	1
1495240	1
1528493	1
2507623	1
2484149	1
2511084	1
2621823	1
2307309	1
1594770	1
2611389	1
2508392	1
2506229	1
1822693	1
1397700	1
1551486	1
2688294	1
2241272	1
1532610	1
2297605	1
2557291	1
2680476	1
1222518	1
2228483	1
2234246	1
2638746	1
2571976	1
2326778	1
1842097	1
131751	1
2019528	1
2434124	1
1199490	1
1554175	1
2255464	1
896129	1
2718109	1
1771356	1
1417447	1
2720358	1
1418876	1
1448248	1
1918934	1
2252934	1
2857770	1
2797457	1
2755853	1
1210120	1
1541572	1
1263500	1
1571304	1
2616565	1
1845102	1
2521314	1
2623621	1
2792506	1
870718	1
273969	1
2020836	1
1478449	1
2643498	1
618675	1
749361	1
2112839	1
2665216	1
444404	1
971973	1
1727455	1
2424385	1
1771489	1
886712	1
2274105	1
2197204	1
2585398	1
2688290	1
1099493	1
63979	1
435202	1
2090331	1
1454226	1
1408330	1
2672528	1
2493144	1
2672960	1
1743419	1
2123382	1
2623795	1
1522650	1
2426909	1
1697627	1
2266595	1
2724018	1
2008428	1
2739860	1
914875	1
2122718	1
1235116	1
2542778	1
2279345	1
2783046	1
2664473	1
1599393	1
1960478	1
1385562	1
2690320	1
1781247	1
1264239	1
1315159	1
1661125	1
1046549	1
1096291	1
1926673	1
2658482	1
2508528	1
2375667	1
580709	1
2146565	1
2744666	1
2906829	1
1812654	1
2701292	1
1998450	1
2660760	1
2890242	1
2052991	1
1630417	1
802203	1
2339559	1
1611615	1
2706489	1
2145602	1
1331296	1
2716614	1
1765094	1
2679774	1
2059989	1
1217237	1
681189	1
2528073	1
1899581	1
2786892	1
2333408	1
2777695	1
2654229	1
2798628	1
1289331	1
1159212	1
2003689	1
1229192	1
2808067	1
2020108	1
1820222	1
1459441	1
1001047	1
2601056	1
1459238	1
2894852	1
2716243	1
1547625	1
1332986	1
485613	1
2697764	1
1389871	1
2623642	1
2293677	1
976314	1
2446614	1
324492	1
524759	1
2984170	1
2814764	1
606550	1
2554760	1
1467940	1
2091978	1
1712492	1
396283	1
2690833	1
1488775	1
2803092	1
1798119	1
2888511	1
1191757	1
2364241	1
2464172	1
2526727	1
2646549	1
2130629	1
2091554	1
1706189	1
2637039	1
2819305	1
2065524	1
2787373	1
2698322	1
1750865	1
1220924	1
2646689	1
2774081	1
2012808	1
2276774	1
2359136	1
712752	1
807682	1
1050887	1
1877071	1
2327103	1
2655729	1
1276660	1
2670308	1
1881503	1
1905997	1
960594	1
2443081	1
1224059	1
2911541	1
1191938	1
2745085	1
2715462	1
328449	1
1253783	1
2619051	1
1823483	1
2747645	1
2194854	1
1315965	1
2397453	1
2876825	1
2360068	1
416524	1
703142	1
2829471	1
873446	1
2717392	1
2740754	1
2225517	1
2784990	2
2043642	2
2001309	2
994441	2
2484802	2
1773356	2
2684494	2
2782732	2
2723983	2
2720617	2
2492100	2
2696243	2
2046662	2
2086615	2
2546255	2
2704591	2
1296190	2
2727231	2
2759474	2
1720857	2
2880813	2
2418527	2
2817660	2
2746404	2
907857	2
2260978	2
2262209	2
2634615	2
2821747	2
2772248	2
2214206	2
2194500	2
1862364	2
2721607	2
1927130	2
1441512	2
1431816	2
2901501	2
1915328	2
1720523	2
847555	2
3021842	2
387350	2
2613042	2
261095	2
1998910	2
2660574	2
2817715	2
2052838	2
1634343	2
2753704	2
1034240	2
2731945	2
1801199	2
2312341	2
1954521	2
2393234	2
509754	2
2573558	2
2365111	2
1495833	2
1145094	2
2729524	2
1590674	2
2996639	2
1321741	2
2382623	2
188212	2
2799231	2
2704812	2
1477389	2
1123398	2
2271035	2
1655116	2
2745243	2
1501319	2
2282646	2
601327	2
2687245	2
1154727	2
1059783	2
1350183	2
2860708	2
2699404	2
2333367	2
2373940	2
2913155	2
1401053	2
2398465	2
2114266	2
634701	2
1438393	2
2663921	2
39680	2
2722189	2
1306646	2
2437597	2
2397672	2
593391	2
31063	2
2738452	2
2792140	2
1207571	2
2769396	2
2736107	2
2425338	2
20990	2
1392703	2
1507061	2
1694522	2
2748275	2
1832700	2
1819562	2
2786957	2
2559263	2
2864857	2
1527175	2
1372679	2
887767	2
2658447	2
1364911	2
2660175	2
2761887	2
2602745	2
584287	2
315454	2
1794586	2
1161416	2
2093064	2
1440082	2
2285019	2
2113520	2
2558278	2
2676601	2
2569677	2
582766	2
11285	2
369714	2
2086890	2
2562150	2
2328171	2
1864887	2
2294917	2
2873004	2
1187252	2
1793975	2
44033	2
2646849	2
1501560	2
2235655	2
908726	2
1246198	2
2741961	2
2689482	2
1997965	2
1237965	2
2818502	2
549741	2
2592433	2
1257381	2
2254628	2
2516822	2
2634798	2
832870	2
1207866	2
2708388	2
2698097	2
1676823	2
1767319	2
1857555	2
2737336	2
2761717	2
1528781	2
603325	2
2643409	2
1004418	2
1742768	2
1078113	2
2468718	2
936060	2
2522949	2
2712116	2
2517160	2
1121586	2
474797	2
354465	2
1068039	2
2571376	2
2084851	2
1276639	2
1698175	2
2672734	2
2006319	2
1939360	2
2125942	2
2921147	2
2361005	2
738393	2
1730315	2
2760442	2
2815302	2
1928429	2
1426098	2
1882757	2
2583299	2
587397	2
1988404	2
1798329	2
1226847	2
2859576	2
735819	2
2782003	2
2617879	2
2464837	2
2505307	2
859738	2
840094	2
2488027	2
1334450	2
2108206	2
1264495	2
1915410	2
1935068	2
2439706	2
2889100	2
1935018	2
2476414	2
2527919	2
2742404	2
727542	2
2377383	2
2017042	2
1168356	2
1080054	3
1423814	3
2625542	3
1013847	3
2519467	3
2743699	3
2254231	3
2707015	3
2599930	3
2407900	3
438499	3
2129394	3
2924315	3
2101686	3
2676335	3
2188163	3
2395650	3
2476110	3
2752189	3
1387646	3
1633575	3
2140848	3
1375149	3
2556277	3
2606379	3
2863600	3
2737082	3
778525	3
216708	3
2557744	3
2092039	3
2680982	3
437141	3
1447706	3
1953518	3
2789520	3
450088	3
2367095	3
2222075	3
1852044	3
2637124	3
2862022	3
2023736	3
2249292	3
465134	3
2069377	3
1725732	3
1452888	3
1799740	3
674615	3
2039119	3
1145469	3
2504258	3
2598355	3
2760646	3
2613296	3
1886989	3
977005	3
2518932	3
549246	3
1731924	3
2659981	3
2512391	3
1956509	3
798101	3
2877162	3
1911015	3
1079920	3
2642702	3
2551723	3
940741	3
2156954	3
2656175	3
2062129	3
2668550	3
1409633	3
2535892	3
1734300	3
2167797	3
1367455	3
975592	3
2384442	3
1554397	3
2675890	3
1470420	3
2106177	3
1688000	3
255938	3
2606368	3
2848216	3
1914840	3
2719417	3
1067607	3
2752216	3
2590470	3
1510645	3
2702902	3
2614785	3
1252913	3
2631234	3
2616087	3
1719793	3
2461489	3
2549164	3
517871	3
1403699	3
1443900	3
101775	3
2873455	3
2722088	3
2362953	3
2755581	3
2706882	3
855177	3
1649989	3
1386809	3
2806792	3
2154380	3
1692351	3
2342033	3
2552492	3
2362984	3
2774963	3
1794500	3
2643590	3
180208	3
2651048	3
1014037	3
634815	3
2229579	3
2598262	3
468410	3
2364186	3
2590181	3
2819034	3
2341910	3
2645296	3
858097	3
2259966	3
2757857	3
1741292	3
2645967	3
630016	3
494483	3
2660056	3
2130051	3
2420919	3
1224375	3
2710882	3
1067217	3
892298	3
2255250	3
2850839	3
2734677	3
1435225	3
3191309	3
2851930	3
2184728	3
2393146	3
2659866	3
1798279	3
388828	3
1565719	3
1889765	3
1937128	3
1772616	3
1454621	3
2492252	3
322821	3
1867530	3
2326734	3
2460783	3
996087	3
2829022	3
2452137	3
2898199	3
2799089	3
1152572	3
329555	3
1263657	3
1234254	3
1651422	3
2228711	3
