1742405	0.0
230875	0.0
2335875	0.0
2042621	0.0
749405	0.0
3017499	0.0
292593	0.0
623413	0.0
2176257	0.0
2124331	0.0
399672	0.0
2520186	0.0
482397	0.0
805883	0.0
632393	0.0
8872	0.0
1315530	0.0
214775	0.0
3246525	0.0
2072220	0.0
2400113	0.0
1863094	0.0
3036202	0.0
2186158	0.0
2750559	0.0
2096054	0.0
3147634	0.0
2955048	0.0
1194785	0.0
713063	0.0
1853471	0.0
2375401	0.0
612039	0.0
600908	0.0
2702570	0.0
2834497	0.0
3073862	0.0
1099339	0.0
25564	0.0
3033270	0.0
24083	0.0
2916909	0.0
2075917	0.0
1190935	0.0
1646228	0.0
3132553	0.0
2022754	0.0
2570816	0.0
726323	0.0
3164874	0.0
2000184	0.0
1772755	0.0
724038	0.0
174942	0.0
3089550	0.0
115697	0.0
2217056	0.0
3113924	0.0
3142991	0.0
2697861	0.0
249119	0.0
1905987	0.0
1447040	0.0
3281405	0.0
1478625	0.0
2879835	0.0
3298383	0.0
3135776	0.0
3051080	0.0
964434	0.0
2836101	0.0
2358637	0.0
1661596	0.0
2994693	0.0
1271173	0.0
2724294	0.0
2881488	0.0
2986112	0.0
1586454	0.0
2494531	0.0
2644430	0.0
1280240	0.0
2062729	0.0
3039681	0.0
3008742	0.0
3038747	0.0
1912055	0.0
1287305	0.0
1162807	0.0
3038010	0.0
597532	0.0
1371209	0.0
364021	0.0
1456383	0.0
3023883	0.0
2720310	0.0
2274298	0.0
2904432	0.0
3051436	0.0
2999564	0.0
2791534	0.0
3084240	0.0
3021618	0.0
1703802	0.0
3056093	0.0
987335	0.0
3186284	0.0
1440503	0.0
1719817	0.0
635875	0.0
1179845	0.0
2483572	0.0
3081894	0.0
2337311	0.0
1467013	0.0
2290497	0.0
1801984	0.0
3064169	0.0
2898370	0.0
207586	0.0
1582354	0.0
2248883	0.0
1525552	0.0
1865242	0.0
1306548	0.0
3075095	0.0
1977816	0.0
2949743	0.0
622813	0.0
2051149	0.0
2878241	0.0
2941639	0.0
887701	0.0
536525	0.0
2956095	0.0
3063228	0.0
2822774	0.0
1696907	0.0
2922428	0.0
3884	0.0
147121	0.0
2073888	0.0
2178707	0.0
2321301	0.0
1828877	0.0
1914214	0.0
3067781	0.0
1804534	0.0
1006357	0.0
2160668	0.0
2448765	0.0
3039334	0.0
3073345	0.0
1217335	0.0
2993369	0.0
3066302	0.0
2909928	0.0
3052350	0.0
1257537	0.0
2833533	0.0
2922430	0.0
1022112	0.0
1318299	0.0
646893	0.0
1784913	0.0
2771934	0.0
2076272	0.0
3111853	0.0
2860842	0.0
1985411	0.0
1638919	0.0
3162826	0.0
759233	0.0
3047413	0.0
659386	0.0
1872431	0.0
2096478	0.0
508850	0.0
1681521	0.0
5901	0.0
57336	0.0
3168137	0.0
175330	0.0
3008356	0.0
2258802	0.0
306440	0.0
1790458	0.0
719385	0.0
1860699	0.0
2890734	0.0
2983796	0.0
2169424	0.0
1874345	0.0
2554040	0.0
3141683	0.0
3111200	0.0
1443668	0.0
3035610	0.0
3127976	0.0
646248	0.0
3064574	0.0
2146829	0.0
1349976	0.0
2434254	0.0
3169398	0.0
3141479	0.0
2361990	0.0
415463	0.0
2478578	0.0
2284286	0.0
2941731	0.0
2962371	0.0
2204338	0.0
1789196	0.0
235430	0.0
2950092	0.0
3051074	0.0
3024592	0.0
2605423	0.0
55845	0.0
2019189	0.0
1788733	0.0
3150464	0.0
1765046	0.0
2582487	0.0
658247	0.0
805269	0.0
2047945	0.0
3001456	0.0
3126476	0.0
3075389	0.0
30832	0.0
1909271	0.0
1244341	0.0
10234	0.0
2499865	0.0
2217768	0.0
1177493	0.0
3036344	0.0
2387599	0.0
1074876	0.0
2191912	0.0
611532	0.0
2868741	0.0
2975594	0.0
2763455	0.0
1858230	0.0
401463	0.0
2866869	0.0
1888392	0.0
2061222	0.0
2623281	0.0
118847	0.0
2512862	0.0
1588308	0.0
421226	0.0
2937746	0.0
1847539	0.0
2706589	0.0
413098	0.0
2584593	0.0
2978149	0.0
1292461	0.0
11812	0.0
2576796	0.0
725264	0.0
319496	0.0
2964428	0.0
2845447	0.0
262102	0.0
1919191	0.0
3220795	0.0
2573442	0.0
2146987	0.0
2049912	0.0
2461165	0.0
1914935	0.0
20445	0.0
2072124	0.0
2414702	0.0
319369	0.0
653228	0.0
739636	0.0
276273	0.0
2185745	0.0
2928795	0.0
2699862	0.0
2294757	0.0
2569922	0.0
2382425	0.0
358862	0.0
2936097	0.0
268724	0.0
1376103	0.0
3146844	0.0
2836119	0.0
989979	0.0
2313822	0.0
2388353	0.0
1993339	0.0
2951206	0.0
2068914	0.0
2482520	0.0
1731547	0.0
2032307	0.0
267358	0.0
2249606	0.0
3059862	0.0
2111591	0.0
3213074	0.0
426070	0.0
101517	0.0
2747334	0.0
819245	0.0
3051181	0.0
2970341	0.0
2985641	0.0
1938103	0.0
2894729	0.0
3122518	0.0
2630835	0.0
2963947	0.0
2971922	0.0
3045908	0.0
2835988	0.0
9213	0.0
1602013	0.0
2172851	0.0
2200212	0.0
2748545	0.0
1745462	0.0
565985	0.0
294818	0.0
2195929	0.0
2868289	0.0
3043041	0.0
15683	0.0
1828914	0.0
2880118	0.0
2057787	0.0
2712860	0.0
2120451	0.0
2886168	0.0
3100155	0.0
1161944	0.0
3010389	0.0
1973048	0.0
3010900	0.0
450585	0.0
453511	0.0
3050759	0.0
1031498	0.0
951205	0.0
1855497	0.0
2931441	0.0
1848699	0.0
3052795	0.0
3098809	0.0
2299646	0.0
2712324	0.0
1873258	0.0
1803082	0.0
1533008	0.0
3078757	0.0
2071452	0.0
2230516	0.0
2946728	0.0
2439113	0.0
815138	0.0
1756140	0.0
2108932	0.0
2704355	0.0
2849017	0.0
1002690	0.0
947957	0.0
1793165	0.0
1835813	0.0
291284	0.0
559281	0.0
2949397	0.0
2939671	0.0
1638205	0.0
2981562	0.0
3011710	0.0
2105030	0.0
1107679	0.0
3056133	0.0
162210	0.0
2218663	0.0
2748743	0.0
3046199	0.0
2983314	0.0
945590	0.0
850581	0.0
3048377	0.0
1991838	0.0
2472526	0.0
2136889	0.0
1099579	0.0
2494539	0.0
3053092	0.0
2364005	0.0
3030762	0.0
1822168	0.0
2868618	0.0
1178225	0.0
1044968	0.0
1025733	0.0
2285464	0.0
3008102	0.0
2025919	0.0
718518	0.0
2956440	0.0
2089213	0.0
1879190	0.0
1651438	0.0
378914	0.0
2314621	0.0
3077395	0.0
2798580	0.0
3027101	0.0
506783	0.0
802943	0.0
3233245	0.0
2689586	0.0
3395	0.0
2708538	0.0
3158414	0.0
1947995	0.0
2988480	0.0
2184421	0.0
1431462	0.0
2442049	0.0
1778232	0.0
18329	0.0
2220842	0.0
2342038	0.0
1385645	0.0
2752733	0.0
1702282	0.0
1102224	0.0
2302353	0.0
358288	0.0
719609	0.0
2707015	0.0
2138043	0.0
2095793	0.0
761038	0.0
300974	0.0
1707185	0.0
1831949	0.0
1773551	0.0
3075834	0.0
2642921	0.0
2046023	0.0
2232277	0.0
2682012	0.0
2108167	0.0
2673643	0.0
848313	0.0
2950834	0.0
2738756	0.0
2482462	0.0
3064202	0.0
1386663	0.0
1697720	0.0
3076510	0.0
2744943	0.0
2847506	0.0
2462532	0.0
3045565	0.0
3078012	0.0
3039571	0.0
1761757	0.0
2436324	0.0
2705297	0.0
1567003	0.0
2255944	0.0
3115657	0.0
2878664	0.0
2638008	0.0
2163711	0.0
1692500	0.0
3029571	0.0
1970482	0.0
2057142	0.0
2410607	0.0
1569422	0.0
372654	0.0
3095480	0.0
2004510	0.0
1866874	0.0
2541470	0.0
1837982	0.0
914196	0.0
462390	0.0
2658344	0.0
3243305	0.0
1995834	0.0
590857	0.0
107003	0.0
3035955	0.0
2383074	0.0
12890	0.0
2591129	0.0
10911	0.0
2811350	0.0
3014809	0.0
2229640	0.0
1732952	0.0
1424448	0.0
1421002	0.0
2352412	0.0
2870572	0.0
605090	0.0
314766	0.0
2630030	0.0
2776592	0.0
2963335	0.0
955975	0.0
1067745	0.0
3085314	0.0
2928482	0.0
1708621	0.0
982079	0.0
397072	0.0
1318418	0.0
2570694	0.0
2030541	0.0
3112904	0.0
3008698	0.0
2699850	0.0
1295785	0.0
1103187	0.0
544801	0.0
1367233	0.0
781749	0.0
1996559	0.0
2973341	0.0
2953800	0.0
675314	0.0
438732	0.0
394993	0.0
3001949	0.0
1425426	0.0
2748393	0.0
3025804	0.0
1089736	0.0
3176349	0.0
1867642	0.0
2761245	0.0
2750557	0.0
3080277	0.0
43137	0.0
53906	0.0
1321030	0.0
1749391	0.0
1655091	0.0
3158993	0.0
241187	0.0
684642	0.0
1036273	0.0
1901633	0.0
2201545	0.0
1827288	0.0
3089666	0.0
2878204	0.0
3047852	0.0
3036045	0.0
2433330	0.0
2439021	0.0
3182543	0.0
2980059	0.0
1929173	0.0
1792239	0.0
1850332	0.0
1063397	0.0
1794582	0.0
3058845	0.0
488695	0.0
1759633	0.0
1206212	0.0
3033019	0.0
971462	0.0
1353202	0.0
2730585	0.0
3113111	0.0
326463	0.0
1702392	0.0
3239568	0.0
965498	0.0
3086570	0.0
3038571	0.0
1755521	0.0
319770	0.0
328056	0.0
2544621	0.0
2183204	0.0
2105058	0.0
3358229	0.0
1171514	0.0
10924	0.0
2518342	0.0
2691290	0.0
1316816	0.0
3176666	0.0
2469080	0.0
1706901	0.0
3022671	0.0
2472306	0.0
2086687	0.0
2056832	0.0
5264	0.0
1709528	0.0
1382448	0.0
1267224	0.0
3119902	0.0
876616	0.0
1500771	0.0
2996371	0.0
37195	0.0
2423033	0.0
519417	0.0
1179824	0.0
3173828	0.0
1835631	0.0
886358	0.0
1135082	0.0
1997444	0.0
1713563	0.0
2990619	0.0
2022465	0.0
2997353	0.0
708162	0.0
2263677	0.0
2730315	0.0
2831390	0.0
2031045	0.0
3087576	0.0
2992518	0.0
66573	0.0
2968441	0.0
844626	0.0
494863	0.0
386037	0.0
2278476	0.0
1700032	0.0
2435754	0.0
508986	0.0
1752659	0.0
2836703	0.0
3101870	0.0
1361539	0.0
3038626	0.0
2962101	0.0
1604604	0.0
1413816	0.0
3037706	0.0
2367671	0.0
3049656	0.0
1343910	0.0
3017938	0.0
2254242	0.0
2059669	0.0
735644	0.0
1441026	0.0
1860652	0.0
3072073	0.0
3032563	0.0
1092315	0.0
2122909	0.0
2687471	0.0
2994751	0.0
825320	0.0
1928174	0.0
3068056	0.0
1259565	0.0
3083129	0.0
21003	0.0
2295559	0.0
3061439	0.0
2125765	0.0
1347615	0.0
2729991	0.0
1648539	0.0
31969	0.0
2769165	0.0
2083671	0.0
3044686	0.0
1201223	0.0
2896013	0.0
1266162	0.0
2622211	0.0
1813516	0.0
2686898	0.0
2795589	0.0
349814	0.0
1103407	0.0
1712895	0.0
3000156	0.0
2247982	0.0
2896172	0.0
3037414	0.0
2990644	0.0
302140	0.0
1847089	0.0
2919013	0.0
2979462	0.0
3163457	0.0
3132574	0.0
2594923	0.0
388471	0.0
1199207	0.0
2978202	0.0
2517253	0.0
257442	0.0
1698553	0.0
2264067	0.0
826902	0.0
2933083	0.0
1870481	0.0
3072016	0.0
1924850	0.0
489358	0.0
2825528	0.0
2815643	0.0
1107585	0.0
2626948	0.0
1036859	0.0
47772	0.0
2901519	0.0
3008432	0.0
2291169	0.0
693472	0.0
3012136	0.0
2723650	0.0
2018581	0.0
1748578	0.0
16993	0.0
2614322	0.0
1105657	0.0
2446009	0.0
2053512	0.0
3060853	0.0
2543342	0.0
422460	0.0
2951880	0.0
2423758	0.0
250053	0.0
3041354	0.0
984411	0.0
3082140	0.0
313756	0.0
1514694	0.0
1772386	0.0
3146001	0.0
2840897	0.0
254730	0.0
2434794	0.0
2544990	0.0
1233123	0.0
395096	0.0
1650056	0.0
2840167	0.0
3008279	0.0
2168644	0.0
2116281	0.0
1965113	0.0
2265781	0.0
3156741	0.0
3063951	0.0
1674001	0.0
621214	0.0
1179834	0.0
2313011	0.0
2837680	0.0
1479626	0.0
3097684	0.0
2769664	0.0
307608	0.0
3028973	0.0
2699763	0.0
2079845	0.0
3054459	0.0
2151136	0.0
2805786	0.0
3141054	0.0
2629677	0.0
71376	0.0
3181290	0.0
3019543	0.0
2609503	0.0
756714	0.0
558848	0.0
923761	0.0
3376	0.0
2763662	0.0
973044	0.0
2753455	0.0
2993489	0.0
568262	0.0
1165657	0.0
2144331	0.0
783024	0.0
2208981	0.0
44068	0.0
1931345	0.0
2912688	0.0
2913071	0.0
1867271	0.0
1745248	0.0
3042430	0.0
1112296	0.0
3139709	0.0
2574792	0.0
1829358	0.0
254407	0.0
2783737	0.0
1769367	0.0
1021985	0.0
3150094	0.0
1153781	0.0
3002668	0.0
1615859	0.0
2051472	0.0
3168757	0.0
3037384	0.0
1236623	0.0
360303	0.0
2951308	0.0
2977898	0.0
944674	0.0
2861023	0.0
2954221	0.0
69185	0.0
1944166	0.0
1908920	0.0
1180575	0.0
1621685	0.0
73180	0.0
3140993	0.0
263266	0.0
2473108	0.0
669248	0.0
1302024	0.0
2405163	0.0
2413406	0.0
2939808	0.0
2937094	0.0
624806	0.0
3039974	0.0
1284457	0.0
2751598	0.0
3001726	0.0
1026972	0.0
2158996	0.0
3080862	0.0
1414006	0.0
2984119	0.0
1171100	0.0
650915	0.0
2620373	0.0
698631	0.0
2954624	0.0
3017081	0.0
914576	0.0
3002779	0.0
2323175	0.0
3042620	0.0
630139	0.0
580889	0.0
1679591	0.0
27682	0.0
558671	0.0
748173	0.0
2669535	0.0
2271080	0.0
1454670	0.0
1718383	0.0
286107	0.0
2451453	0.0
3005478	0.0
3071838	0.0
2288404	0.0
3312443	0.0
1197400	0.0
2398466	0.0
3086549	0.0
1764600	0.0
1076908	0.0
3121935	0.0
1887209	0.0
2761381	0.0
638802	0.0
290157	0.0
52293	0.0
2013031	0.0
3132867	0.0
518283	0.0
3011850	0.0
1908045	0.0
1513952	0.0
2571530	0.0
3029879	0.0
2486486	0.0
2480909	0.0
2060071	0.0
2509745	0.0
2611485	0.0
2916285	0.0
1861542	0.0
2081700	0.0
2349455	0.0
3032790	0.0
1751590	0.0
3025004	0.0
163787	0.0
2983212	0.0
2977028	0.0
2985999	0.0
1810737	0.0
1623797	0.0
1391176	0.0
1528511	0.0
2624486	0.0
2962614	0.0
1414771	0.0
1157098	0.0
1754227	0.0
2996863	0.0
1086683	0.0
2052640	0.0
1734254	0.0
3087010	0.0
1811825	0.0
2734168	0.0
3070590	0.0
1820298	0.0
292083	0.0
2007879	0.0
2959720	0.0
1612243	0.0
3071521	0.0
200079	0.0
2853096	0.0
1533502	0.0
1212908	0.0
2052991	0.0
994476	0.0
2322241	0.0
2979991	0.0
1918805	0.0
486539	0.0
3057288	0.0
1935445	0.0
1730180	0.0
2926547	0.0
1138453	0.0
2948246	0.0
2443368	0.0
3085247	0.0
2980151	0.0
1342386	0.0
735211	0.0
1810841	0.0
822191	0.0
3003420	0.0
1015598	0.0
1880799	0.0
2012236	0.0
2397307	0.0
218945	0.0
2159866	0.0
43264	0.0
2366482	0.0
2422710	0.0
2124118	0.0
2843893	0.0
1575659	0.0
3174922	0.0
2643382	0.0
960664	0.0
1290273	0.0
2764450	0.0
2196811	0.0
2909456	0.0
2921457	0.0
2805321	0.0
3126312	0.0
1375539	0.0
1877539	0.0
1393032	0.0
1487476	0.0
3069136	0.0
733114	0.0
1326539	0.0
2682941	0.0
315143	0.0
2606747	0.0
1411309	0.0
1652832	0.0
1147168	0.0
1625522	0.0
851357	0.0
2137674	0.0
3066881	0.0
285013	0.0
2619778	0.0
2043351	0.0
342411	0.0
1251546	0.0
2972918	0.0
465997	0.0
1008604	0.0
324945	0.0
2354904	0.0
821027	0.0
2754872	0.0
2886079	0.0
3084945	0.0
2398220	0.0
3180410	0.0
2792248	0.0
515332	0.0
1344175	0.0
1864020	0.0
2571390	0.0
839747	0.0
2934494	0.0
2648341	0.0
2391184	0.0
1344022	0.0
521993	0.0
3035698	0.0
3010192	0.0
2674084	0.0
2064528	0.0
2953341	0.0
272230	0.0
666270	0.0
1839604	0.0
1818795	0.0
1456039	0.0
1668050	0.0
3012660	0.0
2770480	0.0
1196495	0.0
1870939	0.0
3073975	0.0
1507205	0.0
2884263	0.0
1809607	0.0
2970147	0.0
3031161	0.0
2423347	0.0
3089617	0.0
2418562	0.0
3047486	0.0
2569651	0.0
119086	0.0
418115	0.0
1146189	0.0
821763	0.0
2681916	0.0
3073146	0.0
1432607	0.0
1612262	0.0
1163639	0.0
2962739	0.0
3043099	0.0
2002589	0.0
2896842	0.0
1731037	0.0
1608835	0.0
1304090	0.0
3072185	0.0
3035460	0.0
1527272	0.0
2163062	0.0
94436	0.0
3145299	0.0
761373	0.0
3083020	0.0
2748200	0.0
2690030	0.0
2092325	0.0
525982	0.0
2000552	0.0
2117431	0.0
2120561	0.0
2430198	0.0
2739030	0.0
3190706	0.0
3271199	0.0
2283039	0.0
1114618	0.0
795373	0.0
1852632	0.0
2636173	0.0
2754248	0.0
2991964	0.0
1330349	1.0
2668711	1.0
1795443	1.0
2449137	1.0
389345	1.0
3017314	1.0
835068	1.0
3037722	1.0
994081	1.0
2902588	1.0
2921674	1.0
2624028	1.0
3084439	1.0
2023199	1.0
1390223	1.0
2247892	1.0
2195724	1.0
2875673	1.0
1800126	1.0
2907313	1.0
2048577	1.0
3101121	1.0
3034268	1.0
2854711	1.0
2977556	1.0
281578	1.0
1614437	1.0
1139533	1.0
3017968	1.0
3059703	1.0
2769598	1.0
3075296	1.0
1225897	1.0
3011888	1.0
2074359	1.0
1228554	1.0
3033517	1.0
2133633	1.0
2934574	1.0
2483567	1.0
3065102	1.0
3109040	1.0
2276884	1.0
3034378	1.0
1027442	1.0
3072462	1.0
2280842	1.0
1557770	1.0
3001529	1.0
2658935	1.0
1739766	1.0
3110140	1.0
1739694	1.0
588465	1.0
466658	1.0
3039631	1.0
1699848	1.0
2473840	1.0
462593	1.0
341127	1.0
2960860	1.0
2631421	1.0
3013981	1.0
124063	1.0
2959608	1.0
1668346	1.0
3020565	1.0
2774863	1.0
2358953	1.0
1889002	1.0
2714994	1.0
3021110	1.0
615296	1.0
2537093	1.0
1240445	1.0
2965709	1.0
3007846	1.0
2212206	1.0
984528	1.0
1787804	1.0
3100922	1.0
2405162	1.0
1997989	1.0
2889081	1.0
2953289	1.0
2048589	1.0
2730506	1.0
2304299	1.0
2641562	1.0
1012074	1.0
2976936	1.0
2712974	1.0
1591661	1.0
2932439	1.0
2981393	1.0
162781	1.0
1259333	1.0
3117169	1.0
49670	1.0
2964258	1.0
1261445	1.0
3178858	1.0
3031958	1.0
2729954	1.0
3017375	1.0
1420745	1.0
2865538	1.0
784657	1.0
1851947	1.0
373588	1.0
1777299	1.0
3119563	1.0
2944501	1.0
3049019	1.0
1419756	1.0
1017979	1.0
2432981	1.0
2969873	1.0
710455	1.0
2622719	1.0
237600	1.0
2173909	1.0
1757050	1.0
988559	1.0
2476566	1.0
2068617	1.0
3065384	1.0
1401464	1.0
2113118	1.0
2869814	1.0
813474	1.0
2948447	1.0
3097627	1.0
1835459	1.0
2844164	1.0
2992526	1.0
3023783	1.0
2865386	1.0
2941772	1.0
2766973	1.0
2494656	1.0
2422739	1.0
1716358	1.0
3026448	1.0
2823999	1.0
3092602	1.0
2276926	1.0
2614594	1.0
202080	1.0
2068031	1.0
2908085	1.0
1384178	1.0
452047	1.0
2160099	1.0
392274	1.0
2714983	1.0
2601323	1.0
1442424	1.0
2789890	1.0
2112975	1.0
1736144	1.0
784810	1.0
2900414	1.0
3133084	1.0
1714530	1.0
2835567	1.0
2935236	1.0
1923146	1.0
3122200	1.0
2367560	1.0
1696301	1.0
281839	1.0
2917749	1.0
1055537	1.0
1765258	1.0
2978926	1.0
43867	1.0
768425	1.0
24971	1.0
2010179	1.0
3040768	1.0
683317	1.0
1100460	1.0
1129992	1.0
614902	1.0
1487067	1.0
724088	1.0
1957111	1.0
3249154	1.0
1939360	1.0
2939743	1.0
2973761	1.0
1829675	1.0
2067419	1.0
521478	1.0
2328053	1.0
3248525	1.0
1863274	1.0
1745824	1.0
1011859	1.0
3083305	1.0
1234998	1.0
259264	1.0
2648556	1.0
2963997	1.0
2953199	1.0
127328	1.0
3002023	1.0
3037382	1.0
2080302	1.0
2684282	1.0
1540820	1.0
2697348	1.0
2334037	1.0
3009044	1.0
935513	1.0
2587299	1.0
3044739	1.0
3169823	1.0
1607568	1.0
3073459	1.0
3000689	1.0
759440	1.0
3045045	1.0
389590	1.0
2065135	1.0
1802432	1.0
5224	1.0
2874847	1.0
3147853	1.0
2136376	1.0
1970174	1.0
2687539	1.0
2715564	1.0
1756502	1.0
3085148	1.0
2363402	1.0
17893	1.0
1875643	1.0
2626382	1.0
635788	1.0
3024673	1.0
2016154	1.0
2550324	1.0
3054222	1.0
3049856	1.0
1967747	1.0
2997764	1.0
2511273	1.0
1610652	1.0
3045486	1.0
1587682	1.0
2018313	1.0
3155503	1.0
2546288	1.0
2574207	1.0
2536156	1.0
2645978	1.0
3085002	1.0
224099	1.0
2849122	1.0
3043265	1.0
83325	1.0
750883	1.0
3039883	1.0
2681212	1.0
2341851	1.0
1958190	1.0
707182	1.0
2201598	1.0
3127726	1.0
422904	1.0
2962573	1.0
3009068	1.0
2104416	1.0
291956	1.0
447755	1.0
1917772	1.0
2934605	1.0
540603	1.0
2997811	1.0
2722604	1.0
1671984	1.0
510862	1.0
390350	1.0
2958605	1.0
1518942	1.0
883069	1.0
2931031	1.0
1940305	1.0
3040205	1.0
2618385	1.0
1571429	1.0
3093338	1.0
3045645	1.0
3019356	1.0
1662294	1.0
3076055	1.0
894949	1.0
2971261	1.0
115483	1.0
2534572	1.0
2684640	1.0
1471349	1.0
3003877	1.0
2464729	1.0
1405874	1.0
322670	1.0
2928857	1.0
90048	1.0
3066617	1.0
3063226	1.0
2261225	1.0
2307550	1.0
2989274	1.0
128625	1.0
1997609	1.0
3181684	1.0
2168901	1.0
2295927	1.0
2687706	1.0
314322	1.0
2790078	1.0
3009976	1.0
2904206	1.0
1363995	1.0
3103043	1.0
3009795	1.0
1691691	1.0
1598439	1.0
783962	1.0
3058512	1.0
2063709	1.0
1868733	1.0
117435	1.0
12070	1.0
2431646	1.0
2029231	1.0
1830474	1.0
2496771	1.0
2108403	1.0
286796	1.0
3081640	1.0
2107725	1.0
2863491	1.0
3023887	1.0
1025402	1.0
2880089	1.0
2891014	1.0
2940357	1.0
2412944	1.0
295323	1.0
2259480	1.0
865840	1.0
367938	1.0
1615244	1.0
297324	1.0
2991612	1.0
1649643	1.0
2141732	1.0
2611712	1.0
2376545	1.0
884388	1.0
2231480	1.0
1727626	1.0
2247182	1.0
2085305	1.0
2814197	1.0
154990	1.0
2061239	1.0
1283123	1.0
1338915	1.0
34093	1.0
1379796	1.0
3100239	1.0
3026383	1.0
3116522	1.0
3008103	1.0
1114264	1.0
465645	1.0
2961460	1.0
3024965	1.0
429791	1.0
1708129	1.0
2998211	1.0
2650894	1.0
3075954	1.0
3061005	1.0
525378	1.0
1856028	1.0
2042407	1.0
2234513	1.0
2220151	1.0
1308156	1.0
2435996	1.0
1108925	1.0
2966585	1.0
1915331	1.0
565803	1.0
285549	1.0
369227	1.0
3144661	1.0
2653130	1.0
342084	1.0
2981342	1.0
2955242	1.0
1219873	1.0
2638503	1.0
3046678	1.0
1072379	1.0
2701942	1.0
536435	1.0
1234126	1.0
3071835	1.0
2296234	1.0
731985	1.0
1993710	1.0
710648	1.0
3084835	1.0
122781	1.0
1223555	1.0
2846307	1.0
734564	1.0
98142	1.0
2656455	1.0
22809	1.0
3024499	1.0
1602363	1.0
2721771	1.0
2996611	1.0
3042698	1.0
2748349	1.0
2770790	1.0
2755744	1.0
1160	1.0
2971285	1.0
1239020	1.0
1355486	1.0
2901197	1.0
2714082	1.0
2711536	1.0
2663484	1.0
842626	1.0
994185	1.0
332837	1.0
438371	1.0
2695422	1.0
2471554	1.0
2502337	1.0
2097299	1.0
1816907	1.0
3050070	1.0
1653554	1.0
2300056	1.0
1377765	1.0
2025357	1.0
3038092	1.0
1798853	1.0
3065493	1.0
3012479	1.0
2658811	1.0
3041911	1.0
2349735	1.0
2950280	1.0
1299213	1.0
1946186	1.0
1970676	1.0
1258169	1.0
2314956	1.0
2493037	1.0
2807794	1.0
3070579	1.0
2187189	1.0
626438	1.0
2374456	1.0
2919430	1.0
941066	1.0
3067589	1.0
1955716	1.0
1393213	1.0
3147616	1.0
3039979	1.0
3022685	1.0
1018715	1.0
2387719	1.0
278065	1.0
1871296	1.0
2652857	1.0
799875	1.0
2543429	1.0
442960	1.0
2959275	1.0
3005839	1.0
2997600	1.0
1468518	1.0
444010	1.0
3042572	1.0
515918	1.0
1405314	1.0
2801549	1.0
2999360	1.0
1858491	1.0
408597	1.0
1998176	1.0
1754435	1.0
2772225	1.0
2620730	1.0
1636847	1.0
1079130	1.0
2475268	1.0
1021573	1.0
2049709	1.0
2940804	1.0
1669743	1.0
2760561	1.0
3012667	1.0
19068	1.0
2494762	1.0
2950002	1.0
897514	1.0
3026659	1.0
2957015	1.0
2690841	1.0
1612147	1.0
2584737	1.0
2978535	1.0
996261	1.0
1985733	1.0
2772891	1.0
2810618	1.0
2488315	1.0
1865193	1.0
3010779	1.0
3051968	1.0
696717	1.0
2438997	1.0
3050368	1.0
3060964	1.0
2452132	1.0
2101457	1.0
1966473	1.0
3037686	1.0
870381	1.0
3040238	1.0
1381745	1.0
2984155	1.0
1114895	1.0
2131843	1.0
3112803	1.0
3040358	1.0
1578611	1.0
2085900	1.0
2320954	1.0
3000354	1.0
665159	1.0
1980634	1.0
2966577	1.0
2577482	1.0
1963738	1.0
1905932	1.0
1915712	1.0
2613409	1.0
1627204	1.0
905080	1.0
2234125	1.0
3105713	1.0
554347	1.0
1247796	1.0
2880340	1.0
2488724	1.0
2471079	1.0
2707877	1.0
2890062	1.0
2761645	1.0
241966	1.0
2182945	1.0
2387114	1.0
1305026	1.0
2114296	1.0
2762725	1.0
2401364	1.0
1926626	1.0
3005347	1.0
267264	1.0
3049481	1.0
1883862	1.0
2317432	1.0
3040712	1.0
1496949	1.0
1565761	1.0
2452799	1.0
1736547	1.0
197067	1.0
1543746	1.0
81840	1.0
2021017	1.0
1283796	1.0
2838254	1.0
2994850	1.0
2531768	1.0
2499687	1.0
1627366	1.0
2915832	1.0
2925948	1.0
2705081	1.0
2945558	1.0
1785603	1.0
2252565	1.0
748393	1.0
3073409	1.0
2248145	1.0
2881702	1.0
265796	1.0
2704491	1.0
2872285	1.0
511259	1.0
66915	1.0
2820656	1.0
846567	1.0
2271616	1.0
2503192	1.0
2283546	1.0
2440757	1.0
2460970	1.0
2027103	1.0
2547678	1.0
587850	1.0
2316382	1.0
2942125	1.0
2630366	1.0
2608318	1.0
3031306	1.0
457897	1.0
3070106	1.0
2506429	1.0
2246497	1.0
1808504	1.0
2767143	1.0
2536883	1.0
2701441	1.0
1371378	1.0
2059375	1.0
2672247	1.0
1863103	1.0
2402136	1.0
488892	1.0
1680440	1.0
2963071	1.0
2659113	1.0
2909481	1.0
2092518	1.0
327922	1.0
3149081	1.0
1160270	1.0
2874919	1.0
706166	1.0
2429680	1.0
376942	1.0
2689523	1.0
2387620	1.0
226301	1.0
114810	1.0
1743838	1.0
867976	1.0
3014303	1.0
2247020	1.0
2779941	1.0
246372	1.0
2957091	1.0
2987592	1.0
2626749	1.0
3060516	1.0
364947	1.0
300632	1.0
2895910	1.0
2951981	1.0
966070	1.0
3054696	1.0
1942077	1.0
2973570	1.0
1288090	1.0
2933027	1.0
2449388	1.0
1174464	1.0
3008153	1.0
2407767	1.0
935811	1.0
1317871	1.0
1630572	1.0
2208728	1.0
1299535	1.0
753698	1.0
2921857	1.0
2148865	1.0
831735	1.0
2329151	1.0
2867637	1.0
789924	1.0
895089	1.0
3131756	1.0
1288732	1.0
2220232	1.0
389756	1.0
2866956	1.0
154804	1.0
1567519	1.0
2997536	1.0
2434835	1.0
2974028	1.0
2705753	1.0
2708708	1.0
3004097	1.0
2722983	1.0
2716582	1.0
3108824	1.0
2055377	1.0
2988732	1.0
2628465	1.0
395432	1.0
2761342	1.0
2691641	1.0
716731	1.0
3038190	1.0
2430532	1.0
3000644	1.0
1071141	1.0
1813386	1.0
2149330	1.0
1944358	1.0
1754098	1.0
3043866	1.0
3006429	1.0
3216843	1.0
3145452	1.0
1360758	1.0
88164	1.0
3025337	1.0
2114333	1.0
1909965	1.0
2074540	1.0
1834967	1.0
2857192	1.0
1014228	1.0
2744546	1.0
2407944	1.0
1269998	1.0
3150699	1.0
3067068	1.0
3135774	1.0
2874108	1.0
3069301	1.0
2169700	1.0
2915118	1.0
2751902	1.0
2234423	1.0
1975438	1.0
1998658	1.0
510066	1.0
1818251	1.0
2672627	1.0
21589	1.0
1859852	1.0
1318278	1.0
2803043	1.0
2986658	1.0
2949136	1.0
3058130	1.0
2953120	1.0
650886	1.0
2366023	1.0
2446928	1.0
3051662	1.0
3153100	1.0
1465915	1.0
1144895	1.0
2982638	1.0
3041546	1.0
2914657	1.0
2077766	1.0
2719597	1.0
2451473	1.0
2224412	1.0
2956110	1.0
965182	1.0
1867195	1.0
2227481	1.0
2937185	1.0
2982129	1.0
3180680	1.0
3144753	1.0
961320	1.0
1489222	1.0
2049410	1.0
1701853	1.0
2594774	1.0
1911707	1.0
1794277	1.0
508104	1.0
3053323	1.0
681470	1.0
2944004	1.0
676818	1.0
1823742	1.0
2464450	1.0
147266	1.0
2449661	1.0
2653370	1.0
3043438	1.0
3131769	1.0
2670890	1.0
3051834	1.0
1748709	1.0
2982176	1.0
1966714	1.0
1746038	1.0
2463534	1.0
882929	1.0
2144463	1.0
2921634	1.0
8128	1.0
14992	1.0
3113453	1.0
1544211	1.0
807556	1.0
2344545	1.0
350159	1.0
2748134	1.0
3036303	1.0
2862006	1.0
543439	1.0
400990	1.0
2514172	1.0
1391946	1.0
2889130	1.0
1765861	1.0
2962965	1.0
2818790	1.0
2875991	1.0
2996586	1.0
1341999	1.0
3013513	1.0
1764995	1.0
387833	1.0
3023353	1.0
2541672	1.0
3049225	1.0
1184914	1.0
1695194	1.0
1863786	1.0
2946117	1.0
1934057	1.0
2935154	1.0
2989978	1.0
1298816	1.0
1934282	1.0
2872318	1.0
1321550	1.0
3075035	1.0
1243696	1.0
3131832	1.0
627293	1.0
3056907	1.0
3035739	1.0
415011	1.0
1535748	1.0
2673063	1.0
2480999	1.0
2738698	1.0
2585495	1.0
2893059	1.0
2436820	1.0
1642751	1.0
911456	1.0
2279141	1.0
3042996	1.0
3114120	1.0
3036052	1.0
1532285	1.0
1458066	1.0
3036486	1.0
2436939	1.0
1931796	1.0
2659768	1.0
3084902	1.0
332432	1.0
2972624	1.0
739991	1.0
345187	1.0
2355387	1.0
574819	1.0
2695404	1.0
313915	1.0
2119075	1.0
3081715	1.0
629073	1.0
3025810	1.0
777968	1.0
2601830	1.0
2974225	1.0
399295	1.0
1746445	1.0
3081729	1.0
578169	1.0
3034071	1.0
10755	1.0
2225917	1.0
456591	1.0
3068224	1.0
173851	1.0
2949792	1.0
3061657	1.0
3128007	1.0
1826998	1.0
1399676	1.0
40189	1.0
1931980	1.0
2913240	1.0
2927094	1.0
1655553	1.0
3021129	1.0
473235	1.0
2037380	1.0
3034900	1.0
2405875	1.0
2340362	1.0
2898336	1.0
1722357	1.0
2974497	1.0
2989083	1.0
1944599	1.0
3048184	1.0
497589	1.0
3198783	1.0
456585	1.0
3010651	1.0
1751735	1.0
3001562	1.0
18935	1.0
717981	1.0
2791445	1.0
2520557	1.0
2875711	1.0
1152260	1.0
523881	1.0
182857	1.0
2425221	1.0
2362685	1.0
53669	1.0
2191653	1.0
2185374	1.0
2495078	1.0
1854178	1.0
3070571	1.0
2012677	1.0
3001656	1.0
2953113	1.0
3073203	1.0
1874856	1.0
247712	1.0
497116	1.0
529748	1.0
406435	1.0
2012615	1.0
3008240	1.0
1866017	1.0
2777391	1.0
2482564	1.0
2341946	1.0
2562735	1.0
1337944	1.0
1244991	1.0
2222370	1.0
2603441	1.0
2872560	1.0
1891887	1.0
2500081	1.0
131751	1.0
1620220	1.0
3171786	1.0
1096189	1.0
2959513	1.0
1410131	1.0
2101917	1.0
2343219	1.0
633818	1.0
1667603	1.0
2954562	1.0
237218	1.0
2692273	1.0
2101019	1.0
1313387	1.0
3059220	1.0
3131968	1.0
2653355	1.0
2686792	1.0
2825767	1.0
1687462	1.0
2979670	1.0
642705	1.0
3057026	1.0
2964633	1.0
294106	1.0
2368882	1.0
1436622	1.0
632527	1.0
1163415	1.0
1128483	1.0
2132772	1.0
654378	1.0
3025311	1.0
2131413	1.0
2873741	1.0
2645537	1.0
1962295	1.0
3102116	1.0
3106417	1.0
2985822	1.0
1449004	1.0
1302945	1.0
2332346	1.0
767394	1.0
1070812	1.0
1735863	1.0
368951	1.0
3035967	1.0
2258800	1.0
118308	1.0
931873	1.0
1938292	1.0
2620711	1.0
2221053	1.0
637273	1.0
2981379	1.0
2210954	1.0
2708586	1.0
2177101	1.0
604455	1.0
2910538	1.0
2899900	1.0
2322108	1.0
1725884	1.0
980133	1.0
2523446	1.0
852560	1.0
2523137	1.0
1843516	1.0
1140444	1.0
3118630	1.0
3061101	1.0
718660	1.0
2169831	1.0
3042539	1.0
2697314	1.0
818591	1.0
2651462	1.0
1758141	1.0
1206608	1.0
2289978	1.0
2569296	1.0
3155317	1.0
2885639	1.0
2069481	1.0
1333886	1.0
2566540	1.0
3023291	1.0
2140095	1.0
3200042	1.0
2722996	1.0
3023110	1.0
3030956	1.0
2904204	1.0
2922140	1.0
1527950	1.0
2135105	1.0
2382467	1.0
358320	1.0
3002924	1.0
2751771	1.0
323884	1.0
2115380	1.0
3007384	1.0
2687458	1.0
2251579	1.0
3023028	1.0
2525457	1.0
627716	1.0
1379210	1.0
3065458	1.0
2993904	1.0
2704966	1.0
65169	1.0
562124	1.0
3012701	1.0
2987441	1.0
2676917	1.0
769402	1.0
2964782	1.0
2224103	1.0
2965693	1.0
1737248	1.0
1216397	1.0
2447280	1.0
2211358	1.0
618540	1.0
2927065	1.0
612588	1.0
296307	1.0
2915758	1.0
2994482	1.0
1456766	1.0
1195398	1.0
2570105	1.0
2023725	1.0
3005740	1.0
2020295	1.0
1560823	1.0
497048	1.0
1710849	1.0
13220	1.0
2722776	1.0
1865007	1.0
1700237	1.0
3061226	1.0
284880	1.0
3039837	1.0
2942341	1.0
2976316	1.0
3115576	1.0
2085920	1.0
3067123	1.0
3047408	1.0
1543175	1.0
2313942	1.0
601869	1.0
2776219	1.0
2085228	1.0
920037	1.0
1835201	1.0
1805067	1.0
2848746	1.0
1991139	1.0
2968137	1.0
2984556	1.0
1084966	1.0
3037215	1.0
1863822	1.0
1233781	1.0
2145596	1.0
3024163	1.0
1438030	1.0
3039662	1.0
2659680	1.0
1447385	1.0
1406497	1.0
681677	1.0
2636400	1.0
3038637	1.0
3012699	1.0
443021	1.0
3150534	1.0
2486060	1.0
1786833	1.0
3113701	1.0
1006400	1.0
2977033	1.0
245850	1.0
2718587	1.0
3066051	1.0
1172278	1.0
977144	1.0
2712970	1.0
368399	1.0
1207900	1.0
1969391	1.0
3094831	1.0
3013080	1.0
2457882	1.0
3072611	1.0
1224013	1.0
3042725	1.0
1266282	1.0
425138	1.0
3132319	1.0
3013585	1.0
2203808	1.0
2279306	1.0
1336873	1.0
1688006	1.0
8212	1.0
3076843	1.0
3002002	1.0
299614	1.0
2693408	1.0
656272	1.0
1055849	1.0
2794022	1.0
2704428	1.0
748193	1.0
2080429	1.0
1857742	1.0
1047193	1.0
3147625	1.0
2467358	1.0
2280854	1.0
2170722	1.0
2770429	1.0
859379	1.0
2185586	1.0
509929	1.0
2441863	1.0
1292934	1.0
2995761	1.0
2663435	1.0
3123712	1.0
1263303	1.0
2923075	1.0
253863	1.0
3125291	1.0
4251	1.0
915187	1.0
2641754	1.0
2942696	1.0
1036526	1.0
3058131	1.0
709954	1.0
2301274	1.0
1869719	1.0
3098376	1.0
1780785	1.0
1623495	1.0
2733365	1.0
3054883	1.0
2898992	1.0
2358570	1.0
3050570	1.0
2666676	1.0
561859	1.0
2216468	1.0
1754707	1.0
437036	1.0
966850	1.0
981192	1.0
2281726	1.0
2923922	1.0
11217	1.0
2972435	1.0
775641	1.0
2039020	1.0
1117370	1.0
1995199	1.0
1593811	1.0
1856786	1.0
2747985	1.0
1407455	1.0
398460	1.0
1262966	1.0
3141995	1.0
3145702	1.0
3064618	1.0
2659547	1.0
2785678	1.0
290879	1.0
1615120	1.0
1519876	1.0
495839	1.0
259116	1.0
1007766	1.0
2772046	1.0
2168241	1.0
291412	1.0
3189014	1.0
1731558	1.0
3121674	1.0
2873903	1.0
2593198	1.0
3034050	1.0
2028037	1.0
3044273	1.0
2603517	1.0
2637353	1.0
155822	1.0
2798134	1.0
2749269	1.0
2815744	1.0
2942718	1.0
3011707	1.0
2000371	1.0
2269381	1.0
2698605	1.0
2188387	1.0
2024679	1.0
778156	1.0
2055352	1.0
1387387	1.0
1335461	1.0
1110206	1.0
1808600	1.0
1025981	1.0
3024168	1.0
1474297	1.0
1755236	1.0
1170240	1.0
2445095	1.0
1649251	1.0
776464	1.0
1309005	1.0
2694732	1.0
2649959	1.0
1873762	1.0
2870932	1.0
2943213	1.0
15622	1.0
697961	1.0
2468825	1.0
2209006	1.0
2856922	1.0
2974842	1.0
2705387	1.0
1281432	1.0
752031	1.0
3189058	1.0
3003104	1.0
1371549	1.0
2669080	1.0
276059	1.0
979155	1.0
1902485	1.0
3057116	1.0
2758450	1.0
2644496	1.0
2566415	1.0
2748499	1.0
3006359	1.0
1781183	1.0
2976101	1.0
3023709	1.0
1268441	1.0
2362668	1.0
2646878	1.0
2164233	1.0
1868130	1.0
2820416	1.0
3083225	1.0
3012943	1.0
2294980	1.0
2756583	1.0
3076463	1.0
2597545	1.0
2331004	1.0
2207024	1.0
2434502	1.0
2819693	1.0
1988952	1.0
1532333	1.0
1797864	1.0
1235482	1.0
3134140	1.0
1434710	1.0
275215	1.0
1858638	1.0
1693265	1.0
614539	1.0
2211476	1.0
2941972	1.0
3205638	1.0
2079977	1.0
2927183	1.0
2744124	1.0
2215520	1.0
2854100	1.0
3064718	1.0
972945	1.0
2354816	1.0
10774	1.0
2370956	1.0
3060605	1.0
3038576	1.0
1060020	1.0
2659252	1.0
2123597	1.0
971478	1.0
2703943	1.0
1838375	1.0
2654901	1.0
2673143	1.0
2773916	1.0
1773498	1.0
3030110	1.0
1772202	1.0
3014361	1.0
3003910	1.0
2935887	1.0
2932984	1.0
52447	1.0
1963740	1.0
2833808	1.0
2946329	1.0
2716031	1.0
3087733	1.0
2767913	1.0
1203788	1.0
649100	1.0
2431418	1.0
2619962	1.0
3110159	1.0
2711534	1.0
653708	1.0
2066219	1.0
2281033	1.0
1818035	1.0
1298046	1.0
2338104	1.0
3013073	1.0
3063423	1.0
2086147	1.0
1864536	1.0
336459	1.0
2899524	1.0
2981427	1.0
1265177	1.0
1101078	1.0
2234783	1.0
3050224	1.0
3118675	1.0
2521075	1.0
2915866	1.0
1739247	1.0
1915598	1.0
2183542	1.0
299610	1.0
2333740	1.0
319918	1.0
2331249	1.0
3023727	1.0
2989088	1.0
2001862	1.0
1228133	1.0
3128726	1.0
1064556	1.0
3099191	1.0
1355107	1.0
3067135	1.0
1842503	1.0
2956002	1.0
3005279	1.0
20953	1.0
1148507	1.0
128831	1.0
1843078	1.0
1807657	1.0
2931026	1.0
2185181	1.0
1733897	1.0
2899725	1.0
818682	1.0
2946085	1.0
3092983	1.0
2700823	1.0
3028554	1.0
1255622	1.0
2696714	1.0
3015288	1.0
3099025	1.0
1793716	1.0
943865	1.0
2836630	1.0
87053	1.0
1981785	1.0
843628	1.0
3062400	1.0
2729529	1.0
2838219	1.0
2453808	1.0
1807671	1.0
2629270	1.0
3102541	1.0
3132932	1.0
2680981	1.0
3114973	1.0
2401224	1.0
2791301	1.0
3088116	1.0
1800274	1.0
2971557	1.0
2448406	1.0
2518562	1.0
3015453	1.0
2051391	1.0
1242153	1.0
3020555	1.0
1987609	1.0
3007708	1.0
2696252	1.0
2708037	1.0
131837	1.0
1932101	1.0
2917302	1.0
1285091	1.0
825418	1.0
2880038	1.0
3048747	1.0
1422867	1.0
2344234	1.0
2822009	1.0
3042287	1.0
3113777	1.0
1866744	1.0
3252868	1.0
2595731	1.0
913455	1.0
2680181	1.0
2216938	1.0
1457909	1.0
2346892	1.0
2764620	1.0
2640107	1.0
2604916	1.0
1761777	1.0
732293	1.0
2762533	1.0
1862426	1.0
2427664	1.0
1994996	1.0
3037195	1.0
1429610	1.0
247635	1.0
2114271	1.0
1213316	1.0
1050709	1.0
1768957	1.0
541630	1.0
3015167	1.0
1333683	1.0
1742890	1.0
2979099	1.0
1531420	1.0
2774269	1.0
2633613	1.0
2986442	1.0
864363	1.0
3033047	1.0
1912064	1.0
2949306	1.0
2719361	1.0
2817880	1.0
2862634	1.0
2055745	1.0
2663695	1.0
3005823	1.0
2259274	1.0
1999575	1.0
2262097	1.0
2836737	1.0
2847034	1.0
946281	1.0
2171678	1.0
2796528	1.0
1185504	1.0
2465978	1.0
2384397	1.0
217559	1.0
1440082	1.0
3071740	1.0
2649743	1.0
3084919	1.0
2563307	1.0
2789287	1.0
2767869	1.0
1905507	1.0
2558833	1.0
2914992	1.0
2855569	1.0
2602228	1.0
2213104	1.0
1020074	1.0
341605	1.0
527862	1.0
958705	1.0
1844242	1.0
274062	1.0
2682710	1.0
1281236	1.0
2135281	1.0
443190	1.0
131162	1.0
2304571	1.0
3086357	1.0
582659	1.0
3161266	1.0
1775376	1.0
754494	1.0
2905142	1.0
2253038	1.0
3057747	1.0
588766	1.0
2331301	1.0
3019830	1.0
322934	1.0
2621869	1.0
3063667	1.0
640332	1.0
2103376	1.0
2934961	1.0
2990427	1.0
2541693	1.0
2968506	1.0
3046100	1.0
750066	1.0
2169345	1.0
3129710	1.0
3082860	1.0
3075731	1.0
1282869	1.0
2593235	1.0
2677459	1.0
3026994	1.0
2522763	1.0
1089848	1.0
3082458	1.0
1933986	1.0
2597252	1.0
2604378	1.0
2061768	1.0
1567495	1.0
95591	1.0
811367	1.0
1640734	1.0
2458508	1.0
255881	1.0
2725738	1.0
2828364	1.0
2347746	1.0
2976609	1.0
385876	1.0
2983809	1.0
3175111	1.0
530075	1.0
2667644	1.0
2914346	1.0
2879527	1.0
731308	1.0
2919710	1.0
3133288	1.0
164693	1.0
2293425	1.0
2070586	1.0
1853315	1.0
1146714	1.0
2284332	1.0
3062407	1.0
2118530	1.0
577687	1.0
2608976	1.0
420603	1.0
3027876	1.0
2173742	1.0
2746700	1.0
362948	1.0
2333607	1.0
1069278	1.0
2434798	1.0
1917815	1.0
2146899	1.0
505897	1.0
2445295	1.0
3048232	1.0
1825994	1.0
2768911	1.0
508089	1.0
2093435	1.0
27628	1.0
3057462	1.0
3038308	1.0
1631973	1.0
3018556	1.0
2220687	1.0
3047988	1.0
2997379	1.0
2744093	1.0
2943342	1.0
3105586	1.0
2748100	1.0
908211	1.0
2070864	1.0
2240784	1.0
1160422	1.0
2170258	1.0
1883757	1.0
1394240	1.0
1326850	1.0
3185520	1.0
389212	1.0
1487922	1.0
534876	1.0
35617	1.0
3019238	1.0
3005303	1.0
3113346	1.0
3061753	1.0
3082572	1.0
2069518	1.0
2676655	1.0
3097466	1.0
2189592	1.0
423852	1.0
3024803	1.0
415198	1.0
2603225	1.0
2445813	1.0
535053	1.0
1968547	1.0
2046054	1.0
1715443	1.0
1949964	1.0
2452049	1.0
1095662	1.0
68401	1.0
2722897	1.0
2071753	1.0
2858344	1.0
1263018	1.0
2919094	1.0
2885071	1.0
1534846	1.0
1760166	1.0
3065119	1.0
2155240	1.0
1326541	1.0
1953472	1.0
1018720	1.0
1949371	1.0
2963453	1.0
3071789	1.0
2234726	1.0
389284	1.0
2262299	1.0
2038281	1.0
2235434	1.0
1730147	1.0
474034	1.0
2966591	1.0
2698653	1.0
3052267	1.0
2998055	1.0
1118058	1.0
1164903	1.0
2282615	1.0
2288462	1.0
2868954	1.0
2152876	1.0
1857630	1.0
2938167	1.0
1120726	1.0
2200440	1.0
2262022	1.0
545692	1.0
1406379	1.0
829955	1.0
3035326	1.0
2987262	1.0
1815536	1.0
2235720	1.0
2787584	1.0
2687180	1.0
2605716	1.0
2697398	1.0
2954525	1.0
3062967	1.0
2540547	1.0
1591010	1.0
3048697	1.0
684297	1.0
2964083	1.0
2726386	1.0
1615116	1.0
1313391	1.0
2855426	1.0
2768071	1.0
731109	1.0
1778475	1.0
2665749	1.0
3038765	1.0
2849825	1.0
104529	1.0
1608673	1.0
1968575	1.0
1235322	1.0
808555	1.0
2876054	1.0
3118436	1.0
2935891	1.0
3029253	1.0
2711134	1.0
1907550	1.0
2926412	1.0
2851923	1.0
397162	1.0
1269468	1.0
1263925	1.0
2219468	1.0
3061856	1.0
3040701	1.0
753606	1.0
3127910	1.0
1283712	1.0
1205066	1.0
2107	1.0
2283418	1.0
3174300	1.0
2030695	1.0
2256015	1.0
2307347	1.0
2029871	1.0
646213	1.0
1422044	1.0
2883121	1.0
3056065	1.0
1345893	1.0
2064210	1.0
339155	1.0
4822	1.0
2067556	1.0
3065468	1.0
1842713	1.0
2911583	1.0
2341080	1.0
2487346	1.0
3058409	1.0
2386493	1.0
1357034	1.0
2399800	1.0
3077988	1.0
2180070	1.0
377450	1.0
3117014	1.0
1511876	1.0
3047671	1.0
2919905	1.0
3133673	1.0
3034651	1.0
2839719	1.0
2142240	1.0
2854075	1.0
2166637	1.0
3012742	1.0
2303187	1.0
1187903	1.0
1915648	1.0
2657853	1.0
2012667	1.0
2840939	1.0
506176	1.0
2989673	1.0
1701134	1.0
2982235	1.0
1392972	1.0
2075647	1.0
1310056	1.0
1314038	1.0
2931540	1.0
3168573	1.0
3118810	1.0
1978188	1.0
2828880	1.0
932808	1.0
1030603	1.0
608304	1.0
3190623	1.0
864672	1.0
1773657	1.0
1202195	1.0
2983864	1.0
2683865	1.0
2269868	1.0
1831916	1.0
2477766	1.0
3006077	1.0
2817326	1.0
1077096	1.0
4340	1.0
2096434	1.0
2966120	1.0
2486252	1.0
2708812	1.0
1868031	1.0
1128912	1.0
3045123	1.0
1548042	1.0
1841165	1.0
2999706	1.0
1448601	1.0
2561541	1.0
814917	1.0
2517549	1.0
2930898	1.0
3041791	1.0
1265915	1.0
180177	1.0
3220825	1.0
1564663	1.0
2092377	1.0
2194787	1.0
975596	1.0
2134636	1.0
422103	1.0
736877	1.0
1161328	1.0
1403297	1.0
1108687	1.0
1982218	1.0
3005145	1.0
2548999	1.0
2488905	1.0
2056818	1.0
2713035	1.0
2186301	1.0
3043730	1.0
2832590	1.0
1655758	1.0
1587118	1.0
2954968	1.0
2677192	1.0
1888779	1.0
2984221	1.0
3091398	1.0
3055573	1.0
497040	1.0
1970199	1.0
2964087	1.0
1457349	1.0
2986618	1.0
2348769	1.0
2919820	1.0
1814172	1.0
2254252	1.0
284262	1.0
2324552	1.0
2888930	1.0
2156240	1.0
2955057	1.0
1516939	1.0
3027783	1.0
2803276	1.0
2103099	1.0
2968161	1.0
1959989	1.0
1779585	1.0
3056483	1.0
2689916	1.0
2621256	1.0
595656	1.0
1270494	1.0
2282539	1.0
2996448	1.0
3052789	1.0
1638381	1.0
3049970	1.0
1746283	1.0
3027036	1.0
745469	1.0
3116760	1.0
3050293	1.0
3192469	1.0
99580	1.0
1074505	1.0
1924300	1.0
2305385	1.0
1840043	1.0
3084002	1.0
713832	1.0
1643689	1.0
2636504	1.0
3083428	1.0
2329383	1.0
1477026	1.0
2558111	1.0
3132565	1.0
3035676	1.0
2111206	1.0
3161957	1.0
622899	1.0
3187015	1.0
3085573	1.0
2066991	1.0
2999876	1.0
2281883	1.0
3053878	1.0
2917402	1.0
2876352	1.0
2761644	1.0
2941688	1.0
2743327	1.0
1909129	1.0
3070201	1.0
1964497	1.0
2885619	1.0
970512	1.0
834809	1.0
923888	1.0
2837573	1.0
73881	1.0
626721	1.0
2761222	1.0
2785263	1.0
2961555	1.0
1929319	1.0
2938874	1.0
2041954	1.0
1733327	1.0
2534765	1.0
1205115	1.0
3078600	1.0
931066	1.0
2957422	1.0
533910	1.0
3123847	1.0
1142781	1.0
1309734	1.0
2999128	1.0
2835940	1.0
2639352	1.0
954428	1.0
2708401	1.0
3000940	1.0
1055263	1.0
753847	1.0
2448899	1.0
1796343	1.0
2398593	1.0
2696939	1.0
3020340	1.0
767971	1.0
3084759	1.0
3060634	1.0
2865869	1.0
2487377	1.0
2489309	1.0
2395982	1.0
2988592	1.0
2983811	1.0
64322	1.0
2703472	1.0
2790779	1.0
2723978	1.0
2916080	1.0
2740941	1.0
2789185	1.0
2068301	1.0
2117328	1.0
2031306	1.0
2837335	1.0
2729906	1.0
