2160277	0.0
2760069	0.0
1059246	0.0
2745727	0.0
2654761	0.0
2104110	0.0
3371	0.0
984824	0.0
3162019	0.0
3278413	0.0
2765043	0.0
841308	0.0
2361336	0.0
1687265	0.0
520200	0.0
2392639	0.0
2687313	0.0
2696180	0.0
1143265	0.0
1839175	0.0
2029456	0.0
3356835	0.0
1231005	0.0
2925039	0.0
1747310	0.0
1571583	0.0
1633052	0.0
2860565	0.0
3028144	0.0
2850541	0.0
2947238	0.0
1140979	0.0
1317935	0.0
2865860	0.0
1848058	0.0
2569369	0.0
2835365	0.0
2406786	0.0
1234139	0.0
2872631	0.0
1612893	0.0
2404301	0.0
2506108	0.0
1012342	0.0
2498510	0.0
3020443	0.0
2669165	0.0
3044380	0.0
2669903	0.0
2802156	0.0
2622698	0.0
2831064	0.0
1711459	0.0
2808898	0.0
1267968	0.0
2853180	0.0
1574399	0.0
2392195	0.0
1291968	0.0
2892164	0.0
2858315	0.0
75187	0.0
3052902	0.0
2738873	0.0
2627292	0.0
1671300	0.0
2683646	0.0
1937405	0.0
2971876	0.0
2667424	0.0
2881961	0.0
582805	0.0
2683956	0.0
2264866	0.0
2847069	0.0
2697272	0.0
2898627	0.0
2264910	0.0
2695519	0.0
1761917	0.0
2924287	0.0
2760569	0.0
2140342	0.0
1412878	0.0
1871420	0.0
2943361	0.0
2203283	0.0
266297	0.0
2349093	0.0
3114650	0.0
1322599	0.0
2264836	0.0
2817246	0.0
2755414	0.0
391367	0.0
2305414	0.0
2834432	0.0
2915073	0.0
2644097	0.0
2066577	0.0
2073091	0.0
2076941	0.0
2954307	0.0
3008170	0.0
1642623	0.0
457480	0.0
308384	0.0
3637	0.242857143
11285	0.114285714
20990	0.385714286
21283	0.542857143
31063	0.542857143
39680	0.428571429
44033	0.542857143
53669	0.542857143
58521	0.542857143
62528	0.542857143
63979	0.385714286
72425	0.542857143
95443	0.385714286
101635	0.542857143
101775	0.542857143
120044	0.542857143
131751	0.171428571
156246	0.014285714
170601	0.385714286
180208	0.542857143
188212	0.500000000
216708	0.542857143
221385	0.542857143
241605	0.542857143
249987	0.385714286
254150	0.228571429
255938	0.542857143
256355	0.542857143
260803	0.542857143
261095	0.242857143
265307	0.542857143
273969	0.028571429
287872	0.528571429
290460	0.114285714
297938	0.542857143
298763	0.542857143
315454	0.514285714
321449	0.071428571
322821	0.542857143
324492	0.357142857
328449	0.100000000
329555	0.542857143
333298	0.528571429
342148	0.185714286
354465	0.542857143
369469	0.542857143
369714	0.485714286
369922	0.228571429
370786	0.542857143
387350	0.442857143
388828	0.542857143
394246	0.114285714
395042	0.542857143
396283	0.114285714
398118	0.528571429
398949	0.542857143
401635	0.542857143
407811	0.542857143
415839	0.385714286
416524	0.014285714
420826	0.542857143
426002	0.142857143
435202	0.228571429
437141	0.542857143
438499	0.500000000
444404	0.114285714
450088	0.542857143
457591	0.542857143
462163	0.071428571
465134	0.542857143
468410	0.528571429
474797	0.500000000
480366	0.100000000
485613	0.228571429
494483	0.542857143
507646	0.514285714
509754	0.542857143
517871	0.542857143
519417	0.542857143
521654	0.542857143
524759	0.385714286
525341	0.514285714
533004	0.542857143
534519	0.542857143
546866	0.542857143
549246	0.357142857
549741	0.028571429
564060	0.157142857
572027	0.514285714
576515	0.542857143
580709	0.214285714
582620	0.228571429
582766	0.542857143
584287	0.242857143
587397	0.157142857
588608	0.542857143
589059	0.542857143
593391	0.057142857
594390	0.542857143
598399	0.114285714
601327	0.542857143
603325	0.542857143
604382	0.457142857
606550	0.114285714
618675	0.114285714
621148	0.542857143
630016	0.542857143
634701	0.514285714
634815	0.542857143
667531	0.542857143
674615	0.542857143
681189	0.228571429
685440	0.514285714
692360	0.228571429
693945	0.542857143
702248	0.542857143
703142	0.114285714
712752	0.128571429
727542	0.385714286
732376	0.114285714
735819	0.542857143
738393	0.542857143
743217	0.542857143
744722	0.442857143
748463	0.100000000
749270	0.542857143
749361	0.228571429
750815	0.542857143
751417	0.542857143
753944	0.357142857
759319	0.157142857
766183	0.542857143
771318	0.514285714
778525	0.542857143
781023	0.542857143
784688	0.542857143
788134	0.542857143
793247	0.314285714
798101	0.542857143
799123	0.542857143
802203	0.228571429
807682	0.257142857
808272	0.542857143
808554	0.542857143
811801	0.542857143
824885	0.514285714
832870	0.385714286
837388	0.542857143
837747	0.542857143
840094	0.271428571
842889	0.114285714
843790	0.542857143
847555	0.128571429
849895	0.242857143
855177	0.542857143
858097	0.542857143
859738	0.214285714
863267	0.542857143
867897	0.157142857
867973	0.114285714
869158	0.542857143
869837	0.228571429
870718	0.114285714
873446	0.114285714
873683	0.500000000
880818	0.542857143
886712	0.114285714
887767	0.385714286
887930	0.542857143
892298	0.542857143
896129	0.228571429
906260	0.542857143
907857	0.485714286
908726	0.514285714
914875	0.228571429
916246	0.542857143
918567	0.542857143
922464	0.542857143
935800	0.128571429
936060	0.214285714
940741	0.542857143
953238	0.542857143
960594	0.228571429
962833	0.542857143
971973	0.428571429
973451	0.542857143
975592	0.414285714
976256	0.214285714
976314	0.228571429
977005	0.542857143
979176	0.542857143
979979	0.271428571
980377	0.542857143
992593	0.542857143
994441	0.542857143
995410	0.542857143
996087	0.542857143
999423	0.228571429
1001047	0.242857143
1004418	0.542857143
1005044	0.142857143
1009357	0.171428571
1011202	0.542857143
1012326	0.542857143
1013847	0.528571429
1014037	0.542857143
1019248	0.300000000
1023020	0.442857143
1023118	0.114285714
1023666	0.542857143
1029128	0.414285714
1031160	0.228571429
1034240	0.285714286
1036273	0.542857143
1041213	0.542857143
1046549	0.114285714
1048174	0.157142857
1048810	0.542857143
1049865	0.542857143
1050887	0.185714286
1052049	0.542857143
1054120	0.542857143
1058536	0.171428571
1059783	0.385714286
1064187	0.114285714
1067217	0.542857143
1067463	0.385714286
1067607	0.542857143
1068039	0.514285714
1078113	0.400000000
1079920	0.542857143
1080054	0.542857143
1085436	0.528571429
1096291	0.185714286
1099493	0.042857143
1099802	0.014285714
1108635	0.542857143
1111186	0.542857143
1121586	0.128571429
1123398	0.542857143
1124849	0.214285714
1125520	0.114285714
1139474	0.542857143
1144345	0.542857143
1145094	0.200000000
1145469	0.542857143
1152572	0.542857143
1152679	0.542857143
1154727	0.514285714
1159212	0.028571429
1161416	0.385714286
1161484	0.085714286
1161647	0.257142857
1165080	0.542857143
1168226	0.542857143
1168356	0.271428571
1170305	0.185714286
1175352	0.542857143
1180066	0.542857143
1184929	0.228571429
1187252	0.542857143
1187619	0.542857143
1191757	0.514285714
1191938	0.228571429
1199490	0.057142857
1207571	0.542857143
1207866	0.514285714
1210120	0.142857143
1212315	0.542857143
1217237	0.271428571
1218239	0.542857143
1220924	0.114285714
1222518	0.114285714
1223149	0.014285714
1224059	0.085714286
1224375	0.514285714
1226847	0.514285714
1229192	0.171428571
1231352	0.542857143
1234254	0.542857143
1235116	0.228571429
1237965	0.271428571
1239335	0.500000000
1246007	0.214285714
1246198	0.542857143
1251331	0.542857143
1252913	0.514285714
1253783	0.114285714
1257381	0.542857143
1260632	0.114285714
1262788	0.328571429
1263500	0.228571429
1263657	0.542857143
1264239	0.171428571
1264495	0.314285714
1265656	0.100000000
1266025	0.228571429
1272523	0.542857143
1272735	0.542857143
1276639	0.028571429
1276660	0.385714286
1276705	0.542857143
1285603	0.542857143
1289331	0.228571429
1296190	0.114285714
1301788	0.114285714
1303223	0.228571429
1305457	0.400000000
1306646	0.114285714
1315159	0.114285714
1315965	0.114285714
1317364	0.400000000
1320147	0.228571429
1321473	0.542857143
1321741	0.542857143
1331296	0.242857143
1331897	0.542857143
1332986	0.371428571
1334450	0.171428571
1336631	0.314285714
1341474	0.542857143
1350183	0.542857143
1364911	0.242857143
1365870	0.542857143
1367455	0.542857143
1370280	0.542857143
1372679	0.228571429
1375149	0.542857143
1377221	0.542857143
1381067	0.542857143
1385562	0.185714286
1385915	0.414285714
1386809	0.514285714
1387646	0.514285714
1389871	0.514285714
1391476	0.542857143
1392703	0.500000000
1397653	0.542857143
1397700	0.514285714
1401053	0.100000000
1402248	0.128571429
1403699	0.542857143
1408330	0.128571429
1409633	0.542857143
1414658	0.542857143
1414917	0.042857143
1417447	0.228571429
1418876	0.100000000
1420844	0.542857143
1423814	0.542857143
1423983	0.542857143
1426098	0.428571429
1427962	0.542857143
1431816	0.185714286
1435225	0.542857143
1436267	0.528571429
1436840	0.542857143
1438393	0.385714286
1440082	0.528571429
1441512	0.414285714
1443900	0.542857143
1447706	0.542857143
1448248	0.128571429
1452888	0.542857143
1454226	0.385714286
1454621	0.542857143
1457524	0.271428571
1459238	0.242857143
1459441	0.228571429
1459892	0.242857143
1467940	0.114285714
1470420	0.542857143
1474140	1.000000000
1477389	0.442857143
1478449	0.114285714
1481613	0.542857143
1484612	0.442857143
1488775	0.128571429
1492157	0.542857143
1492348	0.385714286
1495240	0.242857143
1495833	0.114285714
1501319	0.528571429
1501560	0.542857143
1505595	0.385714286
1507061	0.528571429
1510645	0.542857143
1514456	0.328571429
1522650	0.114285714
1527175	0.357142857
1527283	0.542857143
1528493	0.071428571
1528781	0.514285714
1532137	0.542857143
1532610	0.228571429
1537496	0.542857143
1539921	0.542857143
1539942	0.114285714
1540157	0.157142857
1540438	0.542857143
1541572	0.385714286
1547625	0.128571429
1551486	0.128571429
1552185	0.114285714
1554175	0.114285714
1554397	0.542857143
1554736	0.542857143
1565719	0.542857143
1571304	0.400000000
1580230	0.542857143
1590674	0.500000000
1591661	0.542857143
1593911	0.542857143
1594770	0.114285714
1599393	0.042857143
1610815	0.285714286
1611615	0.357142857
1616686	0.542857143
1617424	0.542857143
1621835	0.542857143
1630417	0.042857143
1631368	0.528571429
1632618	0.114285714
1633575	0.542857143
1634343	0.428571429
1649989	0.542857143
1651422	0.542857143
1655116	0.428571429
1656015	0.542857143
1661125	0.071428571
1662024	0.542857143
1674270	0.542857143
1676823	0.114285714
1679991	0.514285714
1687228	0.542857143
1688000	0.542857143
1691298	0.542857143
1692351	0.542857143
1694522	0.514285714
1696892	0.342857143
1697627	0.157142857
1698175	0.142857143
1698324	0.271428571
1706189	0.242857143
1706862	0.542857143
1712492	0.257142857
1719793	0.528571429
1720443	0.228571429
1720523	0.428571429
1720540	0.114285714
1720857	0.442857143
1725584	0.542857143
1725732	0.542857143
1727455	0.100000000
1730315	0.357142857
1731924	0.542857143
1734300	0.542857143
1739130	0.542857143
1741292	0.542857143
1742768	0.514285714
1743419	0.242857143
1746030	0.528571429
1750865	0.114285714
1751839	0.542857143
1760821	0.242857143
1764651	0.385714286
1765094	0.228571429
1767319	0.157142857
1768670	0.242857143
1768793	0.271428571
1771356	0.300000000
1771489	0.514285714
1771563	0.514285714
1772594	0.114285714
1772616	0.542857143
1772920	0.300000000
1773356	0.528571429
1777411	0.071428571
1778330	0.485714286
1781247	0.371428571
1784256	0.542857143
1785509	0.542857143
1789463	0.257142857
1793975	0.242857143
1794500	0.542857143
1794586	0.514285714
1798119	0.257142857
1798279	0.542857143
1798329	0.028571429
1798879	0.385714286
1799740	0.542857143
1801199	0.442857143
1803082	0.542857143
1812654	0.071428571
1816267	0.385714286
1816694	0.542857143
1817391	0.428571429
1819144	0.542857143
1819562	0.414285714
1820222	0.228571429
1822693	0.242857143
1823483	0.214285714
1826003	0.242857143
1828369	0.014285714
1832700	0.128571429
1835888	0.128571429
1838210	0.542857143
1841892	0.228571429
1842097	0.114285714
1845102	0.314285714
1849495	0.528571429
1849620	0.328571429
1852044	0.542857143
1852501	0.542857143
1854718	0.242857143
1857555	0.442857143
1860312	0.542857143
1860871	0.171428571
1862364	0.514285714
1862750	0.542857143
1863774	0.414285714
1864480	0.385714286
1864887	0.514285714
1865926	0.542857143
1866598	0.542857143
1867530	0.542857143
1875753	0.114285714
1877071	0.114285714
1881503	0.128571429
1882757	0.414285714
1886989	0.542857143
1888280	0.514285714
1889166	0.542857143
1889765	0.542857143
1892350	0.542857143
1893892	0.514285714
1894087	0.542857143
1896393	0.542857143
1899581	0.228571429
1901189	0.200000000
1904531	0.542857143
1905997	0.228571429
1908606	0.542857143
1911015	0.542857143
1914840	0.514285714
1915328	0.542857143
1915410	0.514285714
1918934	0.200000000
1923518	0.542857143
1925104	0.028571429
1925583	0.500000000
1926095	0.514285714
1926673	0.128571429
1927130	0.542857143
1928429	0.542857143
1929922	0.157142857
1934255	0.185714286
1934734	0.542857143
1935018	0.514285714
1935068	0.242857143
1937128	0.542857143
1937862	0.542857143
1939360	0.514285714
1942536	0.542857143
1953518	0.542857143
1954476	0.542857143
1954521	0.542857143
1954832	0.542857143
1955083	0.542857143
1956509	0.542857143
1960478	0.014285714
1962657	0.542857143
1966768	0.514285714
1966851	0.542857143
1973190	0.228571429
1974503	0.342857143
1978519	0.528571429
1987314	0.542857143
1988404	0.428571429
1989382	0.214285714
1994961	0.171428571
1995314	0.542857143
1997965	0.542857143
1998450	0.385714286
1998910	0.185714286
2001309	0.542857143
2003689	0.128571429
2006109	0.542857143
2006319	0.514285714
2008428	0.028571429
2008578	0.414285714
2012337	0.542857143
2012808	0.514285714
2017042	0.514285714
2019528	0.114285714
2020108	0.385714286
2020517	0.542857143
2020836	0.242857143
2023736	0.542857143
2025249	0.542857143
2029693	0.542857143
2034603	0.542857143
2036013	0.542857143
2036254	0.514285714
2037944	0.428571429
2038034	0.171428571
2039119	0.542857143
2041141	0.242857143
2042007	0.542857143
2042663	0.542857143
2043642	0.500000000
2046662	0.542857143
2052838	0.242857143
2052991	0.142857143
2053654	0.528571429
2056012	0.542857143
2058995	0.542857143
2059894	0.542857143
2059989	0.128571429
2062129	0.542857143
2065524	0.114285714
2069377	0.542857143
2077940	0.114285714
2084693	0.542857143
2084851	0.528571429
2085731	0.114285714
2086188	0.128571429
2086461	0.528571429
2086615	0.514285714
2086890	0.357142857
2090331	0.228571429
2091554	0.185714286
2091664	0.114285714
2091978	0.014285714
2092039	0.157142857
2093064	0.500000000
2095123	0.542857143
2097905	0.200000000
2101038	0.314285714
2101426	0.128571429
2101686	0.542857143
2103010	0.114285714
2105010	0.542857143
2106177	0.542857143
2108206	0.385714286
2112839	0.028571429
2113520	0.542857143
2114266	0.457142857
2114597	0.542857143
2116039	0.014285714
2119803	0.385714286
2121950	0.128571429
2122718	0.142857143
2123382	0.228571429
2124058	0.385714286
2125727	0.528571429
2125942	0.414285714
2128014	0.114285714
2129394	0.542857143
2130051	0.542857143
2130629	0.142857143
2131767	0.128571429
2131878	0.528571429
2131921	0.428571429
2132488	0.528571429
2138600	0.542857143
2140228	0.542857143
2140848	0.542857143
2141790	0.542857143
2145602	0.128571429
2146565	0.114285714
2154380	0.542857143
2155279	0.542857143
2156954	0.542857143
2158946	0.228571429
2159784	0.114285714
2164277	0.542857143
2167797	0.542857143
2171702	0.542857143
2172130	0.028571429
2174855	0.542857143
2177453	0.542857143
2181793	0.114285714
2184728	0.271428571
2188163	0.542857143
2194021	0.542857143
2194500	0.257142857
2194854	0.328571429
2197204	0.100000000
2200313	0.542857143
2204282	0.514285714
2212505	0.542857143
2212897	0.100000000
2214206	0.285714286
2216076	0.185714286
2218024	0.528571429
2220963	0.542857143
2221314	0.242857143
2221461	0.114285714
2222075	0.542857143
2224831	0.542857143
2225517	0.257142857
2228483	0.042857143
2228711	0.542857143
2229579	0.542857143
2230529	0.114285714
2234246	0.114285714
2235655	0.514285714
2237202	0.542857143
2241272	0.157142857
2242614	0.242857143
2249292	0.542857143
2252934	0.114285714
2254231	0.542857143
2254628	0.514285714
2255250	0.542857143
2255464	0.171428571
2256091	0.542857143
2257246	0.471428571
2259966	0.542857143
2260978	0.500000000
2262209	0.514285714
2262440	0.114285714
2266595	0.171428571
2270131	0.542857143
2271035	0.528571429
2274105	0.057142857
2276774	0.100000000
2278586	0.542857143
2278597	0.542857143
2279060	0.071428571
2279345	0.128571429
2281195	0.357142857
2282158	0.028571429
2282646	0.542857143
2285019	0.171428571
2288913	0.500000000
2290535	0.542857143
2293677	0.214285714
2294917	0.142857143
2297605	0.385714286
2300290	0.528571429
2307309	0.228571429
2308045	0.528571429
2312286	0.514285714
2312341	0.385714286
2326734	0.542857143
2326778	0.114285714
2327103	0.257142857
2328171	0.514285714
2333367	0.428571429
2333408	0.214285714
2335425	0.228571429
2336079	0.542857143
2336696	0.500000000
2339028	0.542857143
2339150	0.528571429
2339559	0.042857143
2340666	0.171428571
2341910	0.542857143
2341919	0.200000000
2342033	0.471428571
2344379	0.542857143
2352681	0.085714286
2354098	0.514285714
2359136	0.042857143
2359178	0.214285714
2360068	0.214285714
2361005	0.514285714
2362953	0.542857143
2362984	0.542857143
2364186	0.542857143
2364241	0.114285714
2365111	0.071428571
2366606	0.542857143
2367095	0.542857143
2370971	0.228571429
2372220	0.514285714
2373940	0.514285714
2375667	0.242857143
2377383	0.514285714
2378098	0.542857143
2379059	0.542857143
2381642	0.542857143
2382623	0.542857143
2384010	0.157142857
2384442	0.542857143
2385580	0.542857143
2393146	0.542857143
2393234	0.542857143
2393765	0.542857143
2395650	0.542857143
2397453	0.342857143
2397672	0.542857143
2397779	0.542857143
2398465	0.514285714
2402667	0.528571429
2403677	0.114285714
2407436	0.457142857
2407829	0.200000000
2407900	0.542857143
2408421	0.242857143
2409925	0.385714286
2410216	0.300000000
2411799	0.542857143
2414186	0.542857143
2415083	0.385714286
2416446	0.414285714
2416956	0.542857143
2417393	0.114285714
2418527	0.542857143
2420919	0.542857143
2421309	0.542857143
2421322	0.542857143
2423619	0.542857143
2424385	0.057142857
2424456	0.542857143
2425338	0.400000000
2426909	0.114285714
2431774	0.542857143
2434124	0.385714286
2434232	0.114285714
2436337	0.114285714
2437597	0.514285714
2438720	0.114285714
2439706	0.128571429
2439998	0.542857143
2440354	0.542857143
2443081	0.114285714
2446614	0.114285714
2452137	0.542857143
2455360	0.300000000
2458486	0.542857143
2460783	0.528571429
2461489	0.542857143
2461613	0.542857143
2463427	0.542857143
2463629	0.214285714
2464172	0.114285714
2464837	0.228571429
2465080	0.385714286
2465932	0.242857143
2466621	0.285714286
2468718	0.242857143
2472202	0.542857143
2472516	0.542857143
2476110	0.400000000
2476112	0.257142857
2476414	0.400000000
2484101	0.542857143
2484149	0.071428571
2484802	0.257142857
2488027	0.514285714
2488157	0.328571429
2489832	0.114285714
2490271	0.542857143
2492100	0.242857143
2492252	0.542857143
2492716	0.542857143
2493144	0.128571429
2497970	0.157142857
2501722	0.542857143
2504258	0.542857143
2505307	0.514285714
2506229	0.285714286
2506285	0.542857143
2507623	0.142857143
2508076	0.542857143
2508392	0.142857143
2508528	0.385714286
2510012	0.542857143
2511084	0.171428571
2512391	0.542857143
2515470	0.428571429
2515975	0.142857143
2516822	0.257142857
2517160	0.400000000
2518497	0.542857143
2518932	0.542857143
2519467	0.542857143
2521314	0.228571429
2522193	0.542857143
2522949	0.514285714
2524863	0.542857143
2526727	0.014285714
2527919	0.228571429
2528073	0.114285714
2529879	0.542857143
2533178	0.442857143
2534209	0.542857143
2535892	0.542857143
2537135	0.114285714
2538011	0.542857143
2542778	0.128571429
2543758	0.542857143
2546255	0.514285714
2547384	0.542857143
2548552	0.542857143
2549164	0.514285714
2549534	0.228571429
2550139	0.228571429
2551723	0.385714286
2552492	0.542857143
2552605	0.542857143
2553741	0.171428571
2554760	0.100000000
2556277	0.528571429
2557291	0.142857143
2557432	0.542857143
2557744	0.542857143
2558278	0.542857143
2559263	0.385714286
2562150	0.185714286
2562711	0.414285714
2564282	0.542857143
2565469	0.542857143
2569677	0.528571429
2571376	0.542857143
2571670	0.442857143
2571976	0.228571429
2573558	0.542857143
2576289	0.542857143
2577035	0.271428571
2579010	0.157142857
2579473	0.542857143
2580046	0.542857143
2580452	0.542857143
2582051	0.114285714
2583299	0.542857143
2584991	0.542857143
2585398	0.042857143
2585789	0.542857143
2588545	0.114285714
2589286	0.128571429
2590181	0.542857143
2590470	0.457142857
2591103	0.428571429
2592433	0.157142857
2592473	0.542857143
2592929	0.142857143
2594812	0.157142857
2595064	0.542857143
2597953	0.228571429
2598262	0.542857143
2598355	0.542857143
2598970	0.542857143
2599930	0.542857143
2601056	0.214285714
2602680	0.057142857
2602745	0.528571429
2603320	0.528571429
2603824	0.542857143
2603931	0.542857143
2604488	0.042857143
2606368	0.528571429
2606379	0.542857143
2608517	0.385714286
2608544	0.114285714
2609032	0.542857143
2609271	0.028571429
2610223	0.542857143
2611389	0.100000000
2612739	0.257142857
2613042	0.500000000
2613296	0.542857143
2614785	0.542857143
2616087	0.542857143
2616565	0.142857143
2617879	0.542857143
2618649	0.028571429
2618802	0.542857143
2619051	0.271428571
2619403	0.071428571
2619758	0.542857143
2621823	0.114285714
2622026	0.014285714
2623621	0.385714286
2623642	0.114285714
2623795	0.028571429
2625542	0.542857143
2625718	0.042857143
2631234	0.542857143
2633827	0.228571429
2634520	0.185714286
2634615	0.542857143
2634798	0.142857143
2635952	0.414285714
2637039	0.114285714
2637124	0.542857143
2638101	0.500000000
2638616	0.542857143
2638746	0.114285714
2642702	0.542857143
2643409	0.514285714
2643498	0.128571429
2643590	0.542857143
2644822	0.071428571
2645296	0.542857143
2645967	0.528571429
2646076	0.157142857
2646549	0.228571429
2646689	0.228571429
2646849	0.300000000
2649669	0.542857143
2651048	0.542857143
2653568	0.542857143
2654229	0.171428571
2655539	0.542857143
2655729	0.100000000
2656175	0.542857143
2658447	0.528571429
2658482	0.128571429
2659470	0.542857143
2659866	0.542857143
2659981	0.542857143
2659984	0.542857143
2660056	0.542857143
2660175	0.285714286
2660304	0.142857143
2660574	0.514285714
2660760	0.085714286
2660897	0.542857143
2660945	0.142857143
2663921	0.542857143
2664263	0.385714286
2664473	0.114285714
2665213	0.285714286
2665216	0.171428571
2665659	0.542857143
2666400	0.542857143
2666507	0.542857143
2667867	0.228571429
2668550	0.185714286
2670308	0.014285714
2670474	0.542857143
2671859	0.114285714
2672528	0.114285714
2672734	0.185714286
2672960	0.128571429
2673877	0.114285714
2674631	0.028571429
2675890	0.542857143
2676335	0.542857143
2676601	0.142857143
2677002	0.128571429
2678362	0.542857143
2678655	0.542857143
2679774	0.028571429
2680476	0.042857143
2680982	0.542857143
2682688	0.228571429
2684494	0.542857143
2684679	0.542857143
2686178	0.100000000
2687091	0.528571429
2687245	0.428571429
2687666	0.542857143
2688290	0.114285714
2688294	0.171428571
2689482	0.514285714
2689597	0.528571429
2689866	0.242857143
2690320	0.014285714
2690833	0.157142857
2691130	0.228571429
2692655	0.542857143
2695115	0.514285714
2695387	0.028571429
2696243	0.514285714
2696391	0.542857143
2697764	0.157142857
2698097	0.257142857
2698322	0.100000000
2699404	0.500000000
2699501	0.228571429
2701292	0.228571429
2701585	0.500000000
2701957	0.542857143
2702902	0.542857143
2703865	0.542857143
2704591	0.085714286
2704663	0.542857143
2704812	0.542857143
2706489	0.014285714
2706882	0.542857143
2706949	0.128571429
2707015	0.528571429
2707057	0.542857143
2707558	0.542857143
2708388	0.542857143
2709815	0.228571429
2710882	0.542857143
2712116	0.457142857
2713799	0.457142857
2713929	0.542857143
2714336	0.542857143
2715462	0.028571429
2715564	0.114285714
2716243	0.085714286
2716387	0.514285714
2716614	0.228571429
2717392	0.114285714
2718109	0.200000000
2718123	0.228571429
2719417	0.542857143
2720358	0.100000000
2720617	0.500000000
2721298	0.228571429
2721607	0.300000000
2722088	0.542857143
2722189	0.271428571
2722198	0.542857143
2723221	0.485714286
2723319	0.542857143
2723983	0.357142857
2724018	0.114285714
2725387	0.114285714
2727231	0.514285714
2727815	0.542857143
2728237	0.542857143
2729524	0.228571429
2731945	0.542857143
2732025	0.028571429
2732418	0.542857143
2733494	0.114285714
2734559	0.300000000
2734677	0.542857143
2735767	0.528571429
2736063	0.542857143
2736107	0.457142857
2736738	0.385714286
2737082	0.542857143
2737191	0.542857143
2737336	0.542857143
2737490	0.028571429
2738452	0.157142857
2739860	0.228571429
2740754	0.114285714
2741386	0.542857143
2741820	0.157142857
2741913	0.542857143
2741961	0.185714286
2742404	0.514285714
2742405	0.542857143
2742531	0.528571429
2743699	0.542857143
2743997	0.542857143
2744666	0.157142857
2745085	0.100000000
2745243	0.214285714
2745750	0.542857143
2745969	0.514285714
2746404	0.542857143
2747496	0.142857143
2747645	0.514285714
2748275	0.514285714
2751949	0.114285714
2752189	0.542857143
2752216	0.457142857
2752931	0.471428571
2752958	0.542857143
2753704	0.128571429
2754183	0.128571429
2754594	0.257142857
2755581	0.542857143
2755853	0.214285714
2756584	0.542857143
2757448	0.514285714
2757857	0.542857143
2758929	0.228571429
2759474	0.257142857
2760246	0.114285714
2760442	0.271428571
2760643	0.228571429
2760646	0.542857143
2760837	0.542857143
2760977	0.071428571
2760986	0.228571429
2761717	0.157142857
2761735	0.542857143
2761887	0.371428571
2762517	0.385714286
2764003	0.514285714
2764862	0.542857143
2767662	0.285714286
2769396	0.514285714
2769509	0.114285714
2770702	0.285714286
2772248	0.528571429
2774081	0.114285714
2774539	0.200000000
2774963	0.542857143
2775228	0.542857143
2776804	0.457142857
2776817	0.542857143
2776957	0.114285714
2777695	0.142857143
2781380	0.542857143
2782003	0.057142857
2782732	0.542857143
2783046	0.214285714
2784461	0.542857143
2784990	0.071428571
2786892	0.228571429
2786957	0.385714286
2787307	0.071428571
2787373	0.114285714
2787468	0.542857143
2788030	0.542857143
2789520	0.500000000
2790548	0.100000000
2792140	0.528571429
2792506	0.257142857
2794745	0.228571429
2797457	0.057142857
2798628	0.042857143
2799089	0.542857143
2799231	0.514285714
2803092	0.028571429
2806792	0.528571429
2808067	0.171428571
2813707	0.228571429
2814764	0.042857143
2815302	0.542857143
2817660	0.014285714
2817715	0.542857143
2818502	0.542857143
2819034	0.542857143
2819305	0.171428571
2820249	0.042857143
2821747	0.514285714
2825548	0.214285714
2825677	0.514285714
2828262	0.457142857
2829022	0.542857143
2829471	0.257142857
2830907	0.428571429
2845238	0.057142857
2848216	0.542857143
2850839	0.542857143
2851930	0.542857143
2857770	0.171428571
2859576	0.242857143
2860708	0.542857143
2862022	0.542857143
2863282	0.514285714
2863600	0.542857143
2864593	0.257142857
2864857	0.400000000
2868529	0.228571429
2873004	0.271428571
2873227	0.542857143
2873455	0.542857143
2876825	0.171428571
2877162	0.542857143
2878964	0.228571429
2880813	0.414285714
2882577	0.228571429
2885431	0.171428571
2888511	0.300000000
2888685	0.542857143
2889100	0.457142857
2889987	0.542857143
2890242	0.028571429
2891472	0.542857143
2894143	0.542857143
2894852	0.457142857
2896522	0.385714286
2898199	0.542857143
2901501	0.428571429
2902450	0.114285714
2903527	0.200000000
2905255	0.114285714
2906829	0.400000000
2908635	0.542857143
2910064	0.514285714
2911541	0.228571429
2912021	0.542857143
2913155	0.285714286
2916870	0.514285714
2921147	0.471428571
2924315	0.542857143
2963149	0.028571429
2963298	0.071428571
2979878	0.542857143
2984170	0.014285714
2996639	0.157142857
3008168	0.542857143
3021842	0.314285714
3138489	0.085714286
3191309	0.542857143
