1
42
97
128
134
141
290
294
296
302
354
365
385
405
407
435
438
443
473
476
502
504
507
509
510
515
517
561
565
574
629
647
721
905
916
921
923
935
978
1076
1282
1337
1387
1393
1410
1449
1450
1494
1527
1547
1560
1566
1581
1594
1596
1723
1771
2237
2240
2250
2331
2452
2
33
367
682
698
700
703
705
726
738
744
781
787
828
832
879
891
1026
1032
1044
1053
1054
1074
1187
1213
1351
1372
1374
1389
1502
1517
1518
1584
1618
1770
1860
2044
4285
3
4
30
47
61
85
89
104
1227
1508
5
6
8
12
13
14
15
17
19
20
21
22
23
24
25
26
31
35
37
39
49
50
52
55
57
60
63
64
67
70
71
74
76
77
78
79
80
84
86
92
93
94
95
96
98
101
109
111
113
116
119
122
125
129
130
133
144
146
148
157
166
169
170
179
182
183
189
192
194
197
200
202
204
207
217
221
222
227
233
237
245
246
247
248
249
250
251
253
255
256
257
259
261
262
263
264
265
266
269
270
271
273
275
288
292
298
299
300
301
306
307
308
310
324
325
339
345
347
349
351
353
355
356
363
376
380
381
383
386
398
409
412
415
416
419
420
423
424
427
433
440
442
444
448
450
460
465
470
485
486
491
493
495
499
505
514
516
532
547
564
569
582
584
593
599
605
606
611
616
630
637
638
644
668
674
691
696
708
723
725
734
769
770
773
784
791
802
805
809
817
834
840
849
850
851
854
861
870
878
883
885
896
897
903
965
973
1003
1028
1114
1117
1122
1124
1125
1128
1159
1171
1174
1179
1192
1193
1217
1239
1244
1251
1255
1268
1288
1346
1367
1405
1425
1427
1468
1469
1472
1492
1497
1503
1504
1525
1526
1538
1549
1588
1590
1611
1682
1686
1693
1697
1716
1757
1790
1911
1912
2143
2171
2431
3388
7
44
112
9
43
628
10
11
795
1165
16
18
27
32
136
165
176
303
304
986
1055
1243
28
29
38
254
267
279
34
36
45
54
66
72
91
171
190
211
234
242
436
451
771
40
41
48
46
1008
1550
2203
51
117
572
581
2040
53
198
203
216
218
56
102
103
132
153
154
164
167
58
811
59
62
65
68
69
550
73
196
533
3385
75
106
115
184
208
1431
81
82
83
105
87
90
305
1370
1725
88
168
488
99
108
123
151
552
814
100
458
518
542
596
609
699
704
743
749
792
794
798
818
954
977
983
1084
1085
1190
1271
1343
1422
1751
107
110
114
120
137
140
149
150
156
158
160
161
178
201
278
309
359
566
575
665
697
1658
1669
1907
1942
2034
2060
2245
2304
2712
2954
3971
118
174
121
124
131
143
145
147
285
457
459
511
717
830
1002
1081
1111
1219
1247
1261
1275
1278
1537
126
437
3168
127
135
180
291
138
727
732
139
142
152
155
193
199
239
322
327
401
503
573
1108
1263
1462
3387
3606
3628
3723
3833
3854
3856
159
188
348
357
162
163
181
225
364
449
529
530
531
808
172
214
231
240
481
1456
1458
173
175
187
226
1289
177
186
185
205
215
191
195
206
289
506
618
209
235
1041
1042
1043
1045
1047
210
329
333
335
336
337
342
343
344
358
360
366
368
370
371
373
374
375
379
382
388
390
392
393
395
396
399
402
403
417
421
422
428
429
431
432
447
452
454
462
467
469
471
475
477
478
479
483
487
512
540
541
545
548
558
560
563
577
578
579
585
586
587
592
598
601
604
610
612
649
651
669
670
673
706
707
709
735
736
746
747
748
750
752
753
762
774
776
779
782
786
813
815
816
819
821
822
858
864
865
866
868
919
922
924
925
966
967
968
970
976
982
985
988
990
995
998
1030
1082
1095
1098
1100
1131
1138
1139
1145
1147
1148
1164
1178
1188
1197
1202
1206
1226
1237
1249
1280
1308
1328
1403
1414
1418
1420
1423
1424
1453
1796
1881
212
213
219
1694
220
223
224
272
228
229
243
230
280
311
312
313
314
315
316
317
318
319
320
1113
1167
232
274
1490
1568
236
238
241
252
244
258
260
268
277
284
297
338
361
369
411
413
453
463
480
489
496
497
500
554
559
602
620
622
632
652
657
800
869
898
936
943
950
980
981
1001
1155
1253
1691
1702
1898
1902
276
281
287
484
282
789
799
893
283
331
286
293
295
321
391
430
600
615
710
712
713
720
991
323
326
328
330
621
690
1711
332
334
2055
340
461
3383
341
346
350
583
1065
352
362
1391
1645
1671
1696
1752
372
544
1726
377
384
434
660
664
666
904
906
941
1027
1029
1301
1302
1303
1310
1311
1315
1317
1319
1325
1465
1523
1783
2099
2110
2127
2130
2217
2488
3038
3113
378
425
520
557
387
389
759
394
397
400
525
642
728
729
733
404
406
439
797
801
892
408
625
761
410
643
646
701
913
1106
1254
1286
1290
1306
1532
1557
2382
2384
2385
2408
2416
2460
3109
3123
3137
3144
3346
3420
3514
3593
3595
3623
3791
3829
414
534
812
857
957
1067
1118
1123
1995
2089
2241
2301
418
446
522
571
751
902
426
456
472
490
508
537
549
607
641
663
680
684
772
1088
1090
1091
1157
1230
1260
1267
441
445
455
464
972
1149
1152
1977
1978
1989
1994
1998
2003
2020
2033
2045
2047
2052
2059
2067
2288
2290
2387
2402
2405
2432
2680
2711
2735
2743
2744
2767
2830
2960
3059
466
468
498
538
539
543
546
551
555
556
562
567
576
580
597
614
617
624
971
975
996
997
999
1005
1010
1617
3740
474
482
656
492
494
521
852
856
1038
501
535
589
623
627
658
513
766
829
1071
1241
519
523
524
526
588
689
831
833
844
845
846
847
860
862
992
993
1056
1069
1093
1096
1109
1166
1181
1186
1194
1200
1266
1270
1272
1273
1344
1345
1354
1356
1398
1400
1505
1675
1789
1791
527
2206
528
667
1130
1132
1133
1135
536
553
989
568
907
570
590
591
595
634
1350
594
603
608
613
731
820
1143
1144
1359
1360
1434
619
631
626
672
675
676
677
686
695
739
742
760
1185
1195
1203
1204
1210
1214
1451
1773
1778
633
714
635
636
639
640
1284
2467
4310
645
758
775
793
1024
1062
1092
1127
1137
1140
1205
1252
648
683
650
688
1785
653
654
687
911
930
934
944
1018
1023
1299
1314
1316
1321
1460
1464
1467
1595
1762
1764
1812
1872
1917
2112
2113
2122
2156
2448
2454
2475
4072
655
671
715
722
1040
1049
2679
2733
2736
2741
659
661
662
785
1039
1050
1051
1207
1212
1307
1656
1707
1967
2316
2341
2975
678
679
681
685
1060
2670
2683
692
694
702
693
711
718
827
837
889
890
716
719
755
839
1101
724
1489
1498
1511
1513
730
737
740
741
873
884
745
756
754
757
763
838
895
910
914
933
940
1104
1322
1338
1593
3000
764
765
768
853
1330
1348
1377
1415
1440
1514
767
1436
1463
777
778
780
783
964
1336
788
803
2147
790
2057
796
804
806
836
882
994
1000
1066
1073
1078
1087
1209
1216
1238
1246
1264
1357
1365
1366
1439
1478
1530
1539
807
841
1339
810
823
824
835
1035
825
826
876
912
1068
1129
1136
842
855
874
875
843
848
859
1037
863
867
1097
1103
1169
1173
1419
1536
1543
1556
2085
871
881
888
1105
1180
1191
1433
872
877
880
900
901
908
2035
886
887
894
1121
1329
899
909
915
917
1858
2340
2362
918
920
927
1510
1520
1521
1522
1979
1988
926
928
931
929
932
1215
1220
1452
937
1153
2165
938
939
945
960
1006
1009
1012
1017
1025
1168
1182
1183
1223
1279
1438
1515
1535
1555
1769
2026
2105
2109
2131
2141
2190
942
947
959
961
963
969
974
3386
946
948
1112
1150
1170
1706
1741
1743
1745
1766
2161
949
956
1309
1312
1320
1383
1384
1426
1442
1443
1459
1474
2002
2091
4198
4199
951
952
953
958
1015
1016
1070
1072
1075
1077
1079
1080
1798
955
1021
1031
1061
962
1059
979
1086
1548
2133
984
987
1004
1036
1437
1445
1007
1022
1033
1394
1432
1011
1013
1014
1019
1020
1034
1404
1740
1930
1974
2009
1046
1048
1293
1052
1057
1221
1229
3090
1058
1063
1064
1099
1083
1089
1116
1120
1163
1172
1175
1326
1094
1240
2433
1102
2185
1107
1110
1115
1119
1126
2038
1134
1151
1281
1402
1141
1161
1177
1198
1199
1201
1142
1156
1184
1146
1154
1256
1485
1158
1160
1162
1176
1189
1196
1332
1684
1685
1705
1208
1211
1218
1222
1224
1225
1236
1283
2173
2174
2189
2194
1228
1235
1491
1551
1662
2149
2479
2481
1231
1232
1274
1276
1277
1313
1364
1379
1233
1234
1242
1546
1245
1248
1250
1257
1258
1265
1287
1291
1304
1323
1381
1399
1413
1488
1493
1496
1529
1561
1639
1695
1797
1811
1847
1874
1878
1897
1900
1919
1928
2111
2123
2148
2152
2476
2505
2710
2799
3030
3036
1259
1292
1335
1375
1406
1262
1672
1739
1748
1810
1834
1835
1269
1296
1298
1380
1285
2106
1294
1295
1297
1300
1305
1318
1324
1373
1376
1395
2649
1327
1408
1531
1659
2463
1331
1392
1466
1477
1509
1524
1333
1334
1340
1341
1349
1369
1388
1476
1570
1692
1724
2030
1342
1353
1355
1361
1390
1444
1448
1482
1483
1347
1409
1516
1528
1572
1352
1358
1553
1649
1652
1701
1899
1362
1363
2056
2543
1368
1569
1603
1604
1371
1396
1401
1411
1873
1875
2459
1378
1382
1385
1417
1421
1441
1758
1759
1822
2058
1386
1397
1407
2170
1412
1446
1486
1850
1868
1416
1632
1428
1429
1430
1435
1447
1454
1545
1558
1583
1753
1755
1756
1808
1817
1823
1827
1833
1913
1915
1918
2121
2172
2229
4287
1455
1499
1601
1612
1619
1622
1624
1627
1660
1668
1690
1699
1714
1722
1732
1763
1792
1826
1905
1962
1982
2001
2010
2065
2088
1457
1461
1470
1507
1471
1473
1589
1475
1500
1599
1600
1620
1479
1480
1487
1698
1710
1760
1780
1804
2258
2596
2646
2701
2706
2708
3063
3070
3077
3081
3082
3084
3126
3128
3130
3133
3139
1481
1533
1534
1567
1651
2140
2154
2234
2392
2495
2567
2631
2760
2762
1484
1501
1541
1565
1571
1573
1579
1598
1495
1512
1519
1544
1552
1582
1586
1606
1608
1613
1616
1631
1641
1506
1540
1587
1592
1542
1625
1666
1678
1554
1559
1591
1615
1635
1643
1676
1562
1580
1719
1857
1563
1564
1749
1782
1814
1861
1863
1574
1607
1679
1688
1575
1864
1865
1866
1867
1870
2399
1576
4184
1577
1578
1585
1605
1597
1602
1609
1626
1721
1738
1800
1882
1610
1623
1674
1991
1614
1621
1628
1709
1712
1734
1629
1904
2037
2039
1630
1634
1640
1647
1657
1663
1665
1667
1633
1661
1636
1637
1638
1893
1642
1644
1687
1765
1959
1646
1650
1673
1793
1648
1653
1813
2117
2132
2226
2238
2309
2313
2318
2455
2653
1654
2029
2093
1655
1664
1781
1670
1677
1683
1680
1681
1689
1700
1703
1737
1837
1871
1896
1901
1906
1704
1718
1733
1736
1708
1713
1735
1746
1767
1768
1805
1825
1992
2228
2232
2262
2266
1715
1717
1774
1775
1830
1720
1761
1727
1728
2017
2192
2282
2312
2446
1729
1794
1806
1816
1819
1821
1824
1828
1831
2016
2022
2090
2103
2146
2158
2447
2451
2500
1730
1859
1731
1742
1744
1747
1750
2015
2063
2064
2066
2343
2599
2939
3008
3604
1754
1772
1776
1777
1788
1779
1895
1932
1784
1787
1929
1786
1795
1803
1799
1801
1802
1807
1880
2077
1809
1815
1818
1820
1829
1876
1877
1883
1975
1980
1981
2012
2013
2108
2283
2328
1832
1838
1839
1842
1843
1844
1849
1851
1853
1869
1885
1890
1935
1993
2204
2208
2210
2249
2261
2285
2289
2338
2400
1836
1840
1841
1854
1855
1862
1845
1846
1852
1894
1910
1914
1921
1922
1999
1848
1856
1892
1879
1884
1889
1903
1923
1886
1887
1888
1891
1936
1908
1909
1916
2274
1920
1924
1925
1934
1949
2024
1926
1927
1931
1960
1987
2036
2211
2242
1933
1939
1964
1937
1938
1943
1944
1950
2277
1940
2070
1941
1946
1951
1972
2270
2271
3935
1945
1952
1953
1954
1955
1956
1957
1958
1947
1948
1968
1961
1965
1966
1971
1985
1963
1969
1973
1970
1986
2025
1976
1983
1984
1990
1996
1997
2014
2184
2215
2305
2369
2000
2297
2299
2004
2005
2007
2011
2006
2008
2046
2018
2023
2041
2042
2043
2062
2087
2019
2021
2027
2031
2032
2150
2168
2028
2164
2197
2048
2049
2050
2051
2053
2054
2061
2068
2169
2069
2071
2073
2072
2076
2084
2074
2075
2081
2116
2078
2080
2082
2083
2119
2449
2079
2086
2092
2094
2095
2097
2107
2138
2157
2096
2098
2100
2101
2102
2104
2135
2300
2114
2115
2118
2120
2126
2124
2125
2542
2128
2129
2134
2137
2136
2144
2139
2142
2145
2329
2347
2151
2153
2181
2257
2260
2155
2167
2180
2195
2198
2207
2255
2267
2159
2160
2162
2175
2205
2230
2239
2163
2325
2552
2560
2583
2585
2594
2648
2816
2818
2937
2166
2244
2621
2176
2177
2178
2179
2182
2442
2490
2493
2183
2458
2462
2474
2498
2668
2684
2186
2187
2200
2269
2188
2219
2222
2191
2193
2259
2320
2321
2354
2358
2397
2443
2783
2785
2796
2797
2196
2231
2235
2199
2209
2212
2251
2268
2275
2284
2286
2287
2298
2302
2303
2342
2357
2374
2477
2499
2530
2547
2569
4299
2201
2233
2480
2483
2202
2213
2216
2214
2218
2220
2221
2224
2254
2223
3902
3904
3910
2225
2227
2243
2246
2236
2247
2248
2278
2252
2310
2334
2337
2349
2377
2253
2256
2272
2273
2276
2279
2291
2293
2296
2335
2263
2264
2469
2470
2835
2842
3183
3251
3275
2265
2292
2280
2281
2314
2315
2317
2330
2344
2486
2873
2893
2936
3015
3056
3061
2294
2295
2356
2306
2351
2353
2359
2363
2378
2307
2311
2332
2333
2424
2308
2319
2323
2327
2339
2322
2336
2371
2383
2324
2326
2345
2428
2429
2434
2346
2350
2348
2381
3185
3186
2352
2380
2355
2401
2360
2361
2364
2365
2366
2367
2368
2370
2372
2376
2386
2388
2389
2373
2422
2423
2441
2375
2379
2390
3005
3021
3027
3347
3492
3742
2391
2394
2396
2419
2393
2395
4297
2398
2426
2430
2403
2420
2485
2487
2628
2404
2406
2407
2409
2411
2413
2410
2412
2414
2418
2415
2417
2544
2582
2586
2610
2652
2656
2669
2694
2705
2739
2421
2427
2437
2445
2492
2510
2425
2435
2612
2436
2440
2438
2439
2444
2472
2484
2450
2453
2457
2528
2456
2517
2461
2563
2613
2464
2468
2473
2516
2465
2466
2471
2515
2478
2482
2489
2491
2494
2501
2502
2503
2496
2514
2497
2506
2504
2507
2508
2509
2511
2518
2512
2513
2519
2572
2578
2623
2520
2521
2523
2525
2541
2522
2526
2625
2524
2828
2910
2951
2527
2529
2533
2535
2536
2540
2546
2549
2531
2534
2537
2539
2556
2568
2532
2548
2538
2545
2550
2557
2576
2611
2629
2551
2570
2573
2577
2584
2553
2554
2571
2579
2580
2555
2574
2575
2581
2801
2812
2558
2562
2559
2564
2566
2598
2600
2604
2561
2795
2813
2565
2592
2654
2587
2608
2789
2588
2591
2589
2590
2593
2595
2603
2635
2597
2601
2606
2602
2609
2618
2619
2620
2605
2607
2614
2616
2624
2626
2636
2642
2685
2615
2617
2622
3888
2627
2630
2632
2634
2645
2647
3295
2633
2637
2661
2664
2671
2673
2677
2697
2815
2638
2640
2639
2641
2644
2643
2663
2909
2650
2659
2651
2660
2666
2672
2675
2814
2952
2655
2667
2734
2657
2690
2703
2658
2662
2665
2754
2674
2678
2676
2681
2682
2686
2687
2688
2689
2692
2695
2696
2698
2702
2704
2707
2709
2714
2715
2717
2718
2721
2809
2691
2700
2749
2787
2798
2800
2693
2699
2750
2751
2774
2790
2713
2716
2719
2720
2722
2761
2773
2777
2778
2723
2724
2725
2726
2728
2731
2769
2770
2727
2732
2737
2756
2811
2729
2730
2810
2837
2838
2738
2780
2788
2805
2740
2742
2757
2758
2807
2821
2833
2745
2747
2748
2752
2753
2768
2772
2806
2746
2808
2755
2759
2763
2794
2764
2771
2784
2870
2765
2766
2775
2776
2779
2781
2782
2786
2793
2861
2867
2875
2968
3029
3131
3134
3135
3145
3174
2791
2792
2802
2803
2804
2817
2820
2819
2822
2823
2824
2859
2825
2826
2827
2829
2831
2836
2849
2850
2852
2857
2865
2991
2992
2996
2998
3010
3264
3287
3297
3298
3299
3302
3392
2832
2834
2851
2839
2895
2840
2843
2844
2863
2883
2841
2845
2846
2855
2858
2877
2879
2880
2888
2890
2905
2912
2929
2931
2935
2945
2956
2959
2969
3306
3401
3406
3438
3446
3447
3448
3449
3450
3451
3452
3458
3460
3461
3471
3484
2847
2848
2886
2971
2984
2853
2854
2862
2856
2884
2885
2938
2953
2958
2860
2864
2878
2882
2891
2892
2922
2866
2907
2868
2869
2871
2872
2908
2923
2964
2874
2876
2906
2911
2925
2927
2928
2934
2946
2947
2957
2881
2887
2889
2898
2899
2894
2903
2896
2897
2900
2902
2901
2917
3205
3206
3216
3313
3354
2904
2913
2914
2915
2916
2918
2924
2926
2943
2948
3034
2919
2920
2932
2933
2955
2961
3292
2921
3655
2930
2940
3149
2941
2942
3009
2944
2949
2950
2962
2963
2965
2966
2967
2970
2972
2980
2982
2973
2974
2976
2977
2979
2981
2997
3014
3018
3093
2978
3092
3094
3116
2983
2985
2987
2988
2990
2999
3012
3013
3025
2986
2989
2993
2994
3002
3007
2995
3003
3022
3153
3182
3190
3198
3001
3004
3006
3011
3020
3023
3016
3167
3173
3381
3017
3028
3033
3035
3064
3065
3068
3089
3125
3019
3024
3032
3095
3140
3143
3201
3259
3310
3026
3031
3037
3039
3043
3046
3055
3146
3147
3156
3157
3262
3270
3040
3044
3047
3188
3194
3260
3041
3049
3060
3042
3045
3048
3261
3050
3052
3053
3051
3184
3054
3103
3112
3114
3132
3175
3057
3085
3099
3119
3122
3150
3177
3058
3074
3075
3087
3180
3181
3187
3189
3214
3062
3066
3067
3073
3086
3091
3069
3071
3076
3072
3079
3127
3078
3141
3163
3193
3195
3080
3083
3088
3972
3991
3992
4027
4104
3096
3098
3097
3129
3136
3148
3154
3290
3100
3102
3105
3107
3110
3117
3101
3108
3305
3104
3106
3118
3124
3111
3152
3176
3229
3115
3120
3121
3166
3138
3142
3151
3162
3263
3324
3155
3158
3160
3283
3289
4157
3159
3161
3170
3172
3402
3164
3169
3171
3165
3178
3191
3269
3273
4213
3179
3230
3265
3268
3271
3192
3207
3196
3200
3226
3197
3208
3215
3217
3218
3436
3443
4112
4212
3199
3202
3203
3210
3257
3258
3266
3204
3246
3248
3272
3311
3344
3353
3361
3364
3209
3213
3219
3222
3240
3211
3225
3231
3234
3235
3236
3237
3238
3239
3212
3232
3233
3220
3221
3223
3243
3244
3245
3250
3252
3253
3254
3276
3277
3423
3453
3224
3227
3228
3241
3242
3247
3249
3255
3256
3267
3285
3291
3300
3301
3303
3340
3341
3345
3441
3274
3368
3370
3373
3393
3394
3489
3278
3369
3371
3378
3279
3280
3282
3296
3281
4114
3284
3286
3293
3294
3288
3304
3307
3309
3312
3315
3316
3317
3318
3326
3327
3333
3334
3337
3338
3342
3349
3350
3352
3356
3363
3372
3308
3314
3343
3357
4111
3319
3325
3359
3320
3321
3322
3329
3323
3358
4110
3328
3330
3331
3332
3335
3339
3336
3607
3627
3631
3348
3390
3424
3351
3464
3465
3466
3467
3501
3355
3360
3365
3362
3379
3366
3397
3367
3377
3398
3412
3425
3433
3721
3887
3919
4187
4207
3374
3419
3462
3463
3497
3505
3375
3439
3506
3541
3556
3615
3376
3380
3422
3504
3524
3382
3384
3396
3403
3404
3410
3426
3428
3431
3442
3444
3389
3391
3395
3437
3494
3496
3399
3400
3405
3407
3408
3409
3811
3821
3411
3445
3491
3493
3511
3512
3413
3414
3415
3416
3417
3418
3421
3427
3429
3430
3440
3432
3475
3480
3481
3483
3434
3513
3527
3529
4109
3435
3454
3473
3528
3455
3457
3474
3456
3459
3468
3469
3470
3472
3482
3486
3487
3490
3500
3502
3508
3523
3584
3476
3477
3478
3479
3485
3488
3495
3498
3503
3526
3534
3756
3499
3530
3600
3601
3507
3509
3510
3516
3517
3518
3547
3515
3522
3531
3554
4108
4130
3519
3520
3521
3525
3532
3538
3539
3540
3545
3548
3635
3639
3640
3641
3533
3535
3610
3621
3651
3536
3537
3852
3853
3542
3558
3559
3561
3572
3574
3575
3543
3544
3555
3560
3565
3566
3616
3618
3619
3620
3546
3549
3552
3557
3562
3563
3564
3567
3569
3576
3577
3578
3579
3580
3581
3550
3583
3586
3587
3591
3592
3632
3551
3553
3568
3570
3571
3573
3588
3589
3603
3605
3626
3857
3582
3594
3585
3590
3596
3597
3598
3630
3633
3634
3599
3602
3625
3629
3645
3647
3650
3653
3659
3660
3726
3731
3732
4066
4094
4298
3608
3609
3611
3612
3613
3614
3617
3622
3624
3636
3637
3644
3780
3638
3642
3652
3643
3646
3654
3656
3666
3689
3701
3707
3715
3648
3649
3657
3658
3672
3682
3690
3693
3661
3676
3662
3663
3700
3708
3664
3665
3675
3735
3744
3667
3671
3695
3800
4032
4035
3668
3692
3716
3669
3670
3673
3674
3679
3680
3681
3683
3687
3691
3677
3678
3688
3696
3745
3746
3754
3757
3793
3820
3684
3685
3686
3790
3694
3706
3729
3697
3705
3720
3698
3699
3718
3722
3779
3781
3782
3702
3711
3703
3704
3709
3710
3712
3713
3725
3733
3734
3736
3737
3741
3743
3767
3768
3769
3775
3776
3789
3714
3724
3728
3801
3802
3814
3846
3855
3866
3894
3924
3957
4150
4195
4197
4202
3717
3719
3727
3771
3938
4099
4219
3730
3738
3739
3783
3747
3749
3751
3765
3766
3778
3748
3864
3936
3750
3752
3753
3758
3760
3795
3798
3819
3824
3851
3755
3759
3761
3762
3763
3764
3770
3773
3774
3777
3828
3772
3784
3794
3813
3785
3786
3805
3787
3788
3839
3792
3799
3944
3796
3810
3812
3817
3818
3826
3840
4165
4189
3797
3804
3803
3807
3867
3806
3815
3914
3808
3809
3816
3822
3823
3834
3843
3873
3913
3946
4047
4048
4052
4054
4058
4065
4134
4136
4145
3825
3827
3842
3844
3847
3865
3868
3882
3884
3885
3889
3891
3893
3895
3901
3945
3950
3955
3968
3980
4001
3830
3831
3832
3835
3850
3861
3874
3916
3918
3836
3837
3870
3876
3881
3909
3911
3940
3949
4028
4038
4107
4119
4273
4283
3838
3883
3912
3920
3942
3943
3996
3997
4046
4103
4124
4180
4192
4193
4196
4204
3841
3845
3890
3892
3931
3941
3982
4023
3848
3849
3858
3860
3859
3862
3871
3872
3875
3886
3863
3961
3970
4140
4149
3869
3877
3934
3878
3879
3898
3978
4026
3880
3896
3897
3900
3903
3899
3905
3928
3906
3917
3907
3908
3915
3998
4020
4083
3921
3927
3929
3930
3922
3939
3923
3932
3986
3925
3926
4009
4014
4069
4098
4116
3933
3937
3947
3952
3953
3981
3983
3990
4021
3948
3956
3958
3951
3973
4030
3954
3960
3962
3984
4024
4061
4063
4097
3959
3987
3993
4022
3963
3966
3969
3976
3977
3979
4025
4102
3964
3965
3967
3994
4011
4012
3974
3975
4005
4007
4016
3985
4004
4017
4040
4076
4078
4080
4081
4095
4101
4132
4188
4274
4277
4280
4282
3988
4002
4003
4018
4029
4031
4036
4039
4042
4044
4057
4067
4105
4115
4118
4120
4125
4128
4169
4183
4186
4229
4246
4284
3989
4010
4013
3995
4000
4019
4093
4100
3999
4006
4008
4015
4033
4034
4106
4037
4041
4043
4045
4049
4050
4051
4053
4055
4056
4071
4059
4060
4062
4064
4088
4090
4068
4070
4075
4079
4084
4089
4073
4077
4082
4085
4086
4087
4092
4096
4135
4141
4239
4250
4253
4256
4271
4279
4074
4231
4237
4091
4113
4117
4121
4122
4211
4291
4294
4123
4159
4224
4226
4230
4233
4236
4295
4296
4126
4276
4278
4289
4127
4129
4131
4133
4143
4137
4138
4139
4155
4158
4164
4142
4144
4146
4147
4148
4161
4166
4167
4173
4185
4151
4152
4176
4177
4153
4154
4156
4160
4162
4163
4168
4175
4170
4171
4172
4209
4174
4178
4179
4181
4182
4191
4201
4205
4206
4208
4210
4190
4194
4200
4203
4217
4220
4222
4227
4251
4252
4257
4259
4261
4267
4268
4272
4300
4214
4215
4216
4221
4223
4232
4247
4258
4260
4262
4264
4265
4306
4308
4309
4311
4312
4218
4225
4249
4269
4270
4228
4234
4235
4266
4281
4288
4292
4238
4240
4241
4242
4243
4244
4290
4245
4248
4254
4255
4263
4275
4286
4293
4301
4302
4303
4304
4305
4307
