3	0.010869565
4	0.010869565
2903	0.641304347
3637	0.184782608
3970	0.641304347
4499	0.641304347
5264	0.641304347
5265	0.010869565
5570	0.021739130
6048	0.010869565
6190	0.641304347
6732	0.641304347
7153	0.010869565
7394	0.641304347
7646	0.228260869
7675	0.630434782
7829	0.010869565
8381	0.173913043
8573	0.173913043
11285	0.086956521
12643	0.641304347
13533	0.010869565
14687	0.021739130
15227	0.010869565
16987	0.641304347
17664	0.173913043
18506	0.641304347
18642	0.010869565
20571	0.010869565
20687	0.021739130
20990	0.293478260
21283	0.641304347
22849	0.021739130
23889	0.141304347
26066	0.010869565
30473	0.641304347
30959	0.021739130
31063	0.500000000
31612	0.641304347
33995	0.173913043
36010	0.065217391
36017	0.021739130
38596	0.086956521
38812	0.641304347
39680	0.326086956
39955	0.021739130
40260	0.010869565
40303	0.641304347
40439	0.021739130
44033	0.554347826
44144	0.021739130
44479	0.010869565
45381	0.641304347
45415	0.010869565
45975	0.021739130
46277	0.010869565
48340	0.641304347
50249	0.641304347
50258	0.293478260
50682	0.293478260
52980	0.032608695
53451	0.021739130
53669	0.641304347
54564	0.010869565
55792	0.021739130
55866	0.010869565
56038	0.293478260
56801	0.641304347
57347	0.641304347
58521	0.641304347
60747	0.641304347
62528	0.641304347
63979	0.293478260
64633	0.010869565
64757	0.217391304
67798	0.021739130
68875	0.032608695
69405	0.021739130
72425	0.641304347
75950	0.010869565
79557	0.108695652
83742	0.010869565
87448	0.641304347
87937	0.391304347
89395	0.641304347
89452	0.641304347
93520	0.641304347
95443	0.293478260
95925	0.445652173
99379	0.010869565
101635	0.641304347
101775	0.641304347
103697	0.478260869
104238	0.641304347
107328	0.641304347
108893	0.010869565
110285	0.402173913
110618	0.641304347
113899	0.086956521
115471	0.347826086
120044	0.641304347
121043	0.641304347
122138	0.021739130
122458	0.021739130
123252	0.021739130
128091	0.021739130
129362	0.641304347
129568	0.021739130
129668	0.086956521
130150	0.641304347
131751	0.130434782
134082	0.010869565
135733	0.391304347
139100	0.010869565
144384	0.021739130
150908	0.021739130
152221	0.641304347
153226	0.130434782
156246	0.010869565
157241	0.021739130
157561	0.293478260
160846	0.076086956
162508	0.021739130
164864	0.021739130
165449	0.293478260
168527	0.173913043
168985	0.076086956
170417	0.021739130
170601	0.293478260
180208	0.641304347
188212	0.391304347
191041	0.010869565
194638	0.641304347
194732	0.641304347
202750	0.641304347
206873	0.293478260
209051	0.032608695
209192	0.086956521
213454	0.021739130
216708	0.641304347
219756	0.641304347
221385	0.641304347
222446	0.641304347
226432	0.021739130
226446	0.641304347
226595	0.021739130
228740	0.043478260
230893	0.228260869
232502	0.641304347
233126	0.641304347
234495	0.130434782
235546	0.032608695
241605	0.641304347
242447	0.021739130
243154	0.010869565
245850	0.065217391
247686	0.010869565
249315	0.641304347
249987	0.521739130
251123	0.010869565
251338	0.641304347
251590	0.021739130
252843	0.032608695
253451	0.010869565
254150	0.173913043
255766	0.010869565
255938	0.641304347
256355	0.641304347
256945	0.641304347
257111	0.032608695
257142	0.043478260
257868	0.021739130
257981	0.054347826
259903	0.641304347
260803	0.641304347
261095	0.195652173
261438	0.641304347
261534	0.010869565
262131	0.010869565
264319	0.021739130
265247	0.010869565
265307	0.619565217
267175	0.641304347
268427	0.086956521
270922	0.032608695
271980	0.010869565
273969	0.021739130
275196	0.641304347
277831	0.010869565
278108	0.032608695
278704	0.641304347
278789	0.010869565
284478	0.032608695
285859	0.054347826
286401	0.032608695
287872	0.608695652
288036	0.021739130
288164	0.010869565
288225	0.021739130
288886	0.641304347
290460	0.086956521
290625	0.282608695
293000	0.173913043
293075	0.021739130
293595	0.641304347
294190	0.641304347
297894	0.010869565
297938	0.641304347
298763	0.630434782
300177	0.010869565
303388	0.021739130
305707	0.010869565
307237	0.021739130
308236	0.173913043
308248	0.054347826
310505	0.010869565
311150	0.021739130
312481	0.021739130
315035	0.641304347
315454	0.402173913
316382	0.043478260
318115	0.065217391
318174	0.010869565
320994	0.021739130
321449	0.054347826
322821	0.467391304
322946	0.043478260
324492	0.271739130
325002	0.641304347
328014	0.010869565
328449	0.076086956
328985	0.021739130
329555	0.641304347
333298	0.532608695
334672	0.032608695
335074	0.641304347
339420	0.021739130
340399	0.108695652
340829	0.010869565
342148	0.141304347
345051	0.043478260
346286	0.054347826
347024	0.010869565
347947	0.163043478
348016	0.010869565
348236	0.043478260
350513	0.010869565
353417	0.445652173
353840	0.086956521
354465	0.554347826
354628	0.010869565
354937	0.032608695
360922	0.010869565
362924	0.021739130
363304	0.641304347
364537	0.021739130
365484	0.032608695
366392	0.021739130
367428	0.010869565
369469	0.641304347
369714	0.369565217
369922	0.173913043
370786	0.641304347
371168	0.641304347
373287	0.130434782
380039	0.021739130
380724	0.010869565
381087	0.043478260
383139	0.021739130
384898	0.010869565
387350	0.336956521
387619	0.163043478
388828	0.641304347
390525	0.010869565
392422	0.641304347
392915	0.641304347
393740	0.641304347
394246	0.086956521
394320	0.010869565
394701	0.500000000
395042	0.641304347
396283	0.086956521
396709	0.065217391
397749	0.641304347
398118	0.630434782
398301	0.065217391
398949	0.641304347
399807	0.010869565
400909	0.021739130
401635	0.500000000
403203	0.021739130
403834	0.010869565
404056	0.010869565
407465	0.010869565
407811	0.641304347
410585	0.021739130
412198	0.021739130
413674	0.086956521
413743	0.641304347
414784	0.010869565
415289	0.086956521
415839	0.293478260
416524	0.010869565
416752	0.021739130
416992	0.021739130
420826	0.641304347
420927	0.391304347
422855	0.065217391
424531	0.032608695
425603	0.054347826
426002	0.108695652
428558	0.010869565
429084	0.641304347
434138	0.032608695
435202	0.173913043
435387	0.641304347
437141	0.641304347
437187	0.163043478
437512	0.021739130
438499	0.608695652
438746	0.010869565
439132	0.086956521
439670	0.195652173
440432	0.641304347
441222	0.021739130
444404	0.086956521
444690	0.010869565
444839	0.010869565
445466	0.021739130
447017	0.021739130
447190	0.032608695
448597	0.086956521
449299	0.010869565
450088	0.641304347
450311	0.152173913
453452	0.043478260
453838	0.086956521
453935	0.010869565
454104	0.021739130
454931	0.021739130
455851	0.086956521
457591	0.641304347
459511	0.641304347
462163	0.054347826
462193	0.010869565
462337	0.315217391
462436	0.010869565
463730	0.021739130
464584	0.021739130
464627	0.641304347
465134	0.641304347
465645	0.641304347
465972	0.010869565
466072	0.293478260
466392	0.010869565
467516	0.021739130
468058	0.293478260
468410	0.630434782
468439	0.010869565
468999	0.043478260
469698	0.086956521
472968	0.021739130
474063	0.021739130
474797	0.434782608
474861	0.021739130
476123	0.021739130
476256	0.010869565
477287	0.119565217
477350	0.010869565
479698	0.510869565
479804	0.380434782
480216	0.108695652
480366	0.076086956
481035	0.641304347
481652	0.054347826
483516	0.032608695
483872	0.293478260
485613	0.173913043
486999	0.021739130
487248	0.630434782
488951	0.043478260
489000	0.173913043
489598	0.021739130
492530	0.021739130
492813	0.021739130
493103	0.010869565
493211	0.032608695
493621	0.184782608
494483	0.641304347
495576	0.076086956
496775	0.206521739
496997	0.021739130
497352	0.021739130
503586	0.010869565
505063	0.021739130
505703	0.021739130
506140	0.641304347
507315	0.391304347
507534	0.641304347
507646	0.391304347
507671	0.065217391
508848	0.021739130
509754	0.467391304
509907	0.010869565
510138	0.641304347
510154	0.021739130
512427	0.641304347
512763	0.021739130
513025	0.032608695
513529	0.032608695
516298	0.043478260
517871	0.641304347
519417	0.641304347
520326	0.195652173
521654	0.641304347
522113	0.021739130
522421	0.500000000
524759	0.293478260
525341	0.619565217
526979	0.108695652
527522	0.641304347
527817	0.086956521
528287	0.021739130
528435	0.641304347
531221	0.641304347
531917	0.554347826
533004	0.641304347
533675	0.010869565
534067	0.021739130
534250	0.021739130
534515	0.010869565
534519	0.641304347
536974	0.021739130
538411	0.641304347
540507	0.021739130
546866	0.641304347
547056	0.010869565
549246	0.369565217
549532	0.054347826
549741	0.032608695
550283	0.010869565
550851	0.554347826
553446	0.076086956
554391	0.065217391
556568	0.217391304
558370	0.021739130
558793	0.010869565
558932	0.043478260
559829	0.054347826
561492	0.641304347
562124	0.641304347
564060	0.119565217
565089	0.173913043
568964	0.065217391
570375	0.010869565
571911	0.021739130
572027	0.434782608
573001	0.641304347
574809	0.347826086
576515	0.641304347
577346	0.641304347
577976	0.097826086
578459	0.086956521
580709	0.163043478
582508	0.010869565
582620	0.173913043
582766	0.510869565
584287	0.184782608
586809	0.641304347
587205	0.021739130
587397	0.119565217
588608	0.641304347
589059	0.641304347
589800	0.043478260
590469	0.010869565
590994	0.152173913
592174	0.032608695
592500	0.641304347
593391	0.054347826
593580	0.043478260
594001	0.086956521
594390	0.641304347
594726	0.010869565
594892	0.097826086
594941	0.010869565
596933	0.032608695
597693	0.010869565
598399	0.086956521
599248	0.391304347
601262	0.032608695
601327	0.641304347
601793	0.021739130
601990	0.086956521
602027	0.032608695
602891	0.086956521
603325	0.554347826
603406	0.010869565
604007	0.032608695
604226	0.021739130
604382	0.423913043
604844	0.097826086
605443	0.021739130
606550	0.086956521
606644	0.391304347
606973	0.445652173
607624	0.086956521
608681	0.641304347
609488	0.021739130
610181	0.641304347
611418	0.076086956
611529	0.010869565
611940	0.065217391
612046	0.043478260
614846	0.641304347
615836	0.108695652
616082	0.032608695
616118	0.032608695
616367	0.021739130
617004	0.010869565
618675	0.086956521
619281	0.163043478
621148	0.641304347
622360	0.021739130
622450	0.021739130
623799	0.641304347
625351	0.336956521
625519	0.021739130
627004	0.032608695
628277	0.010869565
628708	0.021739130
629662	0.021739130
630016	0.641304347
630483	0.108695652
631124	0.641304347
634701	0.402173913
634815	0.641304347
634959	0.032608695
634961	0.097826086
635115	0.641304347
635413	0.010869565
636580	0.065217391
637318	0.010869565
638532	0.021739130
639011	0.641304347
639414	0.641304347
640769	0.010869565
640770	0.076086956
643824	0.043478260
644735	0.086956521
646790	0.010869565
647554	0.206521739
647730	0.021739130
649748	0.076086956
655034	0.086956521
656185	0.641304347
658649	0.021739130
659598	0.010869565
661393	0.108695652
665051	0.641304347
666082	0.032608695
666608	0.097826086
666663	0.032608695
666844	0.021739130
667292	0.086956521
667531	0.641304347
668631	0.010869565
670745	0.032608695
671381	0.641304347
672043	0.010869565
672223	0.108695652
672602	0.021739130
672696	0.021739130
673882	0.021739130
674615	0.641304347
674925	0.010869565
678927	0.293478260
679943	0.043478260
680532	0.021739130
681189	0.173913043
682091	0.032608695
682443	0.641304347
682937	0.032608695
683630	0.021739130
684142	0.641304347
685004	0.054347826
685115	0.510869565
685440	0.489130434
686130	0.010869565
686901	0.076086956
687279	0.010869565
687608	0.010869565
692360	0.173913043
692705	0.010869565
693945	0.641304347
696033	0.010869565
699997	0.043478260
702248	0.641304347
703142	0.086956521
703561	0.641304347
703722	0.021739130
705045	0.054347826
707919	0.641304347
708177	0.076086956
709780	0.054347826
710766	0.076086956
712752	0.097826086
715452	0.032608695
716111	0.010869565
719183	0.173913043
720674	0.021739130
721740	0.010869565
722579	0.021739130
722874	0.043478260
723496	0.032608695
723513	0.010869565
725826	0.641304347
727542	0.293478260
731302	0.641304347
732376	0.086956521
733486	0.097826086
733939	0.021739130
735819	0.510869565
737570	0.043478260
738393	0.554347826
741969	0.010869565
743217	0.641304347
743775	0.619565217
743857	0.641304347
743890	0.043478260
744722	0.336956521
746637	0.021739130
746820	0.021739130
747353	0.021739130
747886	0.010869565
748099	0.054347826
748463	0.086956521
748851	0.086956521
749270	0.641304347
749361	0.173913043
749588	0.021739130
750815	0.641304347
751417	0.641304347
751705	0.032608695
752529	0.010869565
753328	0.010869565
753944	0.271739130
754002	0.010869565
754370	0.010869565
755799	0.010869565
756904	0.086956521
758244	0.293478260
759319	0.119565217
760151	0.065217391
760523	0.010869565
761061	0.021739130
762476	0.086956521
764896	0.010869565
766042	0.021739130
766183	0.532608695
768125	0.010869565
768418	0.010869565
770837	0.032608695
771142	0.021739130
771318	0.576086956
771642	0.021739130
772752	0.641304347
775070	0.010869565
775200	0.010869565
775661	0.010869565
775803	0.554347826
776511	0.010869565
776679	0.010869565
777374	0.641304347
778525	0.641304347
778670	0.021739130
780117	0.641304347
781023	0.641304347
784688	0.641304347
784989	0.043478260
785012	0.021739130
785410	0.021739130
786537	0.086956521
786765	0.445652173
788134	0.641304347
788232	0.032608695
789698	0.010869565
789708	0.021739130
790461	0.021739130
790955	0.554347826
791178	0.021739130
791480	0.641304347
792296	0.054347826
793247	0.239130434
793474	0.021739130
794722	0.260869565
795252	0.032608695
798101	0.641304347
798835	0.032608695
799123	0.641304347
799640	0.010869565
800409	0.173913043
800945	0.641304347
802203	0.173913043
804479	0.032608695
805381	0.641304347
805956	0.010869565
806805	0.086956521
806833	0.021739130
807682	0.195652173
808112	0.032608695
808272	0.641304347
808554	0.641304347
810643	0.021739130
811801	0.641304347
812033	0.086956521
813589	0.554347826
814284	0.641304347
815312	0.021739130
817173	0.032608695
818083	0.010869565
818100	0.010869565
818912	0.010869565
821529	0.010869565
822191	0.206521739
823009	0.086956521
824885	0.413043478
825390	0.010869565
825690	0.097826086
826750	0.086956521
828239	0.010869565
828374	0.097826086
828885	0.032608695
829026	0.010869565
829734	0.021739130
832134	0.021739130
832870	0.467391304
835377	0.641304347
837388	0.619565217
837597	0.010869565
837612	0.619565217
837747	0.641304347
838716	0.010869565
838744	0.304347826
840094	0.206521739
840319	0.086956521
840765	0.021739130
842889	0.086956521
843790	0.641304347
844303	0.021739130
845623	0.413043478
845817	0.043478260
847521	0.010869565
847555	0.097826086
849895	0.184782608
850029	0.010869565
850914	0.010869565
854954	0.032608695
855143	0.032608695
855177	0.641304347
856127	0.010869565
857718	0.521739130
857730	0.076086956
858097	0.641304347
859738	0.163043478
861040	0.010869565
863162	0.021739130
863267	0.641304347
864968	0.032608695
865827	0.086956521
866721	0.641304347
866873	0.021739130
867634	0.021739130
867897	0.119565217
867973	0.086956521
869030	0.010869565
869158	0.641304347
869200	0.554347826
869837	0.173913043
870410	0.010869565
870718	0.086956521
870870	0.173913043
871805	0.032608695
872831	0.010869565
873330	0.021739130
873446	0.086956521
873548	0.021739130
873683	0.521739130
876602	0.021739130
878478	0.641304347
879707	0.391304347
880268	0.086956521
880643	0.293478260
880651	0.010869565
880818	0.641304347
884178	0.021739130
886122	0.641304347
886622	0.010869565
886712	0.086956521
887030	0.032608695
887767	0.293478260
887930	0.641304347
892174	0.021739130
892298	0.641304347
896129	0.173913043
898947	0.021739130
899417	0.130434782
900963	0.010869565
901318	0.173913043
901510	0.641304347
901835	0.086956521
903783	0.010869565
905531	0.010869565
906260	0.641304347
906758	0.021739130
907047	0.010869565
907857	0.391304347
908726	0.445652173
909707	0.010869565
910600	0.010869565
911582	0.032608695
913105	0.054347826
913381	0.076086956
913890	0.054347826
914078	0.086956521
914875	0.173913043
915666	0.010869565
916246	0.641304347
917216	0.641304347
918567	0.641304347
919585	0.010869565
920605	0.641304347
921095	0.032608695
921197	0.010869565
921231	0.217391304
922464	0.489130434
923977	0.010869565
925348	0.021739130
926637	0.163043478
927482	0.021739130
928095	0.641304347
929948	0.021739130
931209	0.010869565
932357	0.010869565
932808	0.282608695
932997	0.021739130
935800	0.097826086
936060	0.163043478
936472	0.021739130
936874	0.641304347
938658	0.021739130
938696	0.010869565
938966	0.086956521
940114	0.043478260
940741	0.641304347
942608	0.032608695
942749	0.010869565
943283	0.010869565
944156	0.010869565
945239	0.010869565
945249	0.641304347
945825	0.565217391
950217	0.641304347
950365	0.641304347
952420	0.641304347
953238	0.641304347
954059	0.086956521
954548	0.108695652
954646	0.010869565
954944	0.010869565
955620	0.108695652
955659	0.641304347
957983	0.010869565
958117	0.641304347
958919	0.032608695
960207	0.010869565
960594	0.173913043
960988	0.010869565
961642	0.021739130
962833	0.641304347
964146	0.032608695
967162	0.021739130
968399	0.032608695
971096	0.032608695
971973	0.326086956
973451	0.641304347
974562	0.010869565
975494	0.021739130
975592	0.489130434
976256	0.163043478
976314	0.173913043
977005	0.554347826
977665	0.010869565
978870	0.021739130
979176	0.641304347
979979	0.206521739
980234	0.021739130
980377	0.641304347
980500	0.021739130
984325	0.391304347
984750	0.010869565
984791	0.641304347
987246	0.043478260
987311	0.032608695
987881	0.641304347
987994	0.054347826
988559	0.021739130
988840	0.021739130
989140	0.021739130
989610	0.021739130
990057	0.010869565
990217	0.445652173
990262	0.010869565
990376	0.054347826
990495	0.173913043
992593	0.641304347
992856	0.076086956
992991	0.021739130
994441	0.554347826
995410	0.641304347
995675	0.032608695
996087	0.641304347
996278	0.010869565
996800	0.010869565
996900	0.054347826
997565	0.086956521
997610	0.217391304
998461	0.076086956
998937	0.054347826
998953	0.641304347
999423	0.173913043
999915	0.021739130
1000697	0.021739130
1000855	0.032608695
1001047	0.184782608
1002880	0.032608695
1003697	0.195652173
1003986	0.021739130
1004418	0.630434782
1005044	0.108695652
1005693	0.021739130
1005787	0.010869565
1009357	0.130434782
1010521	0.641304347
1011103	0.195652173
1011202	0.641304347
1011419	0.086956521
1011463	0.597826086
1012274	0.173913043
1012326	0.641304347
1013777	0.076086956
1013847	0.630434782
1014037	0.641304347
1014970	0.054347826
1016240	0.010869565
1017778	0.032608695
1018613	0.086956521
1019248	0.228260869
1019461	0.043478260
1019867	0.086956521
1020026	0.032608695
1022289	0.032608695
1023020	0.336956521
1023118	0.086956521
1023666	0.641304347
1024428	0.239130434
1024448	0.021739130
1025615	0.032608695
1026495	0.032608695
1026832	0.021739130
1027334	0.032608695
1027857	0.086956521
1028592	0.010869565
1028623	0.021739130
1029128	0.315217391
1031064	0.010869565
1031160	0.173913043
1032728	0.282608695
1033170	0.010869565
1034240	0.228260869
1036273	0.641304347
1036362	0.086956521
1038798	0.021739130
1040081	0.010869565
1040685	0.032608695
1041161	0.021739130
1041213	0.608695652
1046050	0.032608695
1046489	0.641304347
1046549	0.086956521
1046890	0.010869565
1048174	0.119565217
1048810	0.641304347
1048970	0.641304347
1049865	0.641304347
1050554	0.010869565
1050887	0.141304347
1051255	0.010869565
1052049	0.641304347
1052986	0.086956521
1053184	0.054347826
1053629	0.021739130
1054120	0.641304347
1054249	0.032608695
1054392	0.641304347
1056300	0.021739130
1056658	0.043478260
1058136	0.021739130
1058536	0.130434782
1058725	0.641304347
1059573	0.032608695
1059783	0.304347826
1059913	0.010869565
1063562	0.010869565
1064187	0.086956521
1065664	0.021739130
1067217	0.641304347
1067463	0.478260869
1067607	0.641304347
1067649	0.086956521
1067654	0.043478260
1068039	0.434782608
1068130	0.010869565
1073576	0.032608695
1077092	0.641304347
1078113	0.304347826
1078301	0.010869565
1079920	0.641304347
1080054	0.641304347
1081127	0.076086956
1082238	0.086956521
1084699	0.086956521
1084859	0.021739130
1085075	0.043478260
1085436	0.630434782
1085786	0.010869565
1086869	0.641304347
1088742	0.021739130
1089998	0.021739130
1090444	0.032608695
1094585	0.021739130
1094695	0.641304347
1096208	0.032608695
1096291	0.141304347
1096297	0.010869565
1097321	0.641304347
1097830	0.086956521
1097909	0.021739130
1098289	0.076086956
1099493	0.032608695
1099586	0.065217391
1099802	0.010869565
1099971	0.086956521
1100348	0.043478260
1102408	0.641304347
1102915	0.032608695
1103695	0.054347826
1104881	0.032608695
1108635	0.641304347
1109678	0.043478260
1111186	0.641304347
1112190	0.032608695
1112300	0.021739130
1113451	0.641304347
1114204	0.010869565
1115457	0.032608695
1116717	0.641304347
1117612	0.010869565
1117657	0.010869565
1119297	0.021739130
1121586	0.152173913
1121948	0.086956521
1123398	0.565217391
1124849	0.163043478
1125120	0.032608695
1125520	0.086956521
1126282	0.467391304
1126880	0.010869565
1129170	0.641304347
1130617	0.010869565
1131428	0.021739130
1131654	0.500000000
1132303	0.641304347
1133941	0.021739130
1136148	0.130434782
1137850	0.641304347
1137967	0.010869565
1138841	0.010869565
1139474	0.586956521
1142839	0.032608695
1144345	0.641304347
1144622	0.173913043
1145094	0.152173913
1145469	0.641304347
1145642	0.032608695
1146791	0.021739130
1148236	0.641304347
1148329	0.641304347
1150033	0.641304347
1150593	0.021739130
1150888	0.021739130
1151409	0.010869565
1152450	0.021739130
1152570	0.032608695
1152572	0.641304347
1152679	0.641304347
1154727	0.391304347
1155487	0.021739130
1156230	0.076086956
1157014	0.010869565
1158805	0.010869565
1159212	0.021739130
1159638	0.641304347
1160775	0.119565217
1161416	0.293478260
1161484	0.065217391
1161647	0.195652173
1162807	0.619565217
1163250	0.641304347
1164135	0.021739130
1165080	0.641304347
1165092	0.010869565
1165329	0.021739130
1165432	0.065217391
1168041	0.021739130
1168134	0.065217391
1168226	0.641304347
1168356	0.206521739
1169764	0.054347826
1170305	0.141304347
1170519	0.043478260
1171433	0.641304347
1174352	0.021739130
1175170	0.032608695
1175352	0.641304347
1175578	0.010869565
1176246	0.021739130
1176911	0.021739130
1177351	0.010869565
1177654	0.021739130
1178893	0.163043478
1179417	0.021739130
1179991	0.021739130
1180066	0.641304347
1181216	0.043478260
1184079	0.021739130
1184929	0.173913043
1187135	0.086956521
1187252	0.565217391
1187619	0.641304347
1191544	0.032608695
1191757	0.391304347
1191938	0.173913043
1192880	0.086956521
1193533	0.641304347
1196028	0.021739130
1196969	0.010869565
1198060	0.021739130
1198654	0.043478260
1199490	0.043478260
1200138	0.032608695
1201131	0.043478260
1201663	0.010869565
1202276	0.010869565
1202734	0.021739130
1204710	0.010869565
1204886	0.054347826
1205162	0.010869565
1206188	0.021739130
1206732	0.010869565
1207015	0.086956521
1207571	0.510869565
1207866	0.445652173
1208454	0.021739130
1208925	0.641304347
1209270	0.043478260
1209356	0.641304347
1209777	0.032608695
1209865	0.010869565
1210120	0.108695652
1210405	0.641304347
1210578	0.641304347
1211363	0.021739130
1211631	0.021739130
1212315	0.641304347
1212749	0.641304347
1214314	0.086956521
1214835	0.010869565
1217237	0.206521739
1218199	0.010869565
1218239	0.641304347
1218444	0.010869565
1220196	0.641304347
1220924	0.086956521
1221399	0.032608695
1221629	0.010869565
1221801	0.086956521
1222410	0.021739130
1222518	0.086956521
1223149	0.010869565
1224059	0.065217391
1224375	0.489130434
1226328	0.641304347
1226847	0.391304347
1227468	0.043478260
1228336	0.021739130
1229192	0.130434782
1229577	0.641304347
1230088	0.184782608
1230163	0.021739130
1230430	0.010869565
1231352	0.641304347
1232316	0.010869565
1234254	0.641304347
1234552	0.076086956
1235116	0.173913043
1235767	0.043478260
1237007	0.445652173
1237149	0.021739130
1237965	0.206521739
1239335	0.608695652
1240408	0.021739130
1241209	0.391304347
1242606	0.086956521
1244530	0.010869565
1245131	0.086956521
1246007	0.304347826
1246198	0.586956521
1249020	0.021739130
1250777	0.641304347
1251331	0.641304347
1251539	0.641304347
1251860	0.630434782
1252763	0.641304347
1252913	0.521739130
1253284	0.021739130
1253783	0.086956521
1254576	0.641304347
1257381	0.641304347
1257692	0.010869565
1258092	0.076086956
1258457	0.206521739
1258475	0.010869565
1260632	0.086956521
1261807	0.076086956
1262563	0.086956521
1262788	0.347826086
1263500	0.173913043
1263657	0.641304347
1264239	0.130434782
1264495	0.250000000
1264960	0.086956521
1265656	0.076086956
1266025	0.173913043
1266849	0.010869565
1266909	0.021739130
1267382	0.641304347
1267764	0.032608695
1268723	0.119565217
1269338	0.010869565
1269916	0.021739130
1271175	0.021739130
1272049	0.043478260
1272523	0.641304347
1272735	0.641304347
1274891	0.021739130
1276639	0.163043478
1276660	0.293478260
1276705	0.641304347
1278708	0.076086956
1279130	0.021739130
1280208	0.021739130
1280614	0.021739130
1281948	0.641304347
1282128	0.043478260
1283846	0.021739130
1284345	0.641304347
1284630	0.065217391
1284845	0.032608695
1285603	0.641304347
1285811	0.293478260
1285924	0.021739130
1289331	0.173913043
1290516	0.239130434
1294234	0.021739130
1295844	0.641304347
1296172	0.021739130
1296190	0.086956521
1296788	0.010869565
1297993	0.032608695
1301788	0.086956521
1301877	0.021739130
1303223	0.173913043
1305457	0.304347826
1305476	0.391304347
1305614	0.021739130
1305829	0.641304347
1306646	0.173913043
1307201	0.021739130
1307836	0.173913043
1307895	0.032608695
1309432	0.021739130
1309546	0.641304347
1310084	0.032608695
1310489	0.641304347
1310779	0.173913043
1311472	0.086956521
1311590	0.434782608
1312536	0.010869565
1312641	0.032608695
1313990	0.010869565
1314566	0.010869565
1315159	0.086956521
1315965	0.086956521
1316395	0.010869565
1317364	0.304347826
1318362	0.086956521
1320099	0.130434782
1320147	0.173913043
1321219	0.032608695
1321473	0.641304347
1321630	0.206521739
1321741	0.554347826
1321842	0.086956521
1325149	0.021739130
1325901	0.010869565
1327962	0.021739130
1328728	0.021739130
1329393	0.065217391
1329686	0.021739130
1329928	0.293478260
1331114	0.021739130
1331296	0.184782608
1331617	0.641304347
1331897	0.641304347
1331935	0.021739130
1332410	0.021739130
1332676	0.010869565
1332986	0.282608695
1334007	0.108695652
1334379	0.043478260
1334450	0.130434782
1334579	0.010869565
1335668	0.641304347
1336531	0.108695652
1336631	0.304347826
1337311	0.010869565
1337524	0.086956521
1337837	0.641304347
1338661	0.021739130
1339058	0.641304347
1340232	0.021739130
1340247	0.021739130
1341116	0.021739130
1341474	0.641304347
1343579	0.010869565
1350183	0.510869565
1351974	0.021739130
1352312	0.086956521
1352689	0.641304347
1353725	0.010869565
1353900	0.010869565
1354476	0.032608695
1354590	0.032608695
1355054	0.043478260
1355300	0.032608695
1355469	0.021739130
1356324	0.065217391
1356570	0.010869565
1356612	0.173913043
1357304	0.021739130
1359147	0.641304347
1359511	0.021739130
1359522	0.217391304
1361111	0.021739130
1361806	0.641304347
1362759	0.032608695
1364911	0.184782608
1365870	0.641304347
1365919	0.173913043
1367455	0.641304347
1368257	0.086956521
1370197	0.021739130
1370280	0.641304347
1371342	0.010869565
1372679	0.173913043
1373181	0.021739130
1373411	0.021739130
1374267	0.043478260
1374424	0.021739130
1374831	0.021739130
1375149	0.641304347
1375989	0.119565217
1377221	0.641304347
1377567	0.010869565
1381067	0.641304347
1381872	0.010869565
1381903	0.478260869
1381920	0.173913043
1383404	0.021739130
1383688	0.010869565
1385015	0.641304347
1385562	0.141304347
1385915	0.315217391
1386702	0.173913043
1386809	0.445652173
1387009	0.641304347
1387646	0.532608695
1388411	0.010869565
1388607	0.641304347
1389871	0.391304347
1390890	0.010869565
1391476	0.641304347
1392164	0.010869565
1392443	0.086956521
1392703	0.434782608
1394726	0.010869565
1396174	0.641304347
1397430	0.065217391
1397653	0.641304347
1397700	0.391304347
1397970	0.021739130
1398949	0.010869565
1400031	0.065217391
1400216	0.010869565
1401053	0.076086956
1401247	0.032608695
1401260	0.086956521
1401342	0.021739130
1401405	0.641304347
1402248	0.097826086
1402661	0.173913043
1403073	0.032608695
1403699	0.641304347
1404623	0.010869565
1405389	0.043478260
1406896	0.010869565
1407610	0.021739130
1408240	0.032608695
1408330	0.097826086
1408407	0.032608695
1408952	0.641304347
1409633	0.641304347
1411500	0.021739130
1411639	0.021739130
1411858	0.130434782
1412368	0.021739130
1412878	0.021739130
1414359	0.010869565
1414658	0.641304347
1414917	0.032608695
1415229	0.010869565
1415464	0.010869565
1415804	0.032608695
1416068	0.032608695
1416309	0.021739130
1417447	0.173913043
1418876	0.076086956
1419210	0.260869565
1420844	0.641304347
1421798	0.032608695
1422019	0.021739130
1422073	0.641304347
1422502	0.010869565
1422836	0.043478260
1423814	0.641304347
1423983	0.641304347
1424554	0.641304347
1426098	0.326086956
1427708	0.021739130
1427962	0.641304347
1430256	0.010869565
1430316	0.010869565
1431222	0.010869565
1431816	0.228260869
1432149	0.010869565
1432288	0.347826086
1432793	0.032608695
1433323	0.010869565
1434022	0.445652173
1435043	0.641304347
1435225	0.641304347
1436267	0.630434782
1436411	0.021739130
1436455	0.032608695
1436840	0.641304347
1438179	0.032608695
1438393	0.304347826
1439664	0.032608695
1440019	0.086956521
1440082	0.456521739
1440464	0.054347826
1440610	0.021739130
1440959	0.021739130
1441079	0.032608695
1441512	0.315217391
1441528	0.010869565
1441720	0.021739130
1443122	0.260869565
1443193	0.021739130
1443900	0.641304347
1445344	0.010869565
1447706	0.641304347
1448248	0.097826086
1449564	0.010869565
1450253	0.021739130
1450651	0.402173913
1452888	0.641304347
1454226	0.293478260
1454621	0.641304347
1455082	0.043478260
1456330	0.021739130
1456553	0.641304347
1457196	0.021739130
1457476	0.076086956
1457524	0.380434782
1458401	0.021739130
1459238	0.184782608
1459441	0.173913043
1459892	0.336956521
1459967	0.032608695
1460372	0.108695652
1463429	0.021739130
1464141	0.010869565
1467940	0.086956521
1468211	0.108695652
1468506	0.239130434
1469785	0.010869565
1470420	0.630434782
1472524	0.641304347
1472662	0.086956521
1473809	0.021739130
1474140	1.000000000
1474349	0.021739130
1475303	0.641304347
1476314	0.021739130
1477292	0.021739130
1477389	0.336956521
1477593	0.021739130
1477755	0.076086956
1477978	0.608695652
1478449	0.086956521
1479150	0.021739130
1479624	0.021739130
1480125	0.032608695
1481180	0.032608695
1481613	0.641304347
1482768	0.086956521
1484355	0.641304347
1484612	0.336956521
1484917	0.021739130
1485093	0.543478260
1485366	0.086956521
1485400	0.021739130
1486279	0.032608695
1486891	0.021739130
1487018	0.021739130
1488613	0.391304347
1488775	0.097826086
1489109	0.260869565
1490452	0.641304347
1490570	0.076086956
1492157	0.641304347
1492348	0.293478260
1493694	0.021739130
1495240	0.184782608
1495769	0.010869565
1495833	0.097826086
1497371	0.010869565
1499665	0.010869565
1499990	0.293478260
1500917	0.010869565
1501319	0.456521739
1501560	0.510869565
1503947	0.641304347
1503987	0.010869565
1505595	0.336956521
1505638	0.086956521
1505752	0.641304347
1506836	0.086956521
1506955	0.010869565
1507044	0.010869565
1507061	0.630434782
1507622	0.010869565
1510645	0.641304347
1510694	0.032608695
1512565	0.010869565
1513867	0.630434782
1514456	0.250000000
1514734	0.021739130
1514747	0.641304347
1516168	0.010869565
1516992	0.032608695
1517035	0.445652173
1517199	0.021739130
1518869	0.032608695
1519070	0.021739130
1519082	0.445652173
1520233	0.641304347
1520809	0.054347826
1521045	0.010869565
1521231	0.010869565
1522377	0.010869565
1522650	0.086956521
1523118	0.097826086
1524426	0.021739130
1525337	0.043478260
1525746	0.086956521
1525959	0.054347826
1526231	0.010869565
1526954	0.163043478
1527175	0.336956521
1527283	0.641304347
1528493	0.054347826
1528781	0.391304347
1529582	0.010869565
1529971	0.086956521
1530260	0.010869565
1531416	0.032608695
1531593	0.010869565
1532137	0.641304347
1532610	0.173913043
1532619	0.043478260
1532811	0.021739130
1533378	0.021739130
1533519	0.010869565
1534236	0.043478260
1534438	0.043478260
1535198	0.054347826
1535316	0.010869565
1536500	0.021739130
1537238	0.021739130
1537295	0.032608695
1537496	0.641304347
1537509	0.010869565
1538035	0.032608695
1538832	0.097826086
1539150	0.010869565
1539757	0.054347826
1539921	0.641304347
1539942	0.086956521
1540157	0.119565217
1540438	0.641304347
1540586	0.010869565
1540680	0.010869565
1541572	0.293478260
1541609	0.076086956
1542493	0.021739130
1543555	0.021739130
1543959	0.021739130
1544545	0.010869565
1545621	0.010869565
1545927	0.010869565
1547542	0.021739130
1547625	0.097826086
1548001	0.391304347
1551486	0.097826086
1551650	0.021739130
1552014	0.010869565
1552079	0.043478260
1552185	0.086956521
1552515	0.010869565
1552685	0.054347826
1552839	0.021739130
1553548	0.021739130
1553819	0.054347826
1554175	0.086956521
1554397	0.641304347
1554736	0.608695652
1555614	0.021739130
1556346	0.641304347
1556365	0.086956521
1556646	0.010869565
1556802	0.010869565
1557528	0.076086956
1560531	0.641304347
1562945	0.021739130
1563503	0.054347826
1565719	0.641304347
1568263	0.076086956
1568440	0.021739130
1568583	0.010869565
1568613	0.554347826
1569685	0.293478260
1570115	0.086956521
1570844	0.032608695
1571304	0.304347826
1571837	0.391304347
1572191	0.021739130
1572360	0.054347826
1572491	0.021739130
1574200	0.293478260
1574953	0.032608695
1577775	0.021739130
1577848	0.010869565
1578430	0.119565217
1578642	0.021739130
1579917	0.010869565
1580230	0.641304347
1583762	0.021739130
1583879	0.010869565
1585599	0.032608695
1587062	0.010869565
1588326	0.010869565
1588908	0.543478260
1589859	0.021739130
1589936	0.010869565
1590674	0.391304347
1591391	0.021739130
1591661	0.641304347
1592587	0.065217391
1593273	0.641304347
1593911	0.641304347
1594444	0.021739130
1594770	0.086956521
1595255	0.021739130
1597347	0.054347826
1599393	0.032608695
1599710	0.510869565
1600618	0.021739130
1604344	0.054347826
1604496	0.641304347
1606297	0.130434782
1607177	0.630434782
1607483	0.032608695
1609144	0.097826086
1609631	0.021739130
1609772	0.021739130
1610652	0.021739130
1610815	0.217391304
1611615	0.271739130
1611774	0.032608695
1612880	0.065217391
1614882	0.043478260
1614923	0.010869565
1615327	0.032608695
1615891	0.641304347
1616686	0.641304347
1616992	0.021739130
1617424	0.641304347
1619216	0.021739130
1619474	0.010869565
1619769	0.021739130
1621768	0.021739130
1621835	0.641304347
1622897	0.021739130
1623593	0.021739130
1623731	0.010869565
1627735	0.010869565
1629928	0.293478260
1630417	0.032608695
1631368	0.586956521
1631417	0.065217391
1632463	0.021739130
1632618	0.086956521
1633575	0.641304347
1634343	0.380434782
1635303	0.032608695
1636060	0.021739130
1636566	0.630434782
1636973	0.021739130
1637056	0.021739130
1637260	0.010869565
1637877	0.173913043
1637987	0.043478260
1638652	0.173913043
1638960	0.021739130
1639226	0.021739130
1639325	0.054347826
1639436	0.010869565
1640875	0.086956521
1641426	0.010869565
1643507	0.010869565
1644165	0.173913043
1648359	0.086956521
1649347	0.032608695
1649989	0.619565217
1651422	0.641304347
1651667	0.010869565
1651752	0.010869565
1652522	0.086956521
1654809	0.641304347
1655116	0.326086956
1655616	0.021739130
1656015	0.641304347
1657663	0.641304347
1659326	0.032608695
1661125	0.054347826
1661380	0.032608695
1661968	0.021739130
1662024	0.641304347
1662835	0.010869565
1663922	0.641304347
1664272	0.054347826
1665177	0.032608695
1665369	0.043478260
1665720	0.032608695
1667427	0.086956521
1667698	0.021739130
1670068	0.043478260
1671490	0.641304347
1672204	0.021739130
1673174	0.239130434
1673424	0.010869565
1674270	0.532608695
1675535	0.641304347
1675917	0.054347826
1676039	0.021739130
1676123	0.021739130
1676823	0.086956521
1676895	0.510869565
1677768	0.010869565
1678487	0.010869565
1679365	0.021739130
1679809	0.097826086
1679991	0.619565217
1681078	0.032608695
1681221	0.032608695
1682440	0.021739130
1687228	0.641304347
1688000	0.565217391
1688390	0.021739130
1688945	0.086956521
1689424	0.065217391
1691298	0.641304347
1692200	0.021739130
1692329	0.010869565
1692351	0.641304347
1693607	0.141304347
1694505	0.076086956
1694522	0.445652173
1694999	0.032608695
1695434	0.021739130
1696892	0.358695652
1697580	0.021739130
1697627	0.119565217
1697775	0.010869565
1698175	0.108695652
1698324	0.206521739
1698974	0.043478260
1699312	0.010869565
1699734	0.641304347
1700773	0.021739130
1700993	0.010869565
1701124	0.641304347
1701598	0.010869565
1702265	0.010869565
1702989	0.641304347
1706189	0.184782608
1706762	0.054347826
1706862	0.641304347
1707240	0.032608695
1707948	0.130434782
1708117	0.010869565
1708480	0.032608695
1709707	0.641304347
1709710	0.032608695
1709935	0.021739130
1709958	0.010869565
1711456	0.010869565
1711810	0.641304347
1712492	0.195652173
1714007	0.032608695
1715383	0.021739130
1716242	0.641304347
1716456	0.021739130
1717206	0.076086956
1717224	0.065217391
1717732	0.032608695
1719271	0.076086956
1719793	0.630434782
1720033	0.010869565
1720443	0.173913043
1720523	0.380434782
1720540	0.086956521
1720857	0.413043478
1722084	0.108695652
1722325	0.065217391
1722352	0.021739130
1723065	0.641304347
1724103	0.021739130
1724298	0.021739130
1724730	0.032608695
1724861	0.032608695
1725471	0.032608695
1725584	0.641304347
1725732	0.641304347
1725752	0.010869565
1726389	0.076086956
1727455	0.076086956
1728345	0.010869565
1728895	0.076086956
1730315	0.271739130
1730939	0.021739130
1731924	0.641304347
1734300	0.641304347
1734820	0.021739130
1735017	0.293478260
1735092	0.032608695
1736442	0.065217391
1737215	0.293478260
1737755	0.021739130
1738093	0.641304347
1738671	0.010869565
1739130	0.641304347
1739787	0.043478260
1741090	0.010869565
1741292	0.641304347
1742768	0.413043478
1743419	0.184782608
1743968	0.086956521
1746030	0.630434782
1746283	0.032608695
1746345	0.010869565
1746463	0.641304347
1749330	0.065217391
1749523	0.021739130
1750019	0.010869565
1750865	0.086956521
1751285	0.021739130
1751515	0.010869565
1751839	0.641304347
1752548	0.010869565
1752732	0.641304347
1753034	0.021739130
1755236	0.141304347
1755923	0.173913043
1759628	0.163043478
1760821	0.184782608
1760977	0.021739130
1763510	0.010869565
1763536	0.032608695
1764128	0.043478260
1764651	0.293478260
1764769	0.032608695
1765059	0.641304347
1765094	0.173913043
1765131	0.086956521
1766856	0.641304347
1767319	0.119565217
1768670	0.184782608
1768793	0.206521739
1768975	0.010869565
1769026	0.010869565
1769477	0.021739130
1770650	0.021739130
1770846	0.086956521
1771356	0.228260869
1771489	0.391304347
1771563	0.391304347
1772594	0.086956521
1772616	0.641304347
1772639	0.021739130
1772739	0.021739130
1772920	0.315217391
1773012	0.641304347
1773100	0.641304347
1773356	0.456521739
1773690	0.032608695
1774504	0.010869565
1775765	0.010869565
1777011	0.271739130
1777344	0.086956521
1777411	0.054347826
1777577	0.445652173
1777758	0.010869565
1777770	0.065217391
1778330	0.597826086
1778721	0.021739130
1778929	0.021739130
1779055	0.021739130
1780636	0.641304347
1780742	0.641304347
1780792	0.043478260
1781154	0.054347826
1781247	0.282608695
1782383	0.293478260
1783115	0.010869565
1784256	0.576086956
1785509	0.641304347
1788951	0.021739130
1789463	0.260869565
1789529	0.032608695
1790141	0.010869565
1790270	0.021739130
1793370	0.021739130
1793975	0.184782608
1794500	0.641304347
1794586	0.445652173
1797030	0.010869565
1797058	0.021739130
1797640	0.336956521
1797650	0.336956521
1798119	0.195652173
1798279	0.641304347
1798329	0.021739130
1798879	0.293478260
1799740	0.641304347
1801199	0.336956521
1803082	0.641304347
1803449	0.021739130
1804595	0.032608695
1804895	0.010869565
1806190	0.086956521
1807273	0.021739130
1807327	0.010869565
1807649	0.141304347
1807978	0.032608695
1808944	0.086956521
1809921	0.021739130
1810519	0.032608695
1810600	0.086956521
1811051	0.010869565
1811066	0.021739130
1811450	0.293478260
1811502	0.010869565
1812654	0.054347826
1813221	0.010869565
1813373	0.021739130
1813988	0.641304347
1814445	0.108695652
1814527	0.021739130
1816267	0.293478260
1816694	0.641304347
1817391	0.326086956
1818067	0.010869565
1818709	0.010869565
1818766	0.010869565
1819144	0.641304347
1819562	0.369565217
1820222	0.173913043
1820329	0.010869565
1820361	0.032608695
1820545	0.043478260
1820681	0.010869565
1821055	0.173913043
1822693	0.184782608
1823483	0.163043478
1824306	0.021739130
1825098	0.130434782
1826003	0.184782608
1826740	0.032608695
1827251	0.641304347
1827420	0.010869565
1828087	0.032608695
1828369	0.010869565
1828745	0.043478260
1830434	0.086956521
1830594	0.054347826
1830746	0.043478260
1832322	0.641304347
1832700	0.097826086
1833411	0.010869565
1834472	0.032608695
1835888	0.097826086
1837254	0.021739130
1838025	0.293478260
1838210	0.641304347
1838770	0.293478260
1839311	0.336956521
1839421	0.021739130
1839474	0.010869565
1840450	0.010869565
1841251	0.032608695
1841461	0.054347826
1841627	0.130434782
1841835	0.021739130
1841892	0.173913043
1842097	0.086956521
1842545	0.086956521
1842864	0.163043478
1843352	0.021739130
1844085	0.021739130
1845102	0.239130434
1845345	0.054347826
1845713	0.021739130
1847203	0.641304347
1847455	0.010869565
1848553	0.021739130
1849352	0.010869565
1849425	0.010869565
1849495	0.630434782
1849620	0.250000000
1849798	0.021739130
1852044	0.641304347
1852400	0.141304347
1852501	0.641304347
1852597	0.032608695
1852806	0.271739130
1854512	0.641304347
1854718	0.184782608
1855190	0.032608695
1855233	0.086956521
1855662	0.076086956
1856301	0.010869565
1856407	0.021739130
1857555	0.391304347
1857668	0.086956521
1860312	0.641304347
1860851	0.043478260
1860871	0.130434782
1861391	0.010869565
1861953	0.021739130
1862186	0.010869565
1862364	0.391304347
1862750	0.641304347
1863417	0.021739130
1863774	0.478260869
1863913	0.239130434
1864480	0.293478260
1864636	0.010869565
1864887	0.413043478
1865716	0.021739130
1865926	0.641304347
1866598	0.641304347
1867408	0.010869565
1867530	0.641304347
1867690	0.021739130
1868813	0.380434782
1869266	0.010869565
1869275	0.021739130
1869664	0.010869565
1869745	0.456521739
1869934	0.043478260
1870074	0.032608695
1870291	0.076086956
1870525	0.065217391
1870651	0.076086956
1871386	0.641304347
1871756	0.239130434
1871935	0.043478260
1873236	0.086956521
1875119	0.076086956
1875700	0.173913043
1875753	0.086956521
1876049	0.043478260
1876299	0.641304347
1877071	0.086956521
1877157	0.130434782
1878951	0.641304347
1879006	0.010869565
1880358	0.010869565
1880614	0.086956521
1881228	0.021739130
1881503	0.097826086
1881523	0.021739130
1882023	0.021739130
1882651	0.021739130
1882757	0.423913043
1883054	0.010869565
1886689	0.010869565
1886805	0.641304347
1886989	0.641304347
1887008	0.010869565
1887609	0.010869565
1887943	0.043478260
1888280	0.576086956
1889166	0.641304347
1889765	0.641304347
1891477	0.021739130
1892350	0.510869565
1892734	0.021739130
1893892	0.391304347
1894087	0.641304347
1895208	0.065217391
1895654	0.086956521
1896124	0.641304347
1896393	0.619565217
1897694	0.021739130
1899489	0.021739130
1899581	0.173913043
1900231	0.445652173
1901189	0.152173913
1901213	0.021739130
1901246	0.021739130
1901553	0.010869565
1903047	0.010869565
1903580	0.021739130
1904024	0.010869565
1904531	0.641304347
1904619	0.010869565
1904853	0.010869565
1905284	0.010869565
1905997	0.173913043
1907829	0.054347826
1908428	0.086956521
1908548	0.021739130
1908606	0.641304347
1909476	0.021739130
1911015	0.641304347
1911229	0.021739130
1912129	0.021739130
1913822	0.010869565
1914293	0.010869565
1914840	0.521739130
1915328	0.554347826
1915410	0.445652173
1915512	0.032608695
1915782	0.086956521
1916282	0.076086956
1916609	0.032608695
1917472	0.021739130
1917810	0.108695652
1918346	0.076086956
1918611	0.641304347
1918934	0.152173913
1919694	0.032608695
1920901	0.054347826
1921664	0.641304347
1922308	0.010869565
1923518	0.641304347
1923542	0.010869565
1925104	0.021739130
1925194	0.086956521
1925583	0.380434782
1926095	0.391304347
1926673	0.097826086
1927130	0.641304347
1927280	0.086956521
1927602	0.010869565
1928080	0.021739130
1928429	0.467391304
1929922	0.119565217
1930280	0.010869565
1932333	0.021739130
1932513	0.010869565
1932838	0.010869565
1933719	0.076086956
1934255	0.141304347
1934568	0.021739130
1934734	0.641304347
1935018	0.445652173
1935068	0.195652173
1935490	0.010869565
1935889	0.565217391
1936336	0.010869565
1937128	0.641304347
1937591	0.010869565
1937862	0.641304347
1937892	0.021739130
1938209	0.554347826
1939360	0.402173913
1940142	0.010869565
1942520	0.021739130
1942536	0.565217391
1943728	0.391304347
1945073	0.010869565
1945839	0.641304347
1947608	0.010869565
1950208	0.021739130
1950456	0.010869565
1950657	0.010869565
1953113	0.021739130
1953518	0.641304347
1954476	0.641304347
1954521	0.554347826
1954832	0.641304347
1955083	0.641304347
1956509	0.641304347
1957183	0.641304347
1959025	0.010869565
1960347	0.043478260
1960478	0.010869565
1962657	0.641304347
1962727	0.010869565
1964152	0.010869565
1965088	0.010869565
1966768	0.391304347
1966851	0.565217391
1967037	0.010869565
1967624	0.010869565
1968857	0.032608695
1971925	0.021739130
1973175	0.086956521
1973190	0.173913043
1974050	0.010869565
1974503	0.282608695
1974927	0.641304347
1976726	0.086956521
1976846	0.641304347
1977273	0.032608695
1977538	0.054347826
1977766	0.043478260
1978232	0.032608695
1978519	0.456521739
1979745	0.641304347
1979902	0.076086956
1980166	0.086956521
1980588	0.021739130
1981933	0.641304347
1982640	0.043478260
1982984	0.065217391
1984365	0.097826086
1985604	0.010869565
1985624	0.021739130
1985671	0.304347826
1985954	0.010869565
1987314	0.641304347
1988332	0.010869565
1988404	0.326086956
1988408	0.271739130
1989287	0.239130434
1989382	0.163043478
1989557	0.010869565
1990727	0.641304347
1991966	0.043478260
1993270	0.010869565
1993706	0.021739130
1994194	0.097826086
1994241	0.021739130
1994961	0.130434782
1995314	0.630434782
1997398	0.021739130
1997427	0.010869565
1997965	0.510869565
1998450	0.293478260
1998910	0.141304347
1999887	0.021739130
1999914	0.271739130
2000326	0.173913043
2001172	0.086956521
2001309	0.510869565
2001511	0.086956521
2003100	0.010869565
2003689	0.097826086
2004339	0.032608695
2004453	0.554347826
2005558	0.021739130
2006109	0.510869565
2006319	0.445652173
2006332	0.130434782
2007398	0.010869565
2008147	0.391304347
2008428	0.021739130
2008514	0.032608695
2008578	0.315217391
2009613	0.010869565
2010462	0.021739130
2010668	0.032608695
2010990	0.086956521
2011995	0.010869565
2012248	0.010869565
2012337	0.641304347
2012808	0.391304347
2015310	0.021739130
2015664	0.086956521
2016596	0.641304347
2017042	0.402173913
2017291	0.021739130
2017526	0.010869565
2018040	0.021739130
2019328	0.010869565
2019370	0.021739130
2019528	0.086956521
2020108	0.293478260
2020517	0.641304347
2020786	0.086956521
2020836	0.184782608
2021025	0.010869565
2021336	0.054347826
2021492	0.032608695
2023736	0.641304347
2025249	0.641304347
2025651	0.010869565
2025776	0.065217391
2026231	0.010869565
2027584	0.010869565
2028873	0.065217391
2029065	0.184782608
2029329	0.032608695
2029693	0.641304347
2029719	0.021739130
2029889	0.086956521
2031414	0.086956521
2032000	0.043478260
2034603	0.641304347
2034645	0.032608695
2035734	0.010869565
2035979	0.021739130
2036013	0.641304347
2036254	0.423913043
2036570	0.054347826
2036587	0.010869565
2036632	0.086956521
2036714	0.021739130
2037210	0.043478260
2037944	0.543478260
2038034	0.130434782
2038727	0.021739130
2039081	0.032608695
2039119	0.641304347
2039156	0.173913043
2039917	0.173913043
2040908	0.010869565
2041141	0.184782608
2041813	0.054347826
2042007	0.641304347
2042529	0.010869565
2042663	0.641304347
2042801	0.010869565
2043006	0.076086956
2043642	0.434782608
2044741	0.010869565
2044754	0.021739130
2045321	0.065217391
2045483	0.021739130
2046022	0.043478260
2046662	0.554347826
2047629	0.086956521
2048209	0.086956521
2048555	0.010869565
2048580	0.010869565
2048694	0.021739130
2050245	0.641304347
2050446	0.021739130
2051201	0.010869565
2051455	0.010869565
2051791	0.065217391
2052838	0.304347826
2052991	0.108695652
2053185	0.010869565
2053654	0.576086956
2054059	0.043478260
2054304	0.130434782
2055277	0.032608695
2055820	0.021739130
2056012	0.641304347
2056346	0.010869565
2056399	0.032608695
2056514	0.021739130
2056533	0.054347826
2056754	0.021739130
2058995	0.641304347
2059846	0.032608695
2059894	0.510869565
2059989	0.097826086
2060813	0.021739130
2061082	0.293478260
2061807	0.010869565
2062129	0.641304347
2063569	0.173913043
2064048	0.021739130
2064388	0.021739130
2064803	0.086956521
2064844	0.021739130
2065524	0.086956521
2065942	0.021739130
2067359	0.630434782
2067417	0.173913043
2067704	0.010869565
2068601	0.010869565
2069377	0.641304347
2069487	0.065217391
2069857	0.010869565
2070200	0.021739130
2071109	0.076086956
2072135	0.021739130
2073832	0.010869565
2073858	0.010869565
2074836	0.010869565
2076013	0.641304347
2076339	0.108695652
2077147	0.032608695
2077940	0.086956521
2078499	0.010869565
2078675	0.010869565
2078992	0.010869565
2079272	0.086956521
2079609	0.641304347
2080257	0.293478260
2080650	0.043478260
2082044	0.054347826
2082632	0.021739130
2082741	0.010869565
2082812	0.010869565
2084124	0.021739130
2084443	0.076086956
2084581	0.065217391
2084622	0.641304347
2084693	0.641304347
2084851	0.456521739
2085731	0.086956521
2086188	0.108695652
2086391	0.173913043
2086461	0.456521739
2086615	0.445652173
2086890	0.271739130
2087337	0.010869565
2088448	0.228260869
2089175	0.173913043
2089280	0.086956521
2090138	0.021739130
2090331	0.173913043
2091022	0.641304347
2091151	0.021739130
2091554	0.141304347
2091664	0.086956521
2091978	0.010869565
2092039	0.119565217
2093064	0.586956521
2093091	0.108695652
2094033	0.021739130
2094134	0.010869565
2095123	0.565217391
2095443	0.032608695
2095875	0.010869565
2096001	0.173913043
2096793	0.641304347
2097341	0.250000000
2097905	0.152173913
2098517	0.445652173
2099084	0.010869565
2099373	0.010869565
2099562	0.282608695
2100676	0.086956521
2101038	0.239130434
2101426	0.097826086
2101686	0.641304347
2102729	0.010869565
2103010	0.086956521
2104051	0.032608695
2105010	0.641304347
2105240	0.010869565
2105706	0.021739130
2106177	0.641304347
2106991	0.630434782
2107420	0.032608695
2107479	0.010869565
2107798	0.043478260
2108206	0.293478260
2109503	0.021739130
2112839	0.021739130
2113233	0.010869565
2113330	0.076086956
2113398	0.021739130
2113520	0.554347826
2113918	0.021739130
2114266	0.413043478
2114271	0.217391304
2114597	0.641304347
2115882	0.054347826
2116039	0.010869565
2116669	0.010869565
2117225	0.054347826
2117678	0.097826086
2118122	0.054347826
2119803	0.413043478
2121387	0.010869565
2121950	0.097826086
2122133	0.021739130
2122718	0.108695652
2123382	0.173913043
2124058	0.293478260
2124686	0.032608695
2125187	0.641304347
2125727	0.500000000
2125942	0.315217391
2126066	0.043478260
2126560	0.010869565
2126920	0.163043478
2127817	0.010869565
2128014	0.086956521
2129394	0.641304347
2129658	0.032608695
2129909	0.641304347
2129966	0.010869565
2130027	0.173913043
2130051	0.641304347
2130629	0.108695652
2131488	0.010869565
2131767	0.097826086
2131878	0.586956521
2131921	0.521739130
2132488	0.630434782
2134103	0.021739130
2134853	0.021739130
2136921	0.010869565
2137149	0.043478260
2138600	0.641304347
2138631	0.032608695
2138814	0.641304347
2139013	0.021739130
2140228	0.630434782
2140848	0.641304347
2141057	0.021739130
2141790	0.641304347
2142109	0.086956521
2142534	0.010869565
2142976	0.641304347
2143691	0.010869565
2143721	0.010869565
2145050	0.021739130
2145418	0.021739130
2145602	0.097826086
2146031	0.032608695
2146565	0.086956521
2146799	0.010869565
2147853	0.021739130
2148244	0.086956521
2148435	0.021739130
2150818	0.641304347
2151573	0.054347826
2153823	0.032608695
2153829	0.032608695
2154110	0.021739130
2154380	0.641304347
2154868	0.021739130
2155041	0.010869565
2155279	0.565217391
2155497	0.010869565
2155572	0.173913043
2156471	0.021739130
2156954	0.641304347
2158946	0.173913043
2159208	0.641304347
2159784	0.086956521
2160302	0.032608695
2160532	0.054347826
2160814	0.217391304
2161692	0.010869565
2163396	0.021739130
2163921	0.173913043
2164277	0.641304347
2165766	0.043478260
2166623	0.021739130
2166988	0.641304347
2167797	0.641304347
2170698	0.043478260
2170887	0.021739130
2171702	0.641304347
2171930	0.021739130
2172130	0.021739130
2172310	0.130434782
2174855	0.641304347
2175390	0.010869565
2175804	0.021739130
2177453	0.641304347
2177686	0.445652173
2178881	0.010869565
2181793	0.086956521
2183089	0.086956521
2184376	0.021739130
2184728	0.434782608
2185221	0.010869565
2185236	0.010869565
2185935	0.021739130
2186427	0.021739130
2186898	0.032608695
2188163	0.641304347
2190713	0.076086956
2191401	0.032608695
2193770	0.260869565
2194021	0.641304347
2194237	0.021739130
2194500	0.195652173
2194854	0.250000000
2196419	0.086956521
2197204	0.076086956
2198456	0.641304347
2198896	0.021739130
2200214	0.641304347
2200313	0.641304347
2201445	0.086956521
2202689	0.010869565
2203186	0.010869565
2204282	0.434782608
2208639	0.032608695
2209822	0.010869565
2210452	0.032608695
2210640	0.173913043
2212505	0.641304347
2212526	0.086956521
2212897	0.076086956
2213191	0.043478260
2213283	0.032608695
2214206	0.217391304
2214978	0.010869565
2215655	0.641304347
2215772	0.021739130
2216076	0.141304347
2218024	0.630434782
2218840	0.010869565
2219896	0.021739130
2220963	0.597826086
2221002	0.054347826
2221314	0.184782608
2221325	0.021739130
2221461	0.086956521
2222010	0.076086956
2222075	0.641304347
2222212	0.641304347
2224831	0.586956521
2225517	0.195652173
2225538	0.021739130
2226801	0.010869565
2227491	0.032608695
2227705	0.021739130
2228483	0.032608695
2228711	0.641304347
2228747	0.173913043
2229052	0.010869565
2229579	0.641304347
2229965	0.021739130
2230529	0.086956521
2231631	0.021739130
2232119	0.032608695
2234035	0.010869565
2234246	0.086956521
2234267	0.021739130
2235418	0.293478260
2235655	0.402173913
2236919	0.054347826
2237202	0.641304347
2237466	0.086956521
2241074	0.173913043
2241272	0.119565217
2241508	0.021739130
2241688	0.032608695
2242614	0.184782608
2244144	0.010869565
2244372	0.010869565
2245054	0.021739130
2245583	0.141304347
2246536	0.054347826
2246819	0.032608695
2247709	0.641304347
2249144	0.076086956
2249292	0.554347826
2249309	0.173913043
2249970	0.043478260
2250188	0.010869565
2252093	0.010869565
2252265	0.086956521
2252934	0.086956521
2254231	0.641304347
2254628	0.423913043
2255250	0.641304347
2255464	0.130434782
2256091	0.641304347
2257246	0.500000000
2257365	0.021739130
2258671	0.032608695
2259564	0.021739130
2259619	0.021739130
2259966	0.641304347
2260012	0.086956521
2260978	0.434782608
2261137	0.108695652
2261172	0.076086956
2262209	0.391304347
2262440	0.086956521
2262801	0.021739130
2265867	0.032608695
2266392	0.010869565
2266595	0.130434782
2267467	0.641304347
2267476	0.021739130
2267821	0.032608695
2268258	0.010869565
2269162	0.032608695
2270131	0.641304347
2270375	0.021739130
2270778	0.250000000
2271035	0.489130434
2271587	0.010869565
2272437	0.032608695
2272561	0.032608695
2273753	0.065217391
2274105	0.043478260
2274610	0.032608695
2275216	0.010869565
2275358	0.032608695
2276211	0.641304347
2276774	0.076086956
2277508	0.630434782
2277738	0.021739130
2278577	0.021739130
2278586	0.641304347
2278597	0.641304347
2278918	0.021739130
2279060	0.054347826
2279345	0.097826086
2279504	0.010869565
2279766	0.086956521
2279917	0.510869565
2280633	0.054347826
2281195	0.445652173
2281463	0.010869565
2281582	0.021739130
2282061	0.032608695
2282158	0.021739130
2282646	0.478260869
2283490	0.010869565
2284519	0.086956521
2285019	0.130434782
2285849	0.010869565
2286867	0.010869565
2288031	0.065217391
2288913	0.510869565
2290088	0.086956521
2290106	0.021739130
2290535	0.641304347
2290860	0.021739130
2291028	0.076086956
2291043	0.293478260
2291293	0.021739130
2293650	0.021739130
2293677	0.163043478
2294180	0.021739130
2294205	0.021739130
2294866	0.054347826
2294917	0.108695652
2295531	0.021739130
2296076	0.054347826
2296336	0.021739130
2297400	0.293478260
2297605	0.293478260
2299555	0.086956521
2300290	0.586956521
2302056	0.641304347
2302171	0.032608695
2304439	0.293478260
2304984	0.239130434
2305724	0.119565217
2305844	0.641304347
2307309	0.173913043
2308045	0.630434782
2308688	0.010869565
2308968	0.163043478
2309369	0.054347826
2309512	0.032608695
2310780	0.641304347
2312286	0.445652173
2312341	0.293478260
2315939	0.032608695
2317709	0.021739130
2317878	0.065217391
2317951	0.021739130
2318777	0.173913043
2319784	0.641304347
2320459	0.141304347
2325836	0.086956521
2326038	0.021739130
2326734	0.641304347
2326778	0.086956521
2326791	0.130434782
2327103	0.195652173
2327222	0.173913043
2328171	0.445652173
2330102	0.032608695
2332295	0.173913043
2332411	0.021739130
2333367	0.326086956
2333408	0.163043478
2333546	0.021739130
2335139	0.641304347
2335285	0.130434782
2335425	0.173913043
2336079	0.641304347
2336428	0.010869565
2336440	0.086956521
2336696	0.608695652
2337162	0.021739130
2339028	0.641304347
2339150	0.630434782
2339265	0.010869565
2339559	0.032608695
2340160	0.021739130
2340666	0.130434782
2341024	0.065217391
2341638	0.032608695
2341910	0.641304347
2341919	0.152173913
2342033	0.576086956
2342231	0.054347826
2342260	0.010869565
2342756	0.021739130
2343282	0.021739130
2343827	0.043478260
2343993	0.043478260
2344379	0.641304347
2346847	0.032608695
2347075	0.010869565
2347852	0.021739130
2348393	0.086956521
2348634	0.010869565
2348982	0.097826086
2351362	0.532608695
2351846	0.641304347
2352572	0.021739130
2352681	0.065217391
2352905	0.021739130
2353760	0.641304347
2353860	0.010869565
2353919	0.010869565
2354085	0.641304347
2354098	0.500000000
2354173	0.021739130
2355300	0.641304347
2355810	0.086956521
2356276	0.293478260
2357400	0.043478260
2358281	0.086956521
2359136	0.032608695
2359178	0.163043478
2360068	0.163043478
2360591	0.010869565
2361005	0.445652173
2361756	0.032608695
2362589	0.641304347
2362953	0.641304347
2362984	0.641304347
2363119	0.293478260
2363408	0.076086956
2364186	0.641304347
2364241	0.086956521
2364991	0.010869565
2365111	0.054347826
2365682	0.021739130
2366606	0.532608695
2366656	0.402173913
2366663	0.010869565
2367095	0.641304347
2367289	0.173913043
2367641	0.010869565
2367861	0.086956521
2369862	0.054347826
2370522	0.032608695
2370609	0.021739130
2370971	0.173913043
2371185	0.010869565
2371983	0.010869565
2372220	0.391304347
2372561	0.641304347
2373169	0.065217391
2373530	0.021739130
2373940	0.423913043
2375185	0.086956521
2375667	0.184782608
2377383	0.413043478
2378098	0.641304347
2378730	0.239130434
2379059	0.641304347
2381329	0.010869565
2381642	0.641304347
2381932	0.086956521
2382290	0.021739130
2382434	0.010869565
2382623	0.641304347
2383041	0.119565217
2384010	0.119565217
2384045	0.434782608
2384442	0.641304347
2385580	0.641304347
2385959	0.065217391
2386049	0.021739130
2386510	0.021739130
2387227	0.097826086
2387276	0.641304347
2387669	0.173913043
2388260	0.010869565
2388663	0.043478260
2388689	0.032608695
2391621	0.021739130
2391842	0.010869565
2393146	0.641304347
2393234	0.608695652
2393765	0.641304347
2393841	0.021739130
2394024	0.391304347
2394960	0.021739130
2395650	0.641304347
2395677	0.054347826
2395919	0.641304347
2396543	0.130434782
2396658	0.021739130
2396869	0.032608695
2396972	0.054347826
2397453	0.260869565
2397672	0.510869565
2397779	0.641304347
2397993	0.608695652
2398428	0.021739130
2398465	0.445652173
2398475	0.021739130
2398525	0.043478260
2399118	0.010869565
2399283	0.021739130
2400841	0.010869565
2400934	0.119565217
2402452	0.054347826
2402667	0.630434782
2403677	0.086956521
2405091	0.097826086
2406099	0.510869565
2406118	0.021739130
2406220	0.010869565
2406317	0.032608695
2406969	0.630434782
2407436	0.576086956
2407829	0.152173913
2407900	0.641304347
2408421	0.184782608
2408776	0.076086956
2409033	0.010869565
2409925	0.336956521
2410216	0.260869565
2411799	0.641304347
2414186	0.641304347
2415083	0.293478260
2415324	0.021739130
2416446	0.315217391
2416956	0.597826086
2417393	0.086956521
2418346	0.010869565
2418527	0.510869565
2418610	0.086956521
2419241	0.130434782
2419598	0.032608695
2419717	0.173913043
2420083	0.086956521
2420485	0.010869565
2420919	0.641304347
2421181	0.054347826
2421309	0.641304347
2421322	0.641304347
2422460	0.021739130
2422611	0.021739130
2423619	0.641304347
2424385	0.043478260
2424456	0.641304347
2425287	0.021739130
2425338	0.358695652
2425715	0.032608695
2426909	0.086956521
2428303	0.086956521
2429720	0.086956521
2429888	0.108695652
2430975	0.043478260
2431291	0.010869565
2431385	0.032608695
2431774	0.641304347
2431899	0.021739130
2433004	0.021739130
2434124	0.293478260
2434203	0.130434782
2434232	0.086956521
2436034	0.010869565
2436337	0.086956521
2437143	0.010869565
2437597	0.391304347
2437830	0.021739130
2438548	0.021739130
2438720	0.086956521
2438938	0.054347826
2439055	0.032608695
2439101	0.010869565
2439200	0.054347826
2439337	0.010869565
2439394	0.641304347
2439706	0.097826086
2439998	0.641304347
2440213	0.163043478
2440354	0.641304347
2440815	0.010869565
2440818	0.021739130
2440865	0.010869565
2440980	0.054347826
2441601	0.032608695
2442280	0.021739130
2443025	0.010869565
2443081	0.086956521
2443230	0.086956521
2443508	0.010869565
2443950	0.076086956
2444262	0.021739130
2444301	0.108695652
2444668	0.108695652
2445753	0.554347826
2446136	0.130434782
2446614	0.086956521
2448605	0.032608695
2448753	0.065217391
2448810	0.097826086
2449269	0.195652173
2449506	0.021739130
2449519	0.086956521
2449597	0.641304347
2450855	0.043478260
2452137	0.641304347
2452456	0.043478260
2453384	0.010869565
2453663	0.086956521
2453899	0.010869565
2454272	0.021739130
2454685	0.173913043
2455068	0.641304347
2455360	0.228260869
2455532	0.032608695
2455722	0.065217391
2456603	0.021739130
2456646	0.173913043
2457046	0.032608695
2458486	0.641304347
2458534	0.010869565
2460327	0.021739130
2460783	0.586956521
2460998	0.076086956
2461277	0.239130434
2461489	0.641304347
2461613	0.641304347
2463427	0.641304347
2463629	0.163043478
2463785	0.010869565
2464172	0.086956521
2464219	0.021739130
2464640	0.032608695
2464837	0.228260869
2465080	0.293478260
2465538	0.032608695
2465932	0.184782608
2466621	0.217391304
2467586	0.032608695
2467790	0.043478260
2468261	0.021739130
2468600	0.173913043
2468718	0.184782608
2468734	0.641304347
2468752	0.043478260
2469337	0.010869565
2469651	0.010869565
2469666	0.010869565
2471286	0.021739130
2471410	0.021739130
2471669	0.021739130
2472202	0.641304347
2472516	0.630434782
2473675	0.032608695
2476110	0.467391304
2476112	0.195652173
2476414	0.304347826
2481541	0.641304347
2482218	0.032608695
2482243	0.010869565
2483279	0.010869565
2484054	0.010869565
2484101	0.641304347
2484149	0.054347826
2484802	0.195652173
2486202	0.010869565
2487617	0.021739130
2488027	0.445652173
2488157	0.260869565
2488198	0.054347826
2489029	0.086956521
2489415	0.010869565
2489832	0.086956521
2490271	0.641304347
2490776	0.043478260
2491194	0.021739130
2491201	0.010869565
2491253	0.043478260
2492100	0.184782608
2492252	0.641304347
2492716	0.641304347
2493144	0.097826086
2493253	0.010869565
2493620	0.043478260
2494223	0.021739130
2494443	0.010869565
2495116	0.021739130
2497168	0.043478260
2497928	0.032608695
2497970	0.119565217
2498018	0.010869565
2498223	0.086956521
2499408	0.086956521
2499551	0.032608695
2500240	0.032608695
2501054	0.032608695
2501722	0.641304347
2501820	0.021739130
2503371	0.641304347
2503831	0.043478260
2504258	0.641304347
2504616	0.010869565
2505062	0.010869565
2505162	0.021739130
2505189	0.065217391
2505307	0.445652173
2506115	0.086956521
2506229	0.217391304
2506285	0.510869565
2506966	0.021739130
2507002	0.065217391
2507623	0.108695652
2507930	0.010869565
2507939	0.086956521
2508076	0.641304347
2508392	0.108695652
2508528	0.293478260
2509037	0.152173913
2509656	0.021739130
2510012	0.641304347
2510767	0.032608695
2511066	0.010869565
2511084	0.130434782
2512046	0.021739130
2512391	0.641304347
2512938	0.021739130
2513105	0.032608695
2514430	0.010869565
2514651	0.293478260
2514691	0.021739130
2515470	0.326086956
2515975	0.108695652
2516822	0.195652173
2517160	0.304347826
2518235	0.010869565
2518278	0.010869565
2518357	0.032608695
2518497	0.641304347
2518695	0.010869565
2518932	0.641304347
2519456	0.010869565
2519467	0.554347826
2520363	0.065217391
2520446	0.086956521
2521031	0.641304347
2521314	0.173913043
2522193	0.641304347
2522949	0.423913043
2523256	0.021739130
2524858	0.010869565
2524863	0.641304347
2525355	0.010869565
2526727	0.010869565
2527008	0.043478260
2527064	0.554347826
2527097	0.032608695
2527204	0.043478260
2527299	0.010869565
2527919	0.173913043
2528073	0.086956521
2528415	0.010869565
2528894	0.043478260
2529053	0.391304347
2529802	0.021739130
2529879	0.641304347
2530026	0.315217391
2530300	0.010869565
2531281	0.010869565
2531343	0.021739130
2531923	0.032608695
2532297	0.086956521
2532627	0.076086956
2532787	0.076086956
2532955	0.021739130
2533015	0.054347826
2533178	0.565217391
2533710	0.021739130
2534209	0.641304347
2534548	0.021739130
2535064	0.021739130
2535203	0.076086956
2535892	0.641304347
2536640	0.021739130
2536870	0.010869565
2537135	0.086956521
2538011	0.500000000
2538343	0.021739130
2539060	0.021739130
2539321	0.086956521
2540256	0.010869565
2540823	0.032608695
2542171	0.032608695
2542721	0.010869565
2542778	0.097826086
2543758	0.641304347
2543959	0.032608695
2544984	0.054347826
2545630	0.217391304
2545951	0.054347826
2546255	0.445652173
2547332	0.021739130
2547384	0.641304347
2548552	0.641304347
2549099	0.010869565
2549164	0.586956521
2549534	0.173913043
2549595	0.021739130
2549999	0.054347826
2550139	0.173913043
2550349	0.510869565
2550918	0.554347826
2551056	0.010869565
2551723	0.293478260
2551749	0.010869565
2552369	0.010869565
2552492	0.641304347
2552605	0.641304347
2552623	0.641304347
2553672	0.173913043
2553741	0.130434782
2554760	0.076086956
2556277	0.500000000
2557081	0.010869565
2557291	0.108695652
2557432	0.641304347
2557744	0.641304347
2558278	0.510869565
2559263	0.293478260
2560927	0.043478260
2560975	0.021739130
2562150	0.141304347
2562711	0.315217391
2562950	0.010869565
2563193	0.021739130
2563495	0.021739130
2563571	0.032608695
2563642	0.032608695
2564019	0.086956521
2564198	0.065217391
2564282	0.641304347
2564420	0.021739130
2564896	0.032608695
2565469	0.641304347
2565875	0.021739130
2566241	0.021739130
2568697	0.086956521
2568974	0.086956521
2569283	0.250000000
2569677	0.423913043
2570103	0.021739130
2570811	0.021739130
2571376	0.641304347
2571463	0.021739130
2571670	0.467391304
2571976	0.173913043
2572081	0.391304347
2572312	0.010869565
2572847	0.021739130
2572864	0.021739130
2572894	0.010869565
2573428	0.021739130
2573457	0.391304347
2573558	0.641304347
2573999	0.130434782
2574312	0.641304347
2574855	0.021739130
2574862	0.010869565
2575957	0.293478260
2576276	0.021739130
2576289	0.521739130
2576333	0.010869565
2577035	0.206521739
2577100	0.021739130
2577120	0.010869565
2578645	0.010869565
2579010	0.119565217
2579473	0.641304347
2579745	0.021739130
2579865	0.021739130
2580046	0.608695652
2580059	0.021739130
2580449	0.010869565
2580452	0.641304347
2580873	0.630434782
2581136	0.021739130
2581431	0.043478260
2582051	0.086956521
2582175	0.119565217
2582997	0.021739130
2583299	0.510869565
2583720	0.021739130
2583919	0.086956521
2584143	0.010869565
2584885	0.445652173
2584991	0.641304347
2585398	0.032608695
2585789	0.641304347
2586101	0.271739130
2587109	0.086956521
2588303	0.108695652
2588545	0.086956521
2589286	0.097826086
2590181	0.641304347
2590470	0.500000000
2591103	0.510869565
2591171	0.173913043
2591631	0.021739130
2591661	0.010869565
2592433	0.119565217
2592473	0.641304347
2592929	0.108695652
2593055	0.043478260
2593313	0.021739130
2593456	0.010869565
2593622	0.032608695
2593792	0.010869565
2594812	0.119565217
2595064	0.641304347
2595728	0.010869565
2596157	0.010869565
2596392	0.010869565
2596500	0.032608695
2596644	0.032608695
2596670	0.043478260
2596878	0.086956521
2597609	0.010869565
2597953	0.173913043
2598001	0.032608695
2598262	0.641304347
2598355	0.641304347
2598538	0.010869565
2598970	0.641304347
2599369	0.010869565
2599754	0.010869565
2599908	0.086956521
2599930	0.641304347
2600113	0.010869565
2600885	0.641304347
2601056	0.163043478
2601808	0.043478260
2602266	0.086956521
2602680	0.043478260
2602728	0.010869565
2602745	0.467391304
2603320	0.586956521
2603728	0.021739130
2603824	0.641304347
2603931	0.641304347
2604488	0.032608695
2605348	0.010869565
2605369	0.021739130
2605734	0.086956521
2605930	0.021739130
2606225	0.086956521
2606311	0.641304347
2606368	0.630434782
2606379	0.641304347
2606458	0.010869565
2607243	0.021739130
2607412	0.010869565
2607740	0.391304347
2608517	0.293478260
2608544	0.086956521
2608550	0.010869565
2609032	0.641304347
2609271	0.021739130
2610024	0.076086956
2610034	0.010869565
2610223	0.641304347
2611389	0.076086956
2611396	0.086956521
2611753	0.010869565
2612384	0.054347826
2612739	0.217391304
2612812	0.021739130
2613042	0.380434782
2613296	0.641304347
2614353	0.021739130
2614714	0.010869565
2614785	0.641304347
2614830	0.010869565
2615905	0.021739130
2616087	0.641304347
2616565	0.108695652
2616719	0.021739130
2617655	0.010869565
2617879	0.597826086
2618649	0.021739130
2618775	0.032608695
2618802	0.641304347
2619045	0.021739130
2619051	0.206521739
2619403	0.054347826
2619674	0.021739130
2619758	0.630434782
2619783	0.021739130
2620120	0.010869565
2620142	0.076086956
2620459	0.021739130
2621285	0.021739130
2621532	0.021739130
2621589	0.010869565
2621594	0.021739130
2621823	0.086956521
2622026	0.010869565
2622506	0.010869565
2622547	0.010869565
2622746	0.010869565
2622905	0.119565217
2623318	0.010869565
2623560	0.086956521
2623613	0.054347826
2623621	0.293478260
2623642	0.086956521
2623757	0.021739130
2623795	0.021739130
2624020	0.086956521
2624539	0.641304347
2624954	0.032608695
2625542	0.641304347
2625628	0.021739130
2625718	0.032608695
2627112	0.021739130
2627244	0.021739130
2627405	0.021739130
2627428	0.086956521
2628530	0.010869565
2628705	0.021739130
2628790	0.032608695
2629770	0.010869565
2630321	0.163043478
2631234	0.641304347
2631348	0.021739130
2633827	0.173913043
2633850	0.032608695
2634520	0.141304347
2634579	0.021739130
2634615	0.565217391
2634798	0.119565217
2635288	0.021739130
2635496	0.010869565
2635938	0.010869565
2635952	0.543478260
2636628	0.032608695
2637039	0.086956521
2637124	0.641304347
2637788	0.043478260
2637874	0.010869565
2638101	0.608695652
2638616	0.565217391
2638746	0.086956521
2640527	0.021739130
2640651	0.010869565
2640717	0.032608695
2640737	0.163043478
2642521	0.086956521
2642702	0.641304347
2643409	0.445652173
2643498	0.097826086
2643590	0.641304347
2643702	0.086956521
2644432	0.021739130
2644710	0.173913043
2644822	0.054347826
2645296	0.641304347
2645703	0.021739130
2645967	0.630434782
2646076	0.119565217
2646150	0.021739130
2646549	0.173913043
2646689	0.173913043
2646849	0.228260869
2646943	0.010869565
2647002	0.141304347
2647990	0.043478260
2648513	0.010869565
2649018	0.021739130
2649070	0.032608695
2649546	0.206521739
2649669	0.641304347
2650332	0.043478260
2650626	0.086956521
2651048	0.641304347
2651259	0.032608695
2651521	0.021739130
2651899	0.032608695
2652076	0.021739130
2652084	0.097826086
2652215	0.021739130
2652270	0.097826086
2652317	0.032608695
2652848	0.021739130
2653380	0.021739130
2653436	0.010869565
2653568	0.641304347
2653894	0.065217391
2653899	0.010869565
2653951	0.086956521
2654167	0.043478260
2654229	0.130434782
2654438	0.010869565
2654973	0.021739130
2655433	0.086956521
2655539	0.641304347
2655729	0.076086956
2656037	0.010869565
2656175	0.641304347
2656330	0.010869565
2657107	0.010869565
2657326	0.043478260
2657429	0.293478260
2657461	0.163043478
2658052	0.021739130
2658447	0.456521739
2658482	0.097826086
2659470	0.608695652
2659866	0.641304347
2659981	0.641304347
2659984	0.641304347
2660056	0.641304347
2660175	0.217391304
2660304	0.108695652
2660574	0.445652173
2660760	0.065217391
2660897	0.641304347
2660945	0.108695652
2661166	0.065217391
2662099	0.445652173
2662217	0.021739130
2663501	0.021739130
2663726	0.086956521
2663921	0.641304347
2664263	0.293478260
2664395	0.032608695
2664437	0.043478260
2664453	0.021739130
2664473	0.086956521
2664911	0.032608695
2665213	0.293478260
2665216	0.130434782
2665659	0.641304347
2665668	0.076086956
2665874	0.032608695
2666100	0.021739130
2666365	0.065217391
2666400	0.641304347
2666507	0.641304347
2666519	0.010869565
2666735	0.021739130
2667607	0.032608695
2667804	0.010869565
2667867	0.173913043
2667969	0.054347826
2668480	0.641304347
2668550	0.141304347
2668771	0.021739130
2669650	0.086956521
2670308	0.010869565
2670474	0.641304347
2670670	0.021739130
2670686	0.630434782
2670971	0.010869565
2671079	0.032608695
2671859	0.086956521
2672074	0.021739130
2672379	0.021739130
2672528	0.086956521
2672591	0.021739130
2672734	0.141304347
2672874	0.010869565
2672960	0.097826086
2673360	0.021739130
2673511	0.010869565
2673744	0.021739130
2673877	0.086956521
2674280	0.010869565
2674631	0.021739130
2675030	0.010869565
2675729	0.423913043
2675847	0.032608695
2675851	0.065217391
2675890	0.641304347
2675963	0.010869565
2676182	0.021739130
2676335	0.641304347
2676412	0.043478260
2676601	0.108695652
2677002	0.097826086
2677620	0.043478260
2678131	0.021739130
2678362	0.641304347
2678655	0.641304347
2678842	0.032608695
2679374	0.021739130
2679523	0.086956521
2679591	0.043478260
2679774	0.021739130
2680081	0.032608695
2680286	0.641304347
2680332	0.032608695
2680379	0.010869565
2680476	0.032608695
2680982	0.641304347
2681248	0.021739130
2681507	0.021739130
2682244	0.086956521
2682484	0.032608695
2682688	0.173913043
2682977	0.021739130
2683822	0.021739130
2684142	0.032608695
2684494	0.641304347
2684608	0.010869565
2684679	0.641304347
2685211	0.021739130
2685225	0.010869565
2685612	0.086956521
2686178	0.076086956
2687091	0.456521739
2687245	0.326086956
2687468	0.021739130
2687666	0.641304347
2688290	0.086956521
2688294	0.130434782
2688467	0.021739130
2689108	0.010869565
2689482	0.391304347
2689544	0.010869565
2689551	0.043478260
2689597	0.456521739
2689759	0.010869565
2689780	0.043478260
2689866	0.184782608
2690281	0.021739130
2690320	0.010869565
2690724	0.043478260
2690833	0.119565217
2690867	0.086956521
2691130	0.173913043
2691801	0.010869565
2692393	0.021739130
2692655	0.608695652
2692747	0.010869565
2692803	0.043478260
2692999	0.010869565
2693325	0.021739130
2693327	0.021739130
2694070	0.021739130
2694613	0.043478260
2694637	0.032608695
2694704	0.021739130
2694742	0.043478260
2694790	0.010869565
2694940	0.021739130
2695024	0.065217391
2695115	0.532608695
2695202	0.032608695
2695377	0.043478260
2695387	0.021739130
2695688	0.641304347
2696192	0.021739130
2696243	0.402173913
2696391	0.641304347
2696724	0.086956521
2696919	0.021739130
2697076	0.173913043
2697604	0.184782608
2697764	0.119565217
2698024	0.478260869
2698097	0.195652173
2698322	0.076086956
2698673	0.032608695
2698845	0.021739130
2699284	0.021739130
2699404	0.434782608
2699501	0.173913043
2699692	0.010869565
2699985	0.021739130
2700129	0.021739130
2700167	0.021739130
2700201	0.010869565
2700470	0.021739130
2700530	0.010869565
2701292	0.173913043
2701585	0.423913043
2701957	0.641304347
2702902	0.641304347
2702944	0.021739130
2703769	0.086956521
2703865	0.641304347
2704324	0.021739130
2704470	0.032608695
2704591	0.065217391
2704663	0.641304347
2704676	0.010869565
2704812	0.554347826
2706489	0.010869565
2706882	0.641304347
2706949	0.097826086
2707015	0.456521739
2707057	0.641304347
2707164	0.010869565
2707346	0.076086956
2707485	0.010869565
2707539	0.043478260
2707558	0.641304347
2707561	0.021739130
2707610	0.065217391
2708021	0.010869565
2708287	0.021739130
2708388	0.510869565
2708487	0.043478260
2708571	0.054347826
2708608	0.086956521
2708970	0.010869565
2709165	0.043478260
2709609	0.021739130
2709729	0.010869565
2709815	0.173913043
2709894	0.076086956
2710882	0.641304347
2711057	0.021739130
2711138	0.010869565
2711748	0.021739130
2711983	0.032608695
2712069	0.032608695
2712105	0.010869565
2712116	0.347826086
2712134	0.021739130
2712179	0.010869565
2712247	0.010869565
2712531	0.021739130
2712986	0.021739130
2713799	0.576086956
2713929	0.641304347
2714266	0.021739130
2714336	0.641304347
2715334	0.130434782
2715352	0.076086956
2715462	0.021739130
2715564	0.086956521
2716243	0.065217391
2716245	0.043478260
2716387	0.391304347
2716614	0.173913043
2717128	0.010869565
2717392	0.086956521
2717788	0.032608695
2718109	0.152173913
2718123	0.173913043
2718195	0.010869565
2718706	0.010869565
2719417	0.641304347
2719559	0.010869565
2719614	0.010869565
2719850	0.097826086
2720358	0.076086956
2720617	0.380434782
2721298	0.173913043
2721607	0.228260869
2722088	0.641304347
2722189	0.206521739
2722198	0.641304347
2722739	0.054347826
2723078	0.119565217
2723091	0.043478260
2723221	0.369565217
2723319	0.586956521
2723416	0.010869565
2723666	0.021739130
2723983	0.271739130
2724000	0.086956521
2724009	0.043478260
2724018	0.086956521
2724075	0.032608695
2724760	0.043478260
2725387	0.086956521
2725403	0.010869565
2725798	0.021739130
2727231	0.445652173
2727373	0.086956521
2727400	0.021739130
2727815	0.641304347
2728237	0.641304347
2728814	0.086956521
2728935	0.010869565
2729003	0.021739130
2729150	0.391304347
2729524	0.184782608
2729566	0.065217391
2729664	0.021739130
2729934	0.510869565
2730135	0.054347826
2730566	0.076086956
2730605	0.010869565
2730660	0.021739130
2730766	0.641304347
2730834	0.010869565
2731945	0.478260869
2732025	0.021739130
2732220	0.054347826
2732337	0.130434782
2732353	0.641304347
2732418	0.641304347
2733494	0.086956521
2733591	0.021739130
2734111	0.010869565
2734218	0.010869565
2734427	0.021739130
2734559	0.456521739
2734677	0.641304347
2735007	0.043478260
2735293	0.021739130
2735767	0.630434782
2735958	0.021739130
2736063	0.641304347
2736107	0.347826086
2736278	0.054347826
2736323	0.010869565
2736362	0.010869565
2736738	0.293478260
2737082	0.641304347
2737191	0.641304347
2737336	0.641304347
2737490	0.021739130
2737704	0.032608695
2738078	0.021739130
2738112	0.021739130
2738452	0.119565217
2738647	0.021739130
2738831	0.010869565
2739204	0.010869565
2739212	0.076086956
2739332	0.021739130
2739860	0.173913043
2739941	0.391304347
2740372	0.021739130
2740599	0.021739130
2740754	0.086956521
2740784	0.021739130
2741101	0.163043478
2741110	0.173913043
2741263	0.021739130
2741386	0.641304347
2741820	0.119565217
2741913	0.641304347
2741961	0.141304347
2742404	0.391304347
2742405	0.586956521
2742420	0.021739130
2742424	0.032608695
2742531	0.456521739
2742595	0.086956521
2742970	0.021739130
2743546	0.086956521
2743699	0.641304347
2743997	0.641304347
2744666	0.119565217
2744860	0.032608695
2745085	0.076086956
2745095	0.054347826
2745225	0.076086956
2745243	0.163043478
2745266	0.032608695
2745282	0.010869565
2745391	0.010869565
2745493	0.021739130
2745692	0.032608695
2745750	0.641304347
2745969	0.445652173
2746202	0.021739130
2746404	0.478260869
2747138	0.010869565
2747220	0.065217391
2747370	0.021739130
2747496	0.119565217
2747645	0.391304347
2747675	0.032608695
2747926	0.010869565
2747933	0.021739130
2747958	0.010869565
2748275	0.402173913
2749140	0.032608695
2749218	0.021739130
2749281	0.010869565
2749344	0.021739130
2749783	0.021739130
2749835	0.010869565
2749999	0.021739130
2750164	0.010869565
2750398	0.043478260
2751047	0.021739130
2751601	0.065217391
2751949	0.086956521
2752189	0.641304347
2752216	0.576086956
2752334	0.043478260
2752387	0.010869565
2752466	0.021739130
2752543	0.641304347
2752864	0.010869565
2752902	0.032608695
2752931	0.586956521
2752958	0.554347826
2752978	0.065217391
2753105	0.010869565
2753142	0.021739130
2753458	0.021739130
2753488	0.043478260
2753491	0.021739130
2753571	0.010869565
2753704	0.097826086
2753800	0.010869565
2753844	0.032608695
2753915	0.021739130
2753960	0.032608695
2754183	0.097826086
2754278	0.021739130
2754351	0.043478260
2754508	0.021739130
2754548	0.032608695
2754594	0.195652173
2755115	0.021739130
2755232	0.173913043
2755381	0.010869565
2755561	0.032608695
2755581	0.641304347
2755651	0.043478260
2755807	0.021739130
2755853	0.163043478
2755854	0.032608695
2756103	0.021739130
2756437	0.010869565
2756584	0.565217391
2756764	0.032608695
2757448	0.391304347
2757503	0.021739130
2757857	0.641304347
2757917	0.021739130
2758041	0.054347826
2758156	0.010869565
2758331	0.010869565
2758461	0.010869565
2758470	0.010869565
2758789	0.021739130
2758929	0.173913043
2759176	0.010869565
2759218	0.021739130
2759312	0.021739130
2759474	0.195652173
2759594	0.021739130
2759595	0.010869565
2759720	0.032608695
2759738	0.010869565
2760074	0.043478260
2760123	0.021739130
2760246	0.086956521
2760276	0.076086956
2760421	0.065217391
2760442	0.206521739
2760458	0.021739130
2760610	0.010869565
2760643	0.173913043
2760646	0.641304347
2760837	0.641304347
2760977	0.054347826
2760986	0.173913043
2761111	0.010869565
2761303	0.271739130
2761621	0.010869565
2761674	0.021739130
2761717	0.119565217
2761735	0.641304347
2761763	0.010869565
2761887	0.282608695
2762494	0.021739130
2762517	0.293478260
2762679	0.010869565
2762727	0.032608695
2762882	0.010869565
2763304	0.021739130
2763441	0.054347826
2763653	0.010869565
2763711	0.010869565
2763820	0.021739130
2763942	0.021739130
2763967	0.195652173
2764003	0.619565217
2764625	0.021739130
2764655	0.010869565
2764778	0.021739130
2764862	0.641304347
2764871	0.130434782
2765492	0.021739130
2765501	0.021739130
2766432	0.010869565
2766479	0.010869565
2766836	0.032608695
2767102	0.010869565
2767250	0.010869565
2767621	0.010869565
2767624	0.010869565
2767662	0.217391304
2767668	0.065217391
2767680	0.130434782
2767988	0.043478260
2768180	0.054347826
2768941	0.010869565
2769177	0.250000000
2769345	0.108695652
2769396	0.413043478
2769437	0.065217391
2769509	0.086956521
2770702	0.315217391
2770959	0.641304347
2771183	0.065217391
2771268	0.010869565
2771729	0.010869565
2772018	0.010869565
2772186	0.021739130
2772248	0.456521739
2772393	0.032608695
2772644	0.010869565
2772720	0.086956521
2773047	0.032608695
2773317	0.010869565
2773738	0.010869565
2774081	0.086956521
2774407	0.021739130
2774539	0.152173913
2774554	0.021739130
2774963	0.641304347
2775171	0.065217391
2775228	0.641304347
2776048	0.086956521
2776492	0.054347826
2776661	0.021739130
2776804	0.532608695
2776817	0.521739130
2776895	0.010869565
2776957	0.086956521
2777134	0.043478260
2777394	0.021739130
2777557	0.032608695
2777645	0.021739130
2777695	0.108695652
2777892	0.369565217
2778048	0.021739130
2778058	0.021739130
2778113	0.065217391
2778769	0.010869565
2778933	0.021739130
2778981	0.032608695
2779482	0.010869565
2779701	0.054347826
2780028	0.021739130
2780048	0.010869565
2780103	0.021739130
2780167	0.010869565
2780333	0.021739130
2780873	0.021739130
2780921	0.086956521
2781295	0.010869565
2781380	0.641304347
2781683	0.054347826
2781739	0.054347826
2781882	0.010869565
2782003	0.043478260
2782088	0.021739130
2782732	0.467391304
2782907	0.086956521
2783046	0.163043478
2783383	0.630434782
2783810	0.010869565
2784044	0.152173913
2784154	0.010869565
2784234	0.010869565
2784297	0.021739130
2784458	0.010869565
2784461	0.641304347
2784759	0.021739130
2784866	0.021739130
2784990	0.054347826
2785028	0.097826086
2785135	0.032608695
2785142	0.010869565
2785256	0.010869565
2785273	0.065217391
2785322	0.021739130
2785367	0.010869565
2785690	0.021739130
2786453	0.021739130
2786563	0.054347826
2786777	0.032608695
2786892	0.173913043
2786957	0.293478260
2787128	0.021739130
2787298	0.032608695
2787307	0.054347826
2787373	0.086956521
2787468	0.521739130
2788030	0.641304347
2788545	0.010869565
2788760	0.010869565
2788842	0.086956521
2789270	0.021739130
2789520	0.608695652
2789822	0.010869565
2790548	0.076086956
2790686	0.010869565
2790932	0.173913043
2792013	0.250000000
2792140	0.402173913
2792506	0.195652173
2793059	0.010869565
2793079	0.010869565
2794407	0.032608695
2794508	0.021739130
2794745	0.173913043
2795047	0.032608695
2795152	0.021739130
2795534	0.021739130
2795559	0.021739130
2795796	0.021739130
2796071	0.010869565
2796113	0.010869565
2796172	0.021739130
2796344	0.076086956
2797321	0.043478260
2797457	0.043478260
2797755	0.065217391
2797788	0.043478260
2797965	0.021739130
2798628	0.032608695
2798814	0.010869565
2798871	0.021739130
2798946	0.010869565
2799026	0.086956521
2799089	0.641304347
2799231	0.423913043
2800370	0.010869565
2800491	0.010869565
2800521	0.021739130
2800888	0.032608695
2801734	0.043478260
2801772	0.010869565
2801888	0.010869565
2802441	0.010869565
2802446	0.043478260
2803092	0.021739130
2803807	0.119565217
2804661	0.010869565
2805538	0.010869565
2805561	0.021739130
2805665	0.043478260
2805684	0.641304347
2805764	0.054347826
2805948	0.010869565
2806302	0.543478260
2806379	0.173913043
2806492	0.010869565
2806792	0.630434782
2806967	0.043478260
2807404	0.010869565
2807776	0.010869565
2807831	0.010869565
2808067	0.130434782
2808580	0.086956521
2809344	0.021739130
2810127	0.021739130
2810496	0.402173913
2811101	0.010869565
2811832	0.010869565
2811868	0.021739130
2812015	0.032608695
2812079	0.021739130
2812117	0.184782608
2812178	0.010869565
2812191	0.021739130
2813707	0.173913043
2813855	0.010869565
2813897	0.032608695
2814612	0.021739130
2814764	0.032608695
2815271	0.032608695
2815302	0.554347826
2815476	0.086956521
2816610	0.010869565
2816993	0.043478260
2817113	0.021739130
2817130	0.021739130
2817660	0.010869565
2817715	0.510869565
2817805	0.010869565
2818328	0.043478260
2818377	0.010869565
2818502	0.641304347
2818700	0.010869565
2818994	0.010869565
2819034	0.641304347
2819305	0.130434782
2820249	0.032608695
2820655	0.032608695
2820782	0.021739130
2821472	0.010869565
2821747	0.402173913
2821886	0.021739130
2822205	0.010869565
2822880	0.010869565
2823003	0.021739130
2823283	0.021739130
2823344	0.086956521
2824355	0.010869565
2825367	0.010869565
2825491	0.086956521
2825548	0.163043478
2825677	0.391304347
2826124	0.010869565
2826364	0.021739130
2826910	0.021739130
2827017	0.010869565
2827155	0.641304347
2827185	0.043478260
2827623	0.010869565
2827874	0.010869565
2828262	0.402173913
2828743	0.152173913
2829022	0.641304347
2829085	0.032608695
2829184	0.010869565
2829471	0.195652173
2829655	0.010869565
2829776	0.010869565
2830907	0.326086956
2832088	0.032608695
2832106	0.010869565
2832154	0.010869565
2833249	0.021739130
2834201	0.010869565
2834402	0.043478260
2834708	0.010869565
2834851	0.021739130
2835149	0.032608695
2835223	0.021739130
2838209	0.228260869
2838287	0.010869565
2838965	0.010869565
2840176	0.010869565
2840453	0.010869565
2840616	0.641304347
2840754	0.010869565
2840767	0.010869565
2840813	0.630434782
2840919	0.021739130
2841504	0.065217391
2841576	0.021739130
2842955	0.010869565
2844072	0.043478260
2844653	0.010869565
2845238	0.043478260
2845462	0.054347826
2846271	0.021739130
2846869	0.010869565
2847685	0.054347826
2847726	0.065217391
2848216	0.641304347
2848537	0.021739130
2850035	0.021739130
2850653	0.641304347
2850839	0.641304347
2851930	0.641304347
2852152	0.010869565
2852526	0.010869565
2852916	0.021739130
2853066	0.021739130
2853638	0.032608695
2854076	0.021739130
2854342	0.010869565
2857770	0.130434782
2858518	0.021739130
2858939	0.032608695
2859063	0.304347826
2859335	0.021739130
2859576	0.184782608
2860708	0.554347826
2860807	0.032608695
2861030	0.021739130
2861421	0.010869565
2861429	0.010869565
2861520	0.032608695
2862022	0.641304347
2862193	0.010869565
2862203	0.010869565
2862330	0.032608695
2862424	0.065217391
2862640	0.108695652
2862809	0.021739130
2863282	0.445652173
2863600	0.641304347
2863750	0.010869565
2864593	0.195652173
2864764	0.021739130
2864857	0.304347826
2866091	0.065217391
2866178	0.021739130
2867260	0.043478260
2867558	0.032608695
2868293	0.173913043
2868363	0.010869565
2868529	0.173913043
2868909	0.010869565
2869753	0.010869565
2871634	0.010869565
2871880	0.010869565
2871958	0.043478260
2872397	0.010869565
2873004	0.260869565
2873227	0.641304347
2873455	0.641304347
2873515	0.010869565
2873652	0.032608695
2874135	0.065217391
2874318	0.021739130
2874854	0.086956521
2875236	0.021739130
2875628	0.043478260
2875718	0.010869565
2876825	0.130434782
2877038	0.641304347
2877162	0.641304347
2877534	0.021739130
2877697	0.010869565
2877850	0.032608695
2878378	0.021739130
2878964	0.173913043
2879618	0.021739130
2879962	0.010869565
2880644	0.032608695
2880813	0.402173913
2881727	0.010869565
2882577	0.173913043
2883090	0.032608695
2883369	0.086956521
2884390	0.054347826
2884781	0.021739130
2884877	0.021739130
2885272	0.097826086
2885431	0.130434782
2885459	0.076086956
2885765	0.043478260
2886961	0.065217391
2887431	0.065217391
2887440	0.010869565
2887486	0.010869565
2887660	0.010869565
2887684	0.043478260
2888511	0.228260869
2888648	0.021739130
2888685	0.641304347
2889100	0.358695652
2889429	0.032608695
2889651	0.336956521
2889987	0.641304347
2890012	0.010869565
2890242	0.021739130
2891134	0.021739130
2891472	0.641304347
2892196	0.021739130
2892327	0.054347826
2893873	0.010869565
2894143	0.641304347
2894645	0.032608695
2894852	0.347826086
2894900	0.010869565
2894954	0.021739130
2895268	0.282608695
2896522	0.293478260
2896806	0.021739130
2898199	0.641304347
2899117	0.010869565
2900180	0.032608695
2900496	0.010869565
2901052	0.010869565
2901382	0.021739130
2901501	0.369565217
2902376	0.010869565
2902450	0.086956521
2903527	0.152173913
2903941	0.010869565
2905255	0.086956521
2905592	0.043478260
2906392	0.021739130
2906829	0.304347826
2907471	0.021739130
2908635	0.641304347
2910064	0.391304347
2911541	0.173913043
2912021	0.641304347
2912260	0.086956521
2913155	0.228260869
2914706	0.021739130
2916189	0.293478260
2916870	0.391304347
2917507	0.108695652
2917805	0.076086956
2918468	0.043478260
2919307	0.010869565
2921147	0.358695652
2924315	0.641304347
2924748	0.293478260
2928234	0.641304347
2930937	0.086956521
2943348	0.021739130
2944183	0.021739130
2954166	0.010869565
2959036	0.010869565
2959354	0.032608695
2963149	0.021739130
2963298	0.054347826
2963575	0.021739130
2967040	0.119565217
2969333	0.021739130
2970702	0.010869565
2971165	0.021739130
2973144	0.445652173
2973309	0.565217391
2974928	0.010869565
2976164	0.021739130
2977013	0.032608695
2977537	0.043478260
2979494	0.021739130
2979878	0.641304347
2982030	0.054347826
2983264	0.010869565
2984170	0.010869565
2986205	0.097826086
2987355	0.032608695
2990293	0.043478260
2990488	0.054347826
2990517	0.010869565
2991808	0.021739130
2993951	0.152173913
2994216	0.010869565
2996639	0.293478260
2998083	0.021739130
2999906	0.032608695
3002688	0.010869565
3003153	0.021739130
3008168	0.641304347
3011664	0.010869565
3016371	0.010869565
3018268	0.032608695
3020104	0.010869565
3020326	0.119565217
3021842	0.239130434
3022005	0.054347826
3022961	0.010869565
3027599	0.021739130
3031390	0.021739130
3034088	0.021739130
3035083	0.054347826
3036244	0.010869565
3045469	0.434782608
3045613	0.163043478
3046340	0.010869565
3049306	0.010869565
3068371	0.163043478
3071043	0.021739130
3078139	0.010869565
3080022	0.032608695
3084862	0.021739130
3085632	0.010869565
3085945	0.021739130
3087093	0.021739130
3088706	0.032608695
3091070	0.010869565
3093169	0.445652173
3094734	0.021739130
3102336	0.021739130
3102350	0.021739130
3103222	0.043478260
3104051	0.032608695
3105799	0.010869565
3109213	0.206521739
3113118	0.021739130
3113978	0.032608695
3116124	0.076086956
3117584	0.641304347
3122446	0.021739130
3122963	0.010869565
3128877	0.021739130
3137077	0.086956521
3138489	0.228260869
3138924	0.021739130
3138974	0.043478260
3142042	0.086956521
3144332	0.043478260
3145053	0.010869565
3149191	0.021739130
3153080	0.119565217
3153130	0.010869565
3157670	0.086956521
3164428	0.010869565
3169884	0.021739130
3170420	0.032608695
3175020	0.641304347
3182594	0.054347826
3183736	0.021739130
3186921	0.010869565
3191309	0.641304347
3193015	0.021739130
3194306	0.043478260
3196535	0.641304347
3203279	0.010869565
3204209	0.010869565
3205711	0.021739130
3209908	0.021739130
3216670	0.010869565
3219842	0.043478260
3225033	0.010869565
3231262	0.010869565
3238988	0.043478260
3243064	0.076086956
3244850	0.119565217
3246039	0.010869565
3249785	0.021739130
3253531	0.086956521
3259361	0.010869565
3261333	0.086956521
3268295	0.108695652
3268600	0.032608695
3289683	0.021739130
3292307	0.021739130
3294266	0.010869565
3295333	0.086956521
3296213	0.010869565
3296294	0.010869565
3300191	0.010869565
3312616	0.086956521
3315783	0.032608695
3316952	0.021739130
3318877	0.010869565
3322932	0.021739130
3329133	0.326086956
3336879	0.021739130
3337164	0.641304347
3338272	0.554347826
3341508	0.010869565
3345188	0.054347826
3345192	0.054347826
3352745	0.010869565
3356050	0.010869565
3360763	0.021739130
3363829	0.021739130
3369169	0.010869565
3377191	0.021739130
3378575	0.086956521
3385772	0.010869565
3403397	0.010869565
3413157	0.010869565
3414252	0.021739130
3415282	0.086956521
3432665	0.010869565
3437044	0.021739130
3437579	0.010869565
3449683	0.293478260
3454802	0.119565217
3459188	0.010869565
3462169	0.021739130
3478177	0.086956521
3480088	0.021739130
3492656	0.010869565
3504403	0.021739130
3506795	0.641304347
3508631	0.510869565
3510948	0.021739130
