2028644	3
518351	3
1774890	3
1795443	3
230875	3
389345	3
2017262	3
2588880	3
2454687	3
1318742	3
2771964	3
742322	3
1638017	3
457869	3
2335875	3
1496501	3
2933290	3
2217138	3
13242	3
1849486	3
2436182	3
994081	3
1036444	3
453021	3
2009470	3
3409	3
1115064	3
3107348	3
1842430	3
760491	3
2993319	3
2897303	3
2042621	3
749405	3
416329	3
1390223	3
292593	3
1636769	3
2247892	3
2957630	3
623413	3
399672	3
1800126	3
2907313	3
1937050	3
3101121	3
13853	3
38426	3
482397	3
1893313	3
1139533	3
3017968	3
805883	3
1225897	3
3011888	3
2074359	3
762011	3
2830889	3
1422796	3
688251	3
2133633	3
12684	3
2233016	3
2483567	3
3093737	3
2276884	3
3034378	3
228000	3
2108023	3
1027442	3
3072462	3
1940815	3
1315530	3
214775	3
3186964	3
3246525	3
2280842	3
2072220	3
1557770	3
85860	3
3161226	3
2658935	3
1812572	3
1106132	3
3110140	3
3039631	3
2828706	3
2914944	3
3003328	3
1699848	3
462593	3
341127	3
2750559	3
2960860	3
2631421	3
1736546	3
3013981	3
3109734	3
1167531	3
124063	3
2959608	3
1668346	3
2358953	3
1889002	3
2714994	3
3021110	3
2092819	3
3123899	3
1352223	3
34128	3
979527	3
1726123	3
17943	3
1853471	3
1863500	3
1497564	3
2258563	3
2212206	3
984528	3
361127	3
1142827	3
194638	3
2405162	3
310747	3
2889081	3
2953289	3
2183954	3
2048589	3
2641562	3
2976936	3
2834548	3
2712974	3
1591661	3
2932439	3
2981393	3
714738	3
162781	3
608681	3
2079335	3
2797905	3
25564	3
3290811	3
3031958	3
1025797	3
979087	3
3017375	3
965324	3
3297357	3
1420745	3
16427	3
1349854	3
24083	3
772042	3
2075917	3
1095526	3
784657	3
15619	3
904382	3
387839	3
1851947	3
3180729	3
2097709	3
1521603	3
493240	3
1564290	3
1569887	3
623134	3
2707121	3
3284245	3
73066	3
373588	3
1777299	3
1656346	3
3049019	3
2022754	3
2570816	3
649285	3
1017979	3
519327	3
2211110	3
2622719	3
649500	3
237600	3
1752205	3
2173909	3
3250075	3
2930821	3
17044	3
724038	3
2068617	3
174942	3
2113118	3
2869814	3
849861	3
2466105	3
98303	3
1835459	3
2844164	3
3023783	3
2865386	3
71034	3
2941772	3
2494656	3
1056309	3
2720549	3
1716358	3
3026448	3
2823999	3
3092602	3
24594	3
1518032	3
3619	3
1763551	3
2290047	3
2276926	3
2614594	3
122045	3
3142991	3
202080	3
2697861	3
1324171	3
541937	3
636970	3
2260525	3
1424645	3
3044643	3
781296	3
18662	3
3085674	3
405357	3
124249	3
1097662	3
392274	3
266710	3
1442424	3
2789890	3
1731871	3
1478625	3
3490430	3
426716	3
1380257	3
1049790	3
57347	3
1714530	3
2935236	3
1930200	3
24018	3
1022190	3
1923146	3
93520	3
2613067	3
2640829	3
1023303	3
3122200	3
2367560	3
281839	3
3557895	3
2917749	3
1055537	3
1940203	3
2978926	3
768425	3
953962	3
247845	3
24971	3
1661596	3
3040768	3
1100460	3
671381	3
919521	3
1148870	3
1487067	3
288886	3
1271173	3
3249154	3
211834	3
2837614	3
2881488	3
2939743	3
1711229	3
3342753	3
2973761	3
550186	3
1586454	3
465215	3
1829675	3
521478	3
1589316	3
1582034	3
3190037	3
2219952	3
830586	3
1280240	3
3453184	3
2159086	3
1146359	3
448542	3
3039681	3
3008742	3
2554633	3
129362	3
206862	3
1288725	3
259264	3
11795	3
2648556	3
2963997	3
127328	3
2337147	3
1311741	3
2824761	3
2456502	3
2697348	3
728053	3
423620	3
2274298	3
14958	3
935513	3
2587299	3
3051436	3
3044739	3
1607568	3
3073459	3
3000689	3
1565059	3
2359005	3
3045045	3
2217135	3
389590	3
3021618	3
20322	3
1802432	3
175690	3
44965	3
1256839	3
1179845	3
2569570	3
2483572	3
2136376	3
1970174	3
2715564	3
258707	3
2977193	3
1756502	3
3153	3
2337311	3
1801984	3
2363402	3
1134083	3
1875643	3
2626382	3
3064169	3
3401972	3
3024673	3
962971	3
2016154	3
7153	3
1582354	3
318354	3
2550324	3
3302670	3
972229	3
2997764	3
951567	3
1718447	3
1610652	3
3045486	3
1587682	3
1597352	3
157040	3
37574	3
2838461	3
1306144	3
2358361	3
2546288	3
2574207	3
2721791	3
2977774	3
1484847	3
3085002	3
3419064	3
224099	3
1363006	3
2849122	3
2941639	3
625936	3
158829	3
151499	3
2147726	3
2029504	3
905993	3
2681021	3
750883	3
2677928	3
22247	3
2341851	3
1317991	3
1958190	3
2959593	3
3114206	3
2201598	3
818596	3
3127726	3
422904	3
823219	3
1869304	3
24318	3
3884	3
3009068	3
1799746	3
3373348	3
291956	3
2997811	3
900503	3
752296	3
3318950	3
923857	3
510862	3
2958605	3
1518942	3
3970	3
883069	3
2073888	3
1865865	3
2356228	3
1940305	3
1923041	3
2618385	3
927198	3
2178707	3
286175	3
2031449	3
2674753	3
1571429	3
3094304	3
747099	3
705741	3
825329	3
1006357	3
1662294	3
894949	3
2160668	3
2448765	3
8261	3
13760	3
1471349	3
3003877	3
3073345	3
1229672	3
3086715	3
1870232	3
1405874	3
954627	3
322670	3
2928857	3
90048	3
2203853	3
36557	3
2648454	3
3384195	3
2807055	3
3066617	3
3063226	3
2074266	3
478400	3
1927599	3
2261225	3
2307550	3
75252	3
2989274	3
1930437	3
3052350	3
1997609	3
2295927	3
1257537	3
2687706	3
1027681	3
866721	3
314322	3
1333815	3
2790078	3
3009976	3
793813	3
1363995	3
631174	3
3328304	3
329901	3
1691691	3
3525909	3
2022386	3
990606	3
1022112	3
2099428	3
919927	3
1135995	3
783962	3
3013241	3
762900	3
3091021	3
2002771	3
3058512	3
646893	3
333905	3
2063709	3
3006309	3
1105234	3
1868733	3
117435	3
62039	3
23889	3
2431646	3
2076272	3
2029231	3
3111853	3
1081567	3
1566837	3
2108403	3
3468638	3
49602	3
1576357	3
286796	3
774750	3
3081640	3
2107725	3
2863491	3
1973597	3
1233763	3
34443	3
3183429	3
1779445	3
53878	3
1603075	3
2141046	3
1876190	3
986125	3
3047413	3
2113954	3
2170231	3
2335614	3
119201	3
865840	3
1872431	3
367938	3
3157793	3
114975	3
1440164	3
2867218	3
1289536	3
508850	3
1615244	3
297324	3
5901	3
2547269	3
3081154	3
1347536	3
2376545	3
884388	3
2231480	3
538995	3
912633	3
306440	3
1228452	3
1790458	3
1727626	3
2085305	3
1700591	3
2061239	3
1283123	3
1067217	3
937839	3
1840739	3
1700604	3
36069	3
2890734	3
2983796	3
2169424	3
3364055	3
2397486	3
3035866	3
1331912	3
2377434	3
2554040	3
34093	3
3154191	3
822954	3
996929	3
3026383	3
3008103	3
1114264	3
1514025	3
3024965	3
564738	3
2640598	3
429791	3
2532846	3
1708129	3
3127976	3
2998211	3
1053437	3
2650894	3
525378	3
646248	3
3185002	3
2042407	3
1701775	3
1349976	3
1108925	3
2966585	3
2762776	3
739806	3
2434254	3
1915331	3
2408785	3
997894	3
369227	3
3144661	3
2653130	3
1354836	3
333647	3
342084	3
2974483	3
3239717	3
1219873	3
1861340	3
1745667	3
2172250	3
2361173	3
2638503	3
1748872	3
3046678	3
3256997	3
2886975	3
852130	3
2701942	3
1234126	3
1856941	3
2334812	3
1193230	3
2917121	3
2478578	3
2284286	3
3071835	3
2941731	3
2962371	3
2296234	3
1032728	3
2204338	3
731985	3
1993710	3
1522218	3
3557910	3
531987	3
3084835	3
1417851	3
1223555	3
2846307	3
734564	3
22809	3
1602363	3
2094933	3
1163624	3
3042698	3
2748349	3
403913	3
999180	3
255538	3
2755744	3
2436401	3
2991202	3
3100189	3
638325	3
1239020	3
235430	3
1635551	3
2371936	3
1155304	3
1276806	3
60838	3
2605423	3
2663484	3
1018844	3
2567068	3
1235060	3
14002	3
2936459	3
842626	3
801374	3
454691	3
12427	3
1508097	3
2695422	3
526123	3
1788733	3
271207	3
1441899	3
1114758	3
2097299	3
1765046	3
47641	3
2582487	3
2633958	3
793287	3
658247	3
2068340	3
1653554	3
243882	3
2047945	3
1783171	3
1840278	3
2300056	3
2025357	3
1163251	3
3038092	3
1798853	3
2658811	3
3041911	3
91191	3
2950280	3
612356	3
320272	3
1299213	3
1946186	3
1021379	3
976896	3
3075389	3
630389	3
1970676	3
2688451	3
30832	3
1258169	3
578567	3
2493037	3
1244341	3
3170697	3
1010994	3
48704	3
1156240	3
2387599	3
1647305	3
2919430	3
616643	3
941066	3
1689801	3
1955716	3
2153290	3
514223	3
2535588	3
1288030	3
3147616	3
1317667	3
799141	3
636580	3
1751604	3
1112212	3
1018715	3
278065	3
2617705	3
2652857	3
50249	3
799875	3
280584	3
442960	3
1187740	3
3005839	3
2260086	3
444010	3
1692351	3
2272704	3
2920589	3
28761	3
2623281	3
515918	3
1405314	3
137539	3
1858491	3
845374	3
1588308	3
2914478	3
527165	3
2031	3
1754435	3
421226	3
1079130	3
2475268	3
1021573	3
3058858	3
2763438	3
2049709	3
1847539	3
2056181	3
2479817	3
952043	3
1669743	3
2770959	3
463269	3
2760561	3
997699	3
2630370	3
3012667	3
19068	3
3026659	3
310219	3
2977024	3
2978149	3
1292461	3
2690841	3
1612147	3
2368966	3
2603817	3
2908120	3
11812	3
996261	3
1035746	3
1985733	3
83595	3
25532	3
1791738	3
725264	3
2810618	3
3013129	3
2780216	3
2488315	3
1865193	3
250701	3
2610685	3
610230	3
3010779	3
3174444	3
1552958	3
2438997	3
2101457	3
1274716	3
1966473	3
870381	3
3040238	3
1381745	3
2984155	3
1114895	3
3112803	3
223376	3
206214	3
1438205	3
145072	3
8173	3
1919191	3
2814862	3
3220795	3
2085900	3
2146987	3
1968613	3
2461165	3
2320954	3
3348032	3
3310014	3
1914935	3
665159	3
1980634	3
1963738	3
1905932	3
1389567	3
1458691	3
20445	3
1769357	3
2889489	3
1915712	3
236738	3
1728660	3
1745691	3
2022320	3
905080	3
2234125	3
3087229	3
3162807	3
554347	3
3465596	3
1247796	3
2554565	3
1642623	3
1161619	3
1149019	3
1783344	3
739636	3
30737	3
1041914	3
1447007	3
5273	3
1847288	3
390825	3
2809701	3
1155276	3
2182945	3
2387114	3
1305026	3
2163799	3
3338752	3
12646	3
2762725	3
2888923	3
7400	3
358862	3
271596	3
267264	3
223777	3
963591	3
2024991	3
1868325	3
2452799	3
1736547	3
1543746	3
1328741	3
2021017	3
675449	3
267044	3
2838254	3
2994850	3
592571	3
2376477	3
2499687	3
1627366	3
2915832	3
2140361	3
3146844	3
1642475	3
1276186	3
460452	3
2164696	3
2836119	3
1710948	3
411560	3
19785	3
3016121	3
1785603	3
2252565	3
1043567	3
2313822	3
2388353	3
3268697	3
2248145	3
2881702	3
3380345	3
265796	3
2704491	3
2872285	3
267358	3
511259	3
2820656	3
1038658	3
846567	3
2503192	3
1661472	3
510635	3
2986835	3
528332	3
2460970	3
2654981	3
2027103	3
1962845	3
2547678	3
1993244	3
587850	3
2316382	3
1902126	3
3363289	3
1405231	3
2608318	3
3561	3
2184138	3
3201942	3
3416271	3
463282	3
457897	3
2955720	3
3070106	3
2506429	3
973701	3
926032	3
1085933	3
1290228	3
637000	3
1730730	3
2536883	3
1938103	3
28381	3
1371378	3
2059375	3
3122518	3
1863103	3
2402136	3
1295146	3
2963071	3
1269916	3
1832566	3
2528266	3
3410182	3
3148789	3
548245	3
1101629	3
3149081	3
45526	3
1160270	3
2564626	3
560419	3
2835988	3
3270066	3
2874919	3
1932632	3
1312653	3
376942	3
3125194	3
1996435	3
1972076	3
834401	3
2748545	3
2387620	3
1044034	3
226301	3
114810	3
3014303	3
2247020	3
1808106	3
2195929	3
246372	3
2902091	3
599204	3
2626749	3
3060516	3
461352	3
27295	3
1886838	3
1828914	3
3280496	3
1255089	3
1424554	3
3210119	3
3024060	3
21979	3
116616	3
1530063	3
1095934	3
300632	3
1434283	3
1091685	3
2895910	3
2951981	3
1160117	3
2537968	3
966070	3
1302217	3
3349824	3
472953	3
2973570	3
2344176	3
2120451	3
2955947	3
168706	3
534999	3
2933027	3
1974322	3
7136	3
435393	3
2449388	3
3100155	3
1126739	3
1161944	3
3008153	3
2407767	3
1008999	3
935811	3
3327999	3
1505814	3
1317871	3
2435930	3
2208728	3
753698	3
2921857	3
450585	3
2148865	3
1322108	3
453511	3
813075	3
2944894	3
1031498	3
951205	3
831735	3
2329151	3
2931441	3
1848699	3
10756	3
1129986	3
63833	3
789924	3
2247269	3
2299646	3
1288732	3
154804	3
1195732	3
1270249	3
780978	3
2663715	3
1803082	3
2949994	3
2077759	3
1567519	3
2997536	3
1951554	3
1816606	3
2705753	3
2814675	3
564923	3
1786604	3
3004097	3
2722983	3
2716582	3
1801032	3
1935975	3
1935542	3
1330634	3
3338370	3
1127794	3
246560	3
2439302	3
2628465	3
2439113	3
395432	3
1692129	3
3038190	3
2430532	3
3000644	3
1193398	3
343626	3
28355	3
1705365	3
586134	3
214450	3
660441	3
2589894	3
1761723	3
3520433	3
3188640	3
2715169	3
1071141	3
253200	3
2454099	3
3078628	3
1745256	3
2755912	3
920404	3
883891	3
683978	3
1754098	3
2955454	3
1002690	3
2645041	3
194732	3
1226334	3
291284	3
656925	3
3006429	3
3216843	3
1360758	3
634512	3
1099791	3
88164	3
3025337	3
1722780	3
752722	3
2114333	3
1883555	3
2503515	3
2074540	3
1834967	3
2876437	3
194255	3
1107679	3
2443823	3
2020693	3
2258527	3
2874108	3
2169700	3
2915118	3
39863	3
1427067	3
2234423	3
2748743	3
2631354	3
3395988	3
983707	3
1975438	3
1201489	3
2672453	3
3359870	3
2672627	3
21589	3
1604321	3
2803043	3
2986658	3
1185033	3
2949136	3
3058130	3
1460372	3
1991838	3
2274551	3
756163	3
650886	3
2444992	3
609625	3
2136889	3
108849	3
2366023	3
1217750	3
56494	3
1269449	3
928971	3
1028330	3
1465915	3
2982638	3
515493	3
3293444	3
2813815	3
2077766	3
3053092	3
610876	3
2451473	3
635278	3
466224	3
2216216	3
817122	3
1915832	3
3000468	3
143832	3
1867195	3
1917648	3
3033320	3
2295069	3
547508	3
206829	3
2161253	3
2227481	3
653857	3
3180680	3
322721	3
961320	3
1489222	3
2686693	3
1044968	3
3039999	3
2898238	3
585148	3
3121345	3
22005	3
1411063	3
1025733	3
508104	3
2995440	3
681470	3
2335866	3
2944004	3
2092207	3
676818	3
1823742	3
972948	3
2898496	3
2025919	3
2464450	3
518913	3
147266	3
2449661	3
836600	3
2653370	3
3043438	3
2196319	3
3131769	3
564506	3
3318475	3
2952816	3
1879190	3
1385210	3
247161	3
2297039	3
1651438	3
3051834	3
728790	3
54910	3
2982176	3
1966714	3
1103891	3
1708919	3
1627777	3
2463534	3
1063093	3
2144463	3
3077395	3
2921634	3
3027101	3
8128	3
14992	3
802943	3
48161	3
2298898	3
1658631	3
350159	3
3036303	3
972813	3
2862006	3
543439	3
2514172	3
1391946	3
469084	3
2889130	3
2263436	3
1430997	3
1325007	3
580677	3
15982	3
620238	3
762912	3
1667243	3
1445346	3
1765861	3
2962965	3
2988480	3
2996586	3
2819832	3
1341999	3
1764995	3
3409990	3
1733902	3
387833	3
2191231	3
3023353	3
2541672	3
3049225	3
2220842	3
245760	3
1724148	3
1381230	3
1695194	3
1710023	3
2946117	3
2259395	3
1385645	3
925081	3
548602	3
1462158	3
667505	3
1020414	3
358288	3
1934282	3
663760	3
1254756	3
2872318	3
3966	3
3201971	3
1243696	3
467174	3
3113318	3
1577852	3
3056907	3
3035739	3
484435	3
2655852	3
2252137	3
1045330	3
761038	3
415011	3
1535748	3
45493	3
2673063	3
1199372	3
1226258	3
1945839	3
681354	3
2480999	3
502497	3
2738698	3
2893059	3
1830150	3
2571540	3
2436820	3
3404979	3
1831949	3
372635	3
2279141	3
3042996	3
3114120	3
3036052	3
1433983	3
1054404	3
1458066	3
2436939	3
1931796	3
2791163	3
2659768	3
2237144	3
3084902	3
2642921	3
1322447	3
2355387	3
574819	3
2695404	3
313915	3
1406399	3
1773186	3
2119075	3
2740433	3
2682012	3
2601830	3
2052792	3
110379	3
2673643	3
1122695	3
2974225	3
968848	3
399295	3
2387447	3
604811	3
578169	3
2950834	3
2926116	3
2621926	3
2623974	3
10755	3
2225917	3
456591	3
964504	3
1386663	3
173851	3
3309566	3
1697720	3
2774445	3
570530	3
2167122	3
740220	3
522124	3
1514747	3
3536441	3
255514	3
31057	3
1216930	3
591144	3
2462532	3
1517424	3
401852	3
1399676	3
2260664	3
40189	3
1931980	3
986499	3
2027217	3
2913240	3
1798255	3
782066	3
1431782	3
1279458	3
1019331	3
1816222	3
3517606	3
473235	3
1843321	3
2403352	3
300856	3
953502	3
1006261	3
2340362	3
2898336	3
1567003	3
2029693	3
1887222	3
2974497	3
772850	3
1944599	3
2163711	3
1561043	3
7696	3
497589	3
456585	3
2915319	3
3010651	3
1028305	3
1751735	3
2645228	3
976602	3
2993329	3
1996368	3
444419	3
1055210	3
49486	3
2359066	3
717981	3
462097	3
764571	3
2622388	3
1502537	3
2791445	3
1874300	3
1852919	3
328020	3
2875711	3
1152260	3
2379112	3
523881	3
3377898	3
1058463	3
1277776	3
182857	3
1910546	3
1130566	3
2362685	3
171941	3
649315	3
2010135	3
1837982	3
2495078	3
914196	3
2658344	3
1854178	3
3070571	3
590857	3
2012677	3
3001656	3
752527	3
111051	3
15765	3
2953113	3
1874856	3
716193	3
998953	3
107003	3
1533342	3
529748	3
497788	3
12890	3
741894	3
2591129	3
1948112	3
1713699	3
976139	3
831592	3
2900577	3
2811350	3
2563804	3
1866017	3
2712439	3
2482564	3
1517345	3
3034986	3
533845	3
227383	3
1244991	3
2872560	3
1348689	3
2500081	3
131751	3
2945970	3
2102241	3
1421002	3
659289	3
2959975	3
3171786	3
1902288	3
1096189	3
605090	3
27835	3
17743	3
2101917	3
2343219	3
633818	3
156428	3
1667603	3
448161	3
2954562	3
2279063	3
1800665	3
237218	3
2563819	3
2692273	3
1224269	3
664661	3
251725	3
3316267	3
3421110	3
1313387	3
3059220	3
16669	3
1687462	3
2979670	3
642705	3
1310423	3
2747535	3
3057026	3
1708621	3
3114150	3
982079	3
2368882	3
1423713	3
632785	3
442474	3
2470780	3
1913160	3
397072	3
1450462	3
1436622	3
3049504	3
2030541	3
632527	3
1829008	3
805588	3
929478	3
1186296	3
1163415	3
2706921	3
2429232	3
2132772	3
2896484	3
1801016	3
2873741	3
3050362	3
60747	3
2645537	3
583100	3
2601731	3
1962295	3
1715384	3
3106417	3
2985822	3
1816204	3
1302945	3
2988014	3
264091	3
807822	3
1103187	3
1797231	3
1070812	3
3047864	3
1015315	3
3105671	3
1735863	3
784859	3
368951	3
515677	3
1367233	3
2258800	3
744107	3
118308	3
2320294	3
931873	3
675314	3
2576185	3
753889	3
299028	3
269278	3
2620711	3
2180536	3
2221053	3
103698	3
2682098	3
3553743	3
2210954	3
1089736	3
1524997	3
2177101	3
2910538	3
2899900	3
3176349	3
244293	3
1867642	3
2322108	3
2492178	3
852560	3
1942461	3
3042203	3
2913930	3
1015842	3
2523137	3
1005161	3
1843516	3
3118630	3
43137	3
718660	3
2697314	3
53906	3
1497718	3
1749391	3
2059109	3
1758141	3
1969004	3
1206608	3
935194	3
3376640	3
2569296	3
128015	3
2864092	3
3187836	3
51553	3
9849	3
684642	3
2566540	3
640807	3
464118	3
2893586	3
2079429	3
2201236	3
2201545	3
1342412	3
805869	3
20046	3
1827288	3
3087500	3
3023110	3
1624656	3
1110954	3
1527950	3
982885	3
2382467	3
1832211	3
415093	3
323884	3
2045783	3
3369235	3
1569885	3
13644	3
3007384	3
91099	3
1161204	3
2251579	3
2586898	3
455757	3
104238	3
62797	3
2664943	3
3036045	3
59246	3
1000475	3
627716	3
2157053	3
2782488	3
605716	3
408605	3
1379210	3
2933402	3
2698204	3
3065458	3
1093954	3
1169668	3
18506	3
2704966	3
1100403	3
1409927	3
1292768	3
1780063	3
170990	3
562124	3
2439021	3
3098794	3
3012701	3
265531	3
2987441	3
1030318	3
769402	3
274823	3
2965693	3
842313	3
1737248	3
2447280	3
2211358	3
618540	3
1613904	3
1949699	3
1852806	3
612588	3
1429421	3
1115531	3
435387	3
808531	3
1098590	3
296307	3
2915758	3
3360002	3
1794213	3
662024	3
2686114	3
2066786	3
1063397	3
3058845	3
488695	3
1456766	3
2012040	3
1729034	3
1291484	3
486230	3
2023725	3
3056922	3
2073472	3
1206212	3
1560823	3
1710849	3
634107	3
3033019	3
1095124	3
971462	3
1700237	3
3166651	3
284880	3
3039837	3
2084615	3
1702392	3
2942341	3
3115576	3
3047408	3
814284	3
601869	3
2453249	3
2085228	3
920037	3
1805067	3
2848746	3
314594	3
3040718	3
1991139	3
1930836	3
964918	3
793436	3
85235	3
2968137	3
2984556	3
2931282	3
3037215	3
319770	3
1863822	3
1444775	3
2145596	3
2625477	3
3039662	3
2721235	3
1348330	3
1447385	3
2544621	3
1406497	3
977516	3
2183204	3
2434785	3
3051135	3
681677	3
2636400	3
2122171	3
3095934	3
3012699	3
2684249	3
3150534	3
1006400	3
3325766	3
1242678	3
2977033	3
70237	3
973801	3
2728267	3
1172278	3
977144	3
1780085	3
2712970	3
1977078	3
1207900	3
74127	3
1969391	3
3094831	3
665761	3
3007455	3
2749337	3
1973603	3
1280291	3
2457882	3
3072611	3
37480	3
2764912	3
3321370	3
765838	3
1316816	3
3437511	3
1839876	3
1266282	3
1488687	3
3603	3
534715	3
1005682	3
2753436	3
3013585	3
2203808	3
180025	3
1571192	3
410100	3
5264	3
1336873	3
1688006	3
1709528	3
8212	3
2978538	3
1130241	3
1157903	3
731299	3
1055849	3
2878507	3
1500771	3
278704	3
2794022	3
2704428	3
1200812	3
1710064	3
37195	3
2861	3
748193	3
2223162	3
1299939	3
3147625	3
2705634	3
2467358	3
2170722	3
2770429	3
859379	3
772752	3
2423033	3
1345882	3
773214	3
509929	3
2188837	3
871054	3
1699097	3
2342160	3
1521793	3
1002591	3
1615876	3
1263303	3
253863	3
3125291	3
3408291	3
350920	3
3321835	3
2641754	3
886358	3
87448	3
3058131	3
1203897	3
482885	3
2301274	3
3098376	3
1780785	3
1538007	3
451393	3
2898992	3
3371918	3
2904614	3
686609	3
3050570	3
1271579	3
561859	3
2162144	3
551985	3
2216468	3
1754707	3
2022465	3
1029182	3
1524807	3
437036	3
529845	3
966850	3
823478	3
10134	3
708162	3
2263677	3
2730315	3
2915039	3
1127000	3
1227096	3
981192	3
2281726	3
11217	3
162563	3
136189	3
21248	3
1888798	3
1586751	3
992014	3
18380	3
1856786	3
970594	3
2747985	3
2475937	3
1262966	3
870514	3
2031045	3
3141995	3
3087576	3
3145702	3
1611029	3
213115	3
2785678	3
740188	3
321415	3
689876	3
3432076	3
2056141	3
3237660	3
3441090	3
112810	3
213797	3
3749	3
1519876	3
495839	3
634363	3
1753021	3
259116	3
707689	3
494863	3
1007766	3
2772046	3
2168241	3
291412	3
1731558	3
2229262	3
947353	3
949969	3
1422318	3
2593198	3
508986	3
3034050	3
175228	3
2028037	3
1525810	3
1752659	3
2637353	3
2764060	3
1361539	3
3178880	3
3038626	3
155822	3
2798134	3
1617169	3
1957056	3
2098855	3
2962101	3
1004341	3
306438	3
1604604	3
3011707	3
2269381	3
2698605	3
2024679	3
2137829	3
2055352	3
284855	3
965441	3
3501911	3
1729210	3
2367671	3
2447121	3
1532831	3
1804318	3
3542	3
1808600	3
2941305	3
1025981	3
137778	3
805941	3
3024168	3
1474297	3
1755236	3
2820510	3
2254242	3
66660	3
1649251	3
776464	3
735644	3
1309005	3
2694732	3
52989	3
2870932	3
1867218	3
1498454	3
47813	3
697961	3
3072073	3
2468825	3
2209006	3
36631	3
2856922	3
2974842	3
1271916	3
2705387	3
968882	3
296019	3
1129469	3
752031	3
2221393	3
2611936	3
130621	3
276059	3
139812	3
2523925	3
2801335	3
2984940	3
1790969	3
318615	3
902545	3
1582766	3
24408	3
961180	3
2566415	3
21003	3
2295559	3
1634440	3
2748499	3
1323499	3
3006359	3
320675	3
1531992	3
2615446	3
1781183	3
3023709	3
2125765	3
1268441	3
2362668	3
2820416	3
1121647	3
3083225	3
13033	3
681626	3
2474517	3
3205386	3
2740810	3
2756583	3
479885	3
3044686	3
2597545	3
710875	3
242403	3
1785288	3
2819693	3
3181511	3
2492479	3
1383062	3
1988952	3
2187697	3
1532333	3
2896013	3
2622211	3
178430	3
1813516	3
1235482	3
3491510	3
2113839	3
1434710	3
211707	3
2686898	3
1858638	3
8287	3
2211476	3
1592420	3
3205638	3
2079977	3
11212	3
2927183	3
2215520	3
3369858	3
2751258	3
1281752	3
1712895	3
972945	3
823268	3
2247982	3
10774	3
2370956	3
340864	3
917216	3
1644197	3
2651114	3
34969	3
2426220	3
1670419	3
1326634	3
2129575	3
971478	3
2703943	3
1838375	3
2673143	3
16540	3
1773498	3
2919013	3
1372536	3
1319355	3
2935887	3
2932984	3
2048877	3
1963740	3
1424746	3
3075270	3
2833808	3
1483399	3
3036091	3
99320	3
3029969	3
810300	3
2767913	3
2682291	3
1203788	3
388471	3
2208329	3
257442	3
2264067	3
1187524	3
3337475	3
427218	3
2431418	3
1905031	3
1429539	3
434095	3
2066219	3
800303	3
2362554	3
1011405	3
2281033	3
567326	3
3153612	3
1298046	3
655426	3
331761	3
2338104	3
2841761	3
1924850	3
1928327	3
280469	3
2595207	3
2216896	3
2086147	3
940192	3
1451098	3
336459	3
670322	3
1265177	3
478825	3
2234783	3
3050224	3
697005	3
3118675	3
2521075	3
520040	3
1739247	3
1915598	3
2183542	3
2137148	3
1028860	3
299610	3
198787	3
2050872	3
2333740	3
3078203	3
279426	3
2421410	3
2989088	3
2001862	3
2966451	3
3128726	3
837344	3
2125066	3
3099191	3
47772	3
2901519	3
1355107	3
3008432	3
2291169	3
3067135	3
1420326	3
305530	3
540011	3
3276334	3
1351133	3
3005279	3
420443	3
1813195	3
20953	3
1148507	3
2073830	3
128831	3
2056008	3
1313680	3
987693	3
1843078	3
2421026	3
2791036	3
3102501	3
981112	3
2440794	3
2038512	3
1075915	3
2614322	3
558365	3
1733897	3
2940698	3
1062738	3
5916	3
310187	3
2899725	3
818682	3
2053512	3
895467	3
2576777	3
422460	3
492893	3
29475	3
243333	3
2951880	3
2700823	3
2423758	3
731397	3
2035629	3
1255622	3
2696714	3
3015288	3
2666128	3
2040116	3
250053	3
943865	3
2671457	3
87053	3
3204533	3
69405	3
325186	3
2461518	3
843628	3
228871	3
1883701	3
1950412	3
3548191	3
600080	3
2936674	3
1675535	3
1407152	3
254730	3
1807671	3
3132932	3
2534681	3
3320052	3
2680981	3
1233123	3
2401224	3
2538393	3
2791301	3
3238521	3
395096	3
2971557	3
637291	3
3420865	3
2448406	3
2518562	3
3317457	3
1077494	3
3015453	3
960301	3
1650056	3
2835445	3
832233	3
3020555	3
1987609	3
3007708	3
2791728	3
2168644	3
2696252	3
304333	3
2330734	3
1891434	3
1932101	3
777541	3
1965072	3
820360	3
2752	3
505888	3
1706629	3
463429	3
1285091	3
825418	3
3456755	3
2880038	3
3111260	3
3122611	3
1674001	3
1422867	3
461441	3
665473	3
1097310	3
2822009	3
14805	3
589245	3
5222	3
913455	3
2040263	3
625188	3
2216938	3
2346892	3
2764620	3
1297171	3
2640107	3
1093776	3
2184290	3
2021033	3
1761777	3
732293	3
1735169	3
2575063	3
1414299	3
2079845	3
1994996	3
247635	3
2698325	3
1213316	3
211076	3
143275	3
1050709	3
1131909	3
1910671	3
2979099	3
3333708	3
1659083	3
2633613	3
2986442	3
3033047	3
633443	3
1912064	3
3173995	3
1930221	3
538902	3
2862634	3
2055745	3
973044	3
254150	3
229015	3
1696928	3
1016095	3
2860804	3
3005823	3
2259274	3
2993489	3
3127042	3
568262	3
2171678	3
3043545	3
2796528	3
2081672	3
89988	3
2713841	3
2356074	3
2208981	3
3236118	3
1155487	3
2708429	3
2880233	3
136752	3
1525640	3
2665090	3
2563307	3
958963	3
1984137	3
1931345	3
174046	3
5171	3
1905507	3
627757	3
1980508	3
2558833	3
2914992	3
1274477	3
1337837	3
2855569	3
251419	3
2213104	3
6353	3
180948	3
527862	3
958705	3
1844242	3
3507514	3
107328	3
501836	3
2574792	3
1436213	3
3310933	3
962868	3
922931	3
443190	3
659803	3
1023316	3
3086357	3
1769367	3
1775376	3
1753134	3
243819	3
507467	3
925562	3
3150094	3
1813988	3
844260	3
2023951	3
2559658	3
1090900	3
2905142	3
3479598	3
2131342	3
2331301	3
6932	3
3019830	3
708043	3
3019847	3
1849922	3
1185295	3
1183723	3
3063667	3
2934961	3
2990427	3
2541693	3
289176	3
3046100	3
1984432	3
529936	3
1587252	3
655834	3
1565638	3
3129710	3
3224740	3
605542	3
808776	3
3082860	3
2959	3
3075731	3
1282869	3
2593235	3
172059	3
2769927	3
2977898	3
2522763	3
2915771	3
944674	3
2566044	3
73926	3
1089848	3
3082458	3
2387276	3
484227	3
1002975	3
167308	3
3405222	3
1933986	3
440432	3
538326	3
3444480	3
958717	3
83795	3
1466186	3
636336	3
811367	3
672043	3
2030625	3
1591969	3
1278074	3
1886805	3
1878810	3
1944166	3
1380627	3
1908920	3
2796540	3
2264092	3
2976609	3
385876	3
530075	3
2667644	3
66094	3
2879527	3
763175	3
71805	3
1957167	3
1064200	3
636373	3
3133288	3
2971730	3
3156276	3
3525558	3
1048583	3
1853315	3
523780	3
1146714	3
1698803	3
2839961	3
315035	3
2939808	3
3062407	3
2118530	3
577687	3
3039974	3
332122	3
2990074	3
1489263	3
2182485	3
3001726	3
420603	3
3351259	3
1414006	3
45929	3
2746700	3
11874	3
1075022	3
2333607	3
1015316	3
2479283	3
3449218	3
1069278	3
2434798	3
1917815	3
452892	3
1007796	3
1441594	3
2408015	3
2146899	3
1853643	3
3187968	3
967800	3
3451711	3
663766	3
2503975	3
1815497	3
505897	3
2017848	3
774927	3
2394276	3
3017081	3
3002779	3
2411532	3
2768911	3
508089	3
27628	3
978283	3
71257	3
3482517	3
1412678	3
812464	3
3118402	3
630139	3
3038308	3
1631973	3
3018556	3
2220687	3
2521703	3
4112	3
2744093	3
558671	3
748173	3
2943342	3
1511979	3
2976593	3
2271080	3
130150	3
949406	3
749635	3
2925688	3
1157682	3
2070864	3
24903	3
2240784	3
2289796	3
2170258	3
1975985	3
1394240	3
1661026	3
2316176	3
471937	3
1631857	3
1082640	3
1936	3
466904	3
2780719	3
3259413	3
560971	3
286107	3
534876	3
35617	3
3135928	3
3113346	3
1900175	3
3071838	3
2069518	3
2676655	3
3028544	3
2508290	3
2001953	3
3097466	3
3312443	3
423852	3
1570574	3
1613113	3
1568240	3
2145281	3
455152	3
3104888	3
81182	3
1197400	3
2543218	3
2398466	3
904544	3
940592	3
1516518	3
684142	3
2076976	3
3024803	3
2690509	3
16382	3
535053	3
1968547	3
3264601	3
2046054	3
2123760	3
438232	3
1764600	3
1076908	3
1069734	3
1715443	3
785241	3
3121935	3
1887209	3
1135577	3
2452049	3
1095662	3
68401	3
2173794	3
2071753	3
989714	3
828041	3
2858344	3
1263018	3
177830	3
52995	3
3084057	3
2149953	3
7478	3
2716415	3
3101950	3
3132867	3
3047794	3
2090565	3
949470	3
1534846	3
3213750	3
483645	3
3076918	3
411494	3
1908045	3
1760166	3
3065119	3
2682170	3
30473	3
1326541	3
2837970	3
2742091	3
1909766	3
2560761	3
3029879	3
1649300	3
389284	3
1065395	3
2480909	3
604745	3
2038281	3
445466	3
2235434	3
2966591	3
3052267	3
366143	3
2060242	3
132347	3
2458724	3
1375215	3
707390	3
2303022	3
627617	3
2081700	3
972230	3
3106714	3
1164903	3
2282615	3
2288462	3
2868954	3
1886492	3
2190160	3
1632986	3
669303	3
506788	3
1857630	3
2631055	3
2375090	3
3144587	3
1120726	3
1686421	3
1622659	3
1029795	3
689396	3
766104	3
1406379	3
829955	3
67527	3
1528511	3
15403	3
1414771	3
2787584	3
3283977	3
3156224	3
2914860	3
32742	3
2687180	3
1839958	3
1148336	3
1174584	3
2697398	3
2177059	3
684028	3
1483584	3
3158363	3
1604504	3
1157098	3
2054164	3
3150606	3
2675262	3
1354384	3
3048697	3
121043	3
1977277	3
40303	3
684297	3
1567808	3
1161103	3
3160926	3
491216	3
2446274	3
356071	3
1829832	3
1207130	3
923969	3
2726386	3
1150229	3
1615116	3
1586846	3
125092	3
3241886	3
2855426	3
2052640	3
1508411	3
28390	3
2369864	3
2768071	3
3054683	3
731109	3
32020	3
493602	3
1778475	3
2665749	3
45381	3
490317	3
3145650	3
3000884	3
104529	3
177833	3
1359750	3
3438381	3
2684301	3
1968575	3
2866028	3
3070590	3
499149	3
1820298	3
2373061	3
2436463	3
2876054	3
2935891	3
3029253	3
2512139	3
1907550	3
1874239	3
2926412	3
2851923	3
224661	3
3432342	3
1444223	3
3078145	3
3040701	3
257412	3
753606	3
2250943	3
2107	3
2506662	3
2985098	3
813777	3
3143063	3
1533502	3
2030695	3
693894	3
260380	3
1212908	3
2029709	3
2648087	3
1701238	3
1384267	3
994476	3
2322241	3
2650410	3
293659	3
2297988	3
492663	3
249699	3
214630	3
494069	3
2745769	3
179375	3
339155	3
4822	3
2067556	3
3250679	3
2345762	3
1842713	3
2911583	3
2952507	3
3531601	3
2341080	3
267175	3
1979954	3
419353	3
3058409	3
1357034	3
1676633	3
2399800	3
2663964	3
2092585	3
3077988	3
3359380	3
1953701	3
2180070	3
1342386	3
231023	3
3117014	3
928526	3
2472336	3
3141644	3
486440	3
2839719	3
1861031	3
822191	3
1645848	3
3529123	3
2142240	3
2854075	3
2166637	3
1251569	3
2057757	3
49809	3
2012236	3
2303187	3
1915648	3
2397307	3
482818	3
2012667	3
3065022	3
2840939	3
43264	3
454603	3
3062835	3
506176	3
2989673	3
2982235	3
502415	3
49395	3
1392972	3
2995608	3
2075647	3
2124118	3
2878333	3
8146	3
2409157	3
2675513	3
2745701	3
3174922	3
3168573	3
3518697	3
1978188	3
1019840	3
3461166	3
2072563	3
2638613	3
1847481	3
1212237	3
2068625	3
1457524	3
864672	3
2909456	3
1144107	3
521451	3
2575947	3
1545685	3
1773657	3
1831381	3
1422682	3
158380	3
571598	3
2726780	3
193128	3
1611569	3
1253478	3
3195535	3
3414837	3
1313813	3
2683865	3
456215	3
2269868	3
1831916	3
466617	3
1077096	3
1143626	3
1393032	3
611665	3
3181576	3
1487476	3
3314	3
2096434	3
2486252	3
2713826	3
3196256	3
2439528	3
1548042	3
3390449	3
497829	3
2561541	3
814917	3
2517549	3
2930898	3
426450	3
2388787	3
1025960	3
2277987	3
2606747	3
1265915	3
180177	3
1431801	3
3071817	3
2840719	3
1564663	3
1220360	3
2194787	3
64085	3
975596	3
2134636	3
422103	3
1147168	3
736877	3
2662980	3
46256	3
965594	3
1403297	3
654215	3
1495791	3
18850	3
1154428	3
1982218	3
2889859	3
244103	3
32239	3
3097030	3
692206	3
2548999	3
851357	3
2076903	3
904199	3
2409841	3
1256455	3
1859953	3
717458	3
111886	3
3043730	3
1604266	3
3421003	3
2832590	3
2043351	3
731503	3
1655758	3
2964589	3
2118118	3
2677192	3
1888779	3
782698	3
2984221	3
596452	3
497040	3
966449	3
465997	3
95547	3
324945	3
2150726	3
3544312	3
2964087	3
2354904	3
985419	3
2919820	3
1746921	3
1865019	3
284262	3
2886079	3
3661	3
1429319	3
2324552	3
2955057	3
1446236	3
112376	3
3027783	3
64759	3
514628	3
1660439	3
2968161	3
2244223	3
2481152	3
755306	3
1990329	3
1610637	3
2182721	3
1608584	3
2954636	3
2621256	3
595656	3
1830770	3
2420118	3
1062231	3
281375	3
186483	3
2282539	3
29583	3
1344175	3
1309887	3
415559	3
2323184	3
1481613	3
2544867	3
983742	3
2405184	3
2358568	3
3192469	3
99580	3
839747	3
2934494	3
2140332	3
1074505	3
1924300	3
1897751	3
99739	3
1886847	3
1840043	3
798590	3
14956	3
1382215	3
2109364	3
2508876	3
1696	3
3010192	3
713832	3
314972	3
1643689	3
1107159	3
2107320	3
2636504	3
2671372	3
2953341	3
272230	3
498193	3
666270	3
119196	3
372672	3
2957372	3
2858809	3
3140007	3
2910238	3
1456039	3
380231	3
1129774	3
18970	3
1922566	3
3531695	3
170432	3
3035676	3
2111206	3
622899	3
1196495	3
47509	3
1942524	3
3120861	3
3263283	3
308078	3
2999876	3
776876	3
961062	3
696396	3
3073975	3
2281883	3
2876352	3
644160	3
300198	3
1809607	3
1102657	3
2743327	3
1909129	3
3070201	3
2209844	3
2423347	3
2885619	3
261857	3
3125683	3
3556136	3
3106566	3
970512	3
2862036	3
1172039	3
958117	3
2215616	3
119086	3
834809	3
2112762	3
2837573	3
73881	3
3093601	3
1655225	3
566595	3
2761222	3
3540340	3
468439	3
940859	3
3516017	3
1612262	3
2326249	3
1614892	3
67579	3
1161029	3
1269029	3
1163639	3
2104884	3
1787280	3
2041954	3
3043099	3
1646966	3
1850777	3
3078600	3
931066	3
1394807	3
3441998	3
2957422	3
948299	3
560280	3
533910	3
633981	3
1900407	3
74475	3
263434	3
3115694	3
1608835	3
1062015	3
7240	3
1304090	3
264645	3
3035460	3
3355688	3
1775831	3
2117721	3
972089	3
1055263	3
1523665	3
166470	3
1796343	3
3294522	3
2092325	3
2903	3
2398593	3
3247679	3
2696939	3
950217	3
2067847	3
767971	3
2117431	3
2120561	3
658802	3
2739030	3
2220175	3
2395982	3
2988592	3
2983811	3
58642	3
64322	3
2407194	3
2740941	3
1114618	3
27993	3
928984	3
2789185	3
795373	3
2068301	3
1160448	3
2979271	3
2031306	3
1003128	3
2837335	3
3066359	3
398936	3
2729906	3
1330349	2
1191537	2
909661	2
1490972	2
3037722	2
3213509	2
3256934	2
683269	2
2434268	2
2566483	2
3213648	2
2624028	2
3084439	2
1575345	2
1425160	2
2176257	2
2875673	2
2124331	2
2520186	2
2181097	2
1154557	2
2107904	2
3062294	2
3132404	2
281578	2
1614437	2
2769598	2
3209805	2
859082	2
770912	2
1228554	2
2710038	2
137902	2
3065102	2
2783968	2
632393	2
1512105	2
1114207	2
8872	2
529393	2
3210385	2
2235143	2
1739766	2
1863094	2
466658	2
873400	2
1852657	2
2086125	2
2473840	2
3149954	2
1775765	2
3147634	2
3023404	2
2999916	2
2781687	2
1969051	2
1705239	2
2375401	2
456642	2
3007846	2
1030566	2
109068	2
3100922	2
600908	2
1095061	2
178146	2
2730506	2
1236031	2
2007439	2
2891699	2
1986419	2
1372169	2
1259333	2
91577	2
49670	2
3033270	2
2964258	2
3178858	2
2950113	2
2262656	2
2184601	2
2865538	2
1011103	2
171530	2
2605083	2
2125326	2
3132553	2
1975130	2
1119991	2
3164874	2
3180646	2
3095648	2
2107411	2
1401464	2
1701779	2
322091	2
813474	2
2948447	2
147571	2
2440267	2
901812	2
2254210	2
115697	2
2217056	2
2766973	2
3217176	2
2422739	2
3113924	2
3113781	2
1905396	2
2908085	2
2835188	2
2025289	2
2160099	2
1316914	2
2714983	2
1977520	2
1987625	2
156835	2
1068569	2
2391807	2
3058444	2
3281405	2
3133084	2
2835567	2
3051080	2
105229	2
196828	2
1538932	2
31018	2
1547563	2
1193169	2
1418820	2
1369509	2
1765258	2
1328619	2
274059	2
2010179	2
683317	2
14536	2
1129992	2
614902	2
3155073	2
724088	2
2724294	2
1957111	2
3144264	2
3046187	2
2067419	2
2328053	2
597071	2
2608329	2
1011859	2
1287305	2
3083305	2
675893	2
2162649	2
1371209	2
3037382	2
1456383	2
21963	2
3023883	2
3155753	2
3251095	2
2718640	2
2904432	2
2525476	2
1372508	2
3169823	2
1736603	2
2074699	2
3303387	2
1857563	2
3018652	2
3186284	2
5224	2
37197	2
2173959	2
14049	2
3147853	2
18740	2
635875	2
2687539	2
1880521	2
1467013	2
3085148	2
2901105	2
982871	2
2248883	2
235822	2
1201009	2
3054222	2
2891849	2
2018313	2
1977816	2
2286351	2
9837	2
2536156	2
3068924	2
1639690	2
3062871	2
3183032	2
3043265	2
1468228	2
2051149	2
2878241	2
1088656	2
2723217	2
944530	2
2933871	2
2040728	2
2640165	2
2822774	2
1696907	2
707182	2
216915	2
1452469	2
2962573	2
2104416	2
2966793	2
998390	2
1917772	2
2934605	2
540603	2
2722604	2
305118	2
2625319	2
1671984	2
2767540	2
1224312	2
2338559	2
2045017	2
2647179	2
2903428	2
878014	2
1828877	2
570872	2
1937314	2
3067781	2
1361479	2
1878581	2
3019356	2
3076055	2
115483	2
3039334	2
1865957	2
300154	2
522164	2
2464729	2
367671	2
1602947	2
2412865	2
1476388	2
2909928	2
3045429	2
1491643	2
1375486	2
128625	2
3068192	2
3181684	2
2168901	2
3133899	2
2833533	2
1106409	2
3009795	2
3001074	2
1823349	2
83292	2
242352	2
2843142	2
2927969	2
2498248	2
12070	2
2771934	2
1133773	2
2496771	2
1102002	2
634915	2
1985411	2
987821	2
1638919	2
68664	2
3189174	2
2940357	2
2412944	2
274448	2
295323	2
759233	2
1253556	2
659386	2
2259480	2
850251	2
1194567	2
2340341	2
1071423	2
1649643	2
1754843	2
3158419	2
1506249	2
2611712	2
840845	2
3168137	2
175330	2
3008356	2
2722003	2
2702188	2
2941423	2
719385	2
1362419	2
2525340	2
2846083	2
2229137	2
1721972	2
506852	2
2506076	2
2245164	2
3141683	2
887537	2
1379796	2
3100239	2
1443668	2
1566925	2
3143681	2
3116522	2
3115444	2
3075954	2
3173177	2
2234513	2
2146829	2
2029773	2
2397934	2
2154769	2
565803	2
1644856	2
285549	2
1045785	2
3169398	2
70565	2
2981342	2
3770	2
3141479	2
2955242	2
142730	2
42193	2
2361990	2
1250736	2
1072379	2
415463	2
126039	2
458165	2
3281006	2
328944	2
903726	2
2835392	2
975407	2
122781	2
98142	2
1706002	2
1962954	2
2985743	2
2721771	2
668401	2
1968637	2
2770790	2
1160	2
2971285	2
3098191	2
468419	2
3142088	2
1355486	2
3111684	2
2284064	2
1973643	2
393743	2
689714	2
658541	2
1982808	2
438371	2
1867158	2
248958	2
3150464	2
2740132	2
1816907	2
3050070	2
2759260	2
805269	2
250493	2
2264414	2
2684306	2
3065493	2
3012479	2
2279719	2
1806382	2
8650	2
1999931	2
549040	2
1959368	2
3009456	2
56424	2
305674	2
3070579	2
1830118	2
1457936	2
2943807	2
1934485	2
219936	2
7760	2
1074876	2
2050245	2
611532	2
1000083	2
1393213	2
2763455	2
1599278	2
3022685	2
2834347	2
401463	2
821774	2
2866869	2
1669591	2
1888392	2
2829912	2
3213200	2
3082316	2
2959275	2
78749	2
639492	2
2902138	2
3042572	2
2801549	2
2999360	2
3110699	2
33870	2
2512862	2
2502725	2
413098	2
1943239	2
1376178	2
560055	2
2494762	2
816783	2
2957015	2
697651	2
1346494	2
1246610	2
319496	2
3051968	2
3159143	2
3060964	2
2452132	2
2653977	2
3037686	2
1786709	2
2454729	2
390769	2
3040358	2
139014	2
388810	2
3242282	2
1732929	2
2094051	2
3000354	2
417466	2
1246438	2
616748	2
2613409	2
339411	2
1414151	2
2414702	2
2729379	2
319369	2
207322	2
2331069	2
3141326	2
1007932	2
2880340	2
385761	2
2707877	2
2890062	2
3224000	2
2761645	2
1140494	2
276273	2
78661	2
3167687	2
794475	2
2092689	2
3145965	2
1330681	2
2381972	2
5266	2
1838226	2
2401364	2
1926626	2
2569922	2
3005347	2
105062	2
8516	2
2317432	2
11302	2
15882	2
3040712	2
48785	2
2816790	2
1941085	2
322015	2
2362393	2
1283796	2
268724	2
260624	2
2531768	2
1109275	2
3214982	2
989979	2
2705081	2
3225209	2
2135799	2
980785	2
748393	2
3087008	2
2951206	2
3073409	2
3090046	2
3101048	2
2283546	2
1212983	2
2249606	2
1699356	2
3213074	2
1297737	2
2929200	2
426070	2
101517	2
71629	2
805761	2
3051181	2
2246497	2
496574	2
862846	2
2970341	2
3163728	2
2807237	2
3214495	2
2963947	2
488892	2
1680440	2
2909481	2
827191	2
311009	2
1144931	2
3110525	2
3027687	2
2247979	2
706166	2
917206	2
1305575	2
658466	2
795554	2
1743838	2
867976	2
2883742	2
73658	2
1490900	2
3177506	2
3154434	2
1745462	2
1118846	2
2779941	2
294818	2
2227555	2
2987592	2
70633	2
18169	2
3043041	2
2118	2
1718982	2
364947	2
2649843	2
687964	2
1106201	2
1997015	2
2057787	2
594483	2
663457	2
1158756	2
400409	2
2494122	2
3147881	2
1380431	2
1174464	2
2536244	2
2991266	2
35525	2
453571	2
3182717	2
2669787	2
3107310	2
68260	2
1299535	2
671851	2
1629493	2
2231271	2
1882831	2
1246841	2
3098809	2
895089	2
3131756	2
1354491	2
2220232	2
2132241	2
3169242	2
3164027	2
206200	2
1543989	2
183389	2
1271586	2
2434835	2
534577	2
2974028	2
2708708	2
234450	2
377575	2
3108824	2
2071452	2
2055377	2
2988732	2
1874255	2
3213467	2
2230516	2
1283167	2
1266080	2
815138	2
2761342	2
716731	2
1756140	2
3050032	2
2108932	2
3237163	2
1154580	2
1805341	2
456221	2
783619	2
3139530	2
947957	2
1792129	2
559281	2
2463150	2
2181205	2
2672168	2
2057790	2
704554	2
427937	2
1909965	2
2744546	2
2407944	2
1269998	2
2105030	2
3150699	2
1906867	2
1893022	2
4955	2
162210	2
1910534	2
2968016	2
544254	2
3218644	2
510066	2
79983	2
1818251	2
1859852	2
1318278	2
1008366	2
2953120	2
226588	2
2562399	2
3164262	2
1349815	2
1040885	2
3051662	2
3153100	2
522421	2
2418727	2
3041546	2
2759396	2
3235903	2
2914657	2
461552	2
2842755	2
2436037	2
1430291	2
2224412	2
2956110	2
506104	2
3038581	2
3144753	2
1178225	2
2594774	2
1911707	2
2163877	2
648789	2
3008102	2
3075852	2
1736322	2
2697847	2
3153734	2
2862234	2
3213694	2
1941149	2
2089213	2
378914	2
828110	2
1748709	2
3014324	2
3213078	2
3213719	2
1746038	2
2257267	2
447701	2
1419722	2
1544211	2
2344545	2
3233245	2
2621741	2
2543006	2
2301163	2
2689586	2
400990	2
3395	2
1967261	2
3082995	2
3158414	2
2664101	2
1947995	2
2322762	2
1431462	2
1475182	2
2000944	2
3038924	2
1778232	2
3025106	2
1184914	2
2240988	2
2246209	2
1863786	2
2935154	2
2989978	2
1702282	2
1102224	2
2064180	2
2701307	2
2050502	2
3031951	2
287992	2
3131832	2
524933	2
2138043	2
627293	2
1043027	2
3209030	2
3145391	2
703182	2
532032	2
3045722	2
756133	2
62092	2
2585495	2
1707185	2
1642751	2
911456	2
3028602	2
435056	2
968416	2
3026286	2
3036486	2
332432	2
2910374	2
2972624	2
3047622	2
3227422	2
1061798	2
3081715	2
2981046	2
3025810	2
43248	2
848313	2
3225186	2
976572	2
269235	2
3081729	2
2711016	2
3034071	2
3040617	2
3068224	2
2115717	2
2949792	2
3061657	2
1423104	2
564463	2
159683	2
207565	2
3078012	2
2076681	2
2705297	2
1655553	2
2452950	2
2549960	2
610928	2
2037380	2
3034900	2
2267602	2
2638916	2
2405875	2
674047	2
443885	2
2989083	2
1432812	2
159395	2
2356546	2
3115657	2
3198783	2
3187168	2
1692500	2
1785211	2
1644845	2
3001562	2
2057142	2
37090	2
1153183	2
647907	2
1299909	2
3011139	2
3104156	2
1971612	2
560516	2
2425221	2
1293201	2
703327	2
3243305	2
2417987	2
2010081	2
3073203	2
247712	2
296071	2
2437785	2
2941169	2
3014809	2
2777391	2
2229640	2
2341946	2
565162	2
569808	2
2222370	2
3144714	2
2577520	2
606195	2
137290	2
3088119	2
2163896	2
1410131	2
896455	2
1157411	2
1150851	2
2814823	2
681345	2
2899	2
3237343	2
3131968	2
3109265	2
2485160	2
2686792	2
1505276	2
60943	2
294106	2
1252759	2
811835	2
2570694	2
2035020	2
1176417	2
1462356	2
1313990	2
1663879	2
457277	2
3025311	2
839129	2
1316354	2
2027695	2
2400468	2
2125187	2
2003449	2
3008698	2
2699850	2
3102116	2
1988042	2
1449004	2
2332346	2
2250599	2
767394	2
3035967	2
2856603	2
166707	2
406031	2
3032427	2
2953800	2
19581	2
1425426	2
41250	2
2228865	2
637273	2
1829539	2
2748393	2
1011135	2
3025804	2
2708586	2
2357910	2
152985	2
604455	2
2615978	2
1725884	2
980133	2
2988424	2
2999809	2
3002196	2
13541	2
3149095	2
1140444	2
3061101	2
2169831	2
1906519	2
3213384	2
146268	2
3057082	2
3130972	2
2944593	2
2289978	2
3193920	2
3155317	2
1293785	2
1401794	2
1333886	2
3070995	2
2140095	2
3268477	2
3200042	2
3115888	2
2722996	2
3030956	2
2878204	2
2922140	2
414987	2
1701736	2
358320	2
2751771	2
3180620	2
2590163	2
400302	2
1770705	2
56909	2
2687458	2
2650157	2
3023028	2
2525457	2
1718788	2
2993904	2
449697	2
65169	2
3008485	2
2727034	2
111808	2
3182543	2
59794	2
2980059	2
2297152	2
163422	2
2833556	2
296361	2
3092276	2
3226823	2
1864258	2
1069397	2
2570105	2
1773106	2
27003	2
2722776	2
1353202	2
1865007	2
3061226	2
2100025	2
1363766	2
3113649	2
24580	2
3239568	2
1543175	2
2313942	2
1835201	2
2934016	2
3242444	2
2884268	2
1084966	2
1271183	2
2659680	2
3038637	2
1786833	2
3113701	2
1171514	2
2942118	2
1822384	2
2718587	2
2558139	2
368399	2
2535024	2
3013080	2
543076	2
3042725	2
2238175	2
565466	2
3176666	2
2469080	2
1706901	2
2844087	2
3022671	2
2269	2
3132319	2
7627	2
2859528	2
3154689	2
3076843	2
1840450	2
511299	2
3002002	2
798610	2
1408952	2
656272	2
3119902	2
876616	2
2996371	2
123791	2
2080429	2
2280854	2
1197657	2
1179824	2
3001751	2
2844196	2
2995761	2
924767	2
3173828	2
570570	2
511692	2
2942696	2
1875314	2
709954	2
3057622	2
1135082	2
2586350	2
1623495	2
2733365	2
2358570	2
3186035	2
2990619	2
594981	2
2950760	2
2067089	2
2822308	2
3153317	2
2686859	2
263512	2
775641	2
2039020	2
1995199	2
3105194	2
398460	2
405902	2
2659547	2
290879	2
2264405	2
2968441	2
463492	2
1831264	2
1883128	2
386037	2
3189014	2
2278476	2
654351	2
1612645	2
1103851	2
2873903	2
1910552	2
336186	2
2603517	2
2924823	2
1208611	2
2836703	2
540238	2
3189569	2
543316	2
2000371	2
2670354	2
778156	2
1148222	2
2795410	2
1110206	2
1697719	2
3017938	2
1350183	2
1577060	2
2247409	2
1170240	2
2445095	2
821480	2
106097	2
1873762	2
2230767	2
2943213	2
1151215	2
1860652	2
1071896	2
2081635	2
14313	2
3247995	2
2122909	2
3189058	2
1371549	2
2669080	2
2994751	2
979155	2
3224896	2
1420761	2
834383	2
2913570	2
2727927	2
871990	2
2644496	2
5650	2
1758402	2
127102	2
3225361	2
2095900	2
14820	2
3151519	2
3052663	2
2646878	2
50479	2
1694173	2
2164233	2
1347615	2
2160163	2
2037767	2
1780807	2
2761108	2
470454	2
461232	2
2878052	2
1910461	2
2331004	2
2852073	2
2767648	2
2042047	2
2587799	2
678893	2
2934237	2
494548	2
3223066	2
3022487	2
3134140	2
1754658	2
2340868	2
1693265	2
1222834	2
2941972	2
1562684	2
1124858	2
1234454	2
2354816	2
3037414	2
1120289	2
524275	2
1356810	2
2659252	2
2920513	2
2123597	2
1847089	2
2079665	2
2884790	2
2773916	2
759615	2
2882261	2
3014361	2
3003910	2
3163457	2
2946329	2
2716031	2
947479	2
1177902	2
973931	2
1698553	2
2933083	2
3146440	2
2065085	2
3072016	2
2711534	2
653708	2
995392	2
2444508	2
3070332	2
721740	2
3013073	2
2759030	2
336000	2
63241	2
1869109	2
1030539	2
2984790	2
1107585	2
2626948	2
3023727	2
3040644	2
1228133	2
1036859	2
1842503	2
3294221	2
3012136	2
1398675	2
2723650	2
1216393	2
1807657	2
2354841	2
2564048	2
2736377	2
3185145	2
3063107	2
461045	2
745827	2
1246986	2
3028554	2
3099025	2
607313	2
1793716	2
2152833	2
1981785	2
3285896	2
510381	2
2868462	2
11348	2
3062400	2
1859858	2
2729529	2
1441748	2
474755	2
2094460	2
479646	2
483516	2
3184581	2
2434794	2
3227872	2
1240850	2
101604	2
3088116	2
3217543	2
26940	2
2051391	2
3182695	2
1242153	2
1952859	2
676284	2
118182	2
89561	2
264226	2
2917302	2
1965113	2
416701	2
52330	2
1123588	2
110646	2
2200313	2
771420	2
3042287	2
2313011	2
3281730	2
667469	2
3252868	2
2680181	2
1482576	2
1573144	2
3226943	2
673793	2
1862426	2
19913	2
3054459	2
484084	2
2427664	2
3042460	2
2709264	2
2114271	2
2668407	2
3141054	2
2251164	2
1247507	2
3181290	2
541630	2
2774269	2
1370113	2
92341	2
230893	2
2026065	2
1086496	2
1727799	2
3171406	2
558848	2
2949306	2
2228925	2
2719361	2
2597642	2
2763662	2
2786271	2
2874322	2
1999575	2
2262097	2
2132654	2
2847034	2
3069441	2
2877464	2
1165657	2
1185504	2
2465978	2
2966572	2
3185539	2
2144331	2
2085932	2
1947398	2
3084919	2
194098	2
2912688	2
2767869	2
1219527	2
135165	2
2913071	2
1745248	2
204792	2
3042430	2
1112296	2
592327	2
341605	2
3139709	2
175528	2
67830	2
500566	2
893274	2
2405797	2
1281236	2
884075	2
1766896	2
3133154	2
582659	2
1273955	2
3161266	2
1021985	2
2151629	2
544684	2
554791	2
2960255	2
2253038	2
3057747	2
588766	2
1447311	2
322934	2
997326	2
2621869	2
640332	2
2103376	2
2425761	2
2051472	2
766124	2
2958905	2
3168757	2
3037384	2
750066	2
726261	2
2737333	2
1011688	2
3188543	2
1995039	2
271714	2
2163882	2
2327568	2
2861023	2
3185196	2
2604378	2
2061768	2
1567495	2
2553112	2
2579622	2
1150568	2
22344	2
2108618	2
1713052	2
1514014	2
1640734	2
2458508	2
827785	2
2326370	2
1180575	2
73180	2
3175111	2
2914346	2
3140993	2
2448769	2
1028994	2
3161453	2
958366	2
2834063	2
795810	2
1533057	2
2405163	2
467112	2
1854464	2
2284332	2
624806	2
295243	2
2785167	2
2345626	2
2247797	2
48154	2
2173742	2
3080862	2
842008	2
1774504	2
1277405	2
1171100	2
822832	2
9958	2
650915	2
2620373	2
2982269	2
698631	2
1652325	2
2959272	2
2619548	2
619584	2
3048232	2
240462	2
1825994	2
1924248	2
2247984	2
691372	2
2093435	2
651625	2
1509540	2
1846282	2
2970672	2
2043116	2
27682	2
3105586	2
2995908	2
3240181	2
3160881	2
3294248	2
2962000	2
287500	2
404404	2
3186270	2
1160422	2
3157389	2
1718383	2
2928738	2
1326850	2
3185520	2
389212	2
2451453	2
3019238	2
2413675	2
3005303	2
1585790	2
1034372	2
3111469	2
2645302	2
13506	2
3061753	2
3082572	2
701235	2
2288404	2
2189592	2
3012377	2
791105	2
202598	2
3029604	2
2445813	2
673411	2
2893145	2
1357175	2
1080970	2
2761381	2
1949964	2
638802	2
2550430	2
1082918	2
2869127	2
1091248	2
2919094	2
993580	2
290157	2
2651881	2
2013031	2
2693592	2
1101645	2
518283	2
1457263	2
1018720	2
2675188	2
1205826	2
1949371	2
2459889	2
3071789	2
3033557	2
1101505	2
1503136	2
2916285	2
2698653	2
1113004	2
3227630	2
2773409	2
1394451	2
2349455	2
1118058	2
3024091	2
2568127	2
181338	2
2152876	2
2736928	2
1185999	2
2938167	2
1919582	2
2889435	2
1806383	2
1039161	2
347101	2
3035326	2
2987262	2
636976	2
1815536	2
1485082	2
2954525	2
2540547	2
269976	2
2092955	2
2996863	2
1701899	2
2784799	2
1086683	2
1070147	2
595735	2
1417337	2
489011	2
593830	2
3181426	2
2696206	2
2418918	2
965648	2
199851	2
3038765	2
2849825	2
1075344	2
1727540	2
1609248	2
1608673	2
1811825	2
1235322	2
2959720	2
2934278	2
3184838	2
2336570	2
698037	2
2711134	2
3116274	2
868570	2
448196	2
397162	2
3163540	2
1269468	2
1263925	2
2219468	2
3061856	2
2006876	2
1777723	2
3022221	2
1863996	2
1205066	2
1910561	2
3174300	2
1359825	2
1280544	2
2052991	2
2029871	2
646213	2
677401	2
1422044	2
1802770	2
1935445	2
2064210	2
27422	2
1730180	2
1138453	2
3009805	2
3179815	2
184806	2
377450	2
2267782	2
3216314	2
2969364	2
2900865	2
3133673	2
1810841	2
1190434	2
506694	2
1015598	2
1880799	2
1890071	2
1187903	2
620082	2
2875685	2
779860	2
2293175	2
1075240	2
429800	2
104391	2
829344	2
2069961	2
2422710	2
1310056	2
1314038	2
1858086	2
3177709	2
3118810	2
932808	2
960664	2
1290273	2
992697	2
326069	2
1030603	2
2208272	2
1931489	2
3303343	2
11828	2
2996923	2
2985451	2
2983864	2
1525457	2
603894	2
2805321	2
3126312	2
2074971	2
1210868	2
2222303	2
3102465	2
1877539	2
2728497	2
1939138	2
366999	2
1667546	2
733114	2
456750	2
124343	2
574093	2
1326539	2
626981	2
175747	2
1448601	2
970130	2
1178906	2
3041791	2
98985	2
3220825	2
1411309	2
2092377	2
1652832	2
1414750	2
2798682	2
3112004	2
438076	2
1156893	2
3005145	2
2388326	2
3066881	2
285013	2
2619778	2
944325	2
1702141	2
3227374	2
1251546	2
2972918	2
1587118	2
2702605	2
1811899	2
2954968	2
3132661	2
1906091	2
1779040	2
3091398	2
1285195	2
1970199	2
1457349	2
2994575	2
1229508	2
3251585	2
431934	2
821027	2
2254252	2
2888930	2
3155586	2
321680	2
2398220	2
3041010	2
3180410	2
515332	2
460473	2
2996448	2
2343191	2
1806795	2
3052789	2
3049970	2
2201544	2
2906996	2
3116760	2
3166568	2
1265179	2
2586076	2
97115	2
2391184	2
3122124	2
2305385	2
3084002	2
931658	2
3022578	2
2674084	2
1015679	2
3295222	2
2706892	2
1352931	2
2473225	2
938435	2
2329383	2
1477026	2
2122934	2
2543674	2
3132565	2
1668050	2
3161957	2
3187015	2
3085573	2
3039157	2
543394	2
2895388	2
2335139	2
3211667	2
1613443	2
2941688	2
218212	2
1230811	2
1964497	2
2522559	2
3126925	2
2418562	2
2569651	2
2763214	2
3075242	2
418115	2
923888	2
3177157	2
1494277	2
3136710	2
3065607	2
1887253	2
64707	2
2862781	2
1794944	2
3213505	2
1549974	2
1855251	2
3154984	2
3295670	2
2298283	2
1205115	2
3123847	2
1142781	2
1309734	2
2999128	2
1312728	2
2835940	2
2590687	2
1885445	2
731287	2
3072185	2
954428	2
2708401	2
1120618	2
94436	2
3145299	2
2396416	2
3080267	2
2972361	2
2448899	2
1388472	2
2748200	2
550851	2
525982	2
3020340	2
3088205	2
3084759	2
3060634	2
2145007	2
2487377	2
1271134	2
2489309	2
806079	2
3190706	2
3271199	2
2929192	2
2790779	2
2916080	2
2283039	2
621786	2
3134680	2
1852632	2
2117328	2
2636173	2
3187648	2
1804616	2
3112185	2
2190762	2
1726498	1
1742405	1
2668711	1
214792	1
1716039	1
3101557	1
2986101	1
835068	1
1172333	1
1994573	1
1749271	1
1874572	1
588930	1
54013	1
2737091	1
2654868	1
2902588	1
2981187	1
2544028	1
2958567	1
2921674	1
1058795	1
2023199	1
2862658	1
2048577	1
3034268	1
2977556	1
200551	1
3073082	1
1219661	1
2523255	1
3075296	1
1357155	1
680180	1
3033517	1
2844409	1
3109040	1
1354789	1
1785657	1
2730092	1
3001529	1
2974486	1
588465	1
3036202	1
1601302	1
2186158	1
630076	1
2096054	1
590393	1
1774118	1
25072	1
3020565	1
2774863	1
965351	1
559186	1
640738	1
2252455	1
2955048	1
1194785	1
22747	1
2537093	1
2284656	1
2876189	1
1382534	1
1240445	1
1321354	1
1787804	1
807836	1
2990720	1
2702570	1
2834497	1
1997989	1
477400	1
3073862	1
2893233	1
1012074	1
2971736	1
3122994	1
3078180	1
1401101	1
3117169	1
1099339	1
700336	1
1261445	1
1008147	1
2729954	1
537459	1
1663365	1
2916909	1
670771	1
2502688	1
1840519	1
1973842	1
616957	1
257905	1
2673344	1
2512956	1
3119563	1
781786	1
1699196	1
1646228	1
2295451	1
2741377	1
2350037	1
1419756	1
269324	1
726323	1
580123	1
2364893	1
2432981	1
2969873	1
409405	1
710455	1
1657267	1
2000184	1
3050401	1
6763	1
798305	1
1772755	1
826634	1
1757050	1
1505093	1
2476566	1
3065384	1
2068028	1
2901560	1
425019	1
3097627	1
2992526	1
3124223	1
434499	1
2001213	1
2117753	1
2786379	1
239084	1
3103888	1
1184291	1
1416094	1
2608683	1
2675264	1
2068031	1
1086997	1
249119	1
3070345	1
1219828	1
630710	1
2895266	1
3089506	1
1384178	1
1905987	1
1421548	1
1744109	1
3043897	1
452047	1
1946458	1
799825	1
685750	1
1447040	1
2152956	1
2112975	1
1736144	1
1975498	1
2879835	1
2946701	1
1032245	1
2554729	1
2981280	1
1127740	1
776552	1
1502713	1
1275301	1
719507	1
964434	1
291871	1
546222	1
2836101	1
1696301	1
2358637	1
2320028	1
2961185	1
1471511	1
43867	1
1979281	1
1253834	1
318222	1
2615511	1
2994693	1
2985444	1
2111067	1
3072170	1
1367379	1
1939360	1
2854086	1
2986112	1
988520	1
2121808	1
919049	1
63819	1
892735	1
2062729	1
2919451	1
1745824	1
2440311	1
3038747	1
71773	1
2158156	1
3038010	1
1234998	1
597532	1
3059638	1
3002023	1
364021	1
2684282	1
2009762	1
3130182	1
2820805	1
2736855	1
1540820	1
2334037	1
1126942	1
17200	1
3009044	1
2720310	1
825260	1
3069734	1
31235	1
1228597	1
913256	1
2791534	1
3084240	1
570783	1
2491868	1
206134	1
759440	1
2605583	1
467474	1
1022664	1
1905562	1
2231169	1
1703802	1
2065135	1
1800055	1
6001	1
14241	1
2798356	1
1413959	1
3056093	1
14315	1
1440503	1
623956	1
655244	1
2874847	1
1719817	1
2535536	1
3081894	1
2751753	1
2975505	1
744672	1
1060407	1
905607	1
635788	1
729114	1
3127474	1
207586	1
2884729	1
3049856	1
1915694	1
3026625	1
2511273	1
889993	1
1525552	1
3078262	1
1712971	1
1865242	1
3075095	1
314824	1
905516	1
1857907	1
622813	1
1968368	1
1285045	1
3576	1
1599671	1
83325	1
19044	1
3073313	1
331934	1
887701	1
923298	1
3064237	1
536525	1
3039883	1
2956095	1
3107926	1
1482338	1
3063228	1
1649346	1
1886879	1
2074740	1
2080809	1
3047550	1
3024681	1
2402517	1
868756	1
755836	1
950364	1
2740268	1
447755	1
1073321	1
270971	1
124076	1
432259	1
4670	1
390350	1
2983243	1
1236325	1
147121	1
2200685	1
1191758	1
1334038	1
2931031	1
2660486	1
3083609	1
1148944	1
3040205	1
2916842	1
747348	1
2067235	1
2222257	1
1914214	1
3045021	1
1017955	1
3093338	1
326180	1
1704595	1
2741811	1
2879965	1
2087	1
1324752	1
1719564	1
2214756	1
2971261	1
2109956	1
2534572	1
1979103	1
2684640	1
2126199	1
1422844	1
3108097	1
2993369	1
1698292	1
3066302	1
2946688	1
1649279	1
2643806	1
2542031	1
2715530	1
3115421	1
2933666	1
1419777	1
1523017	1
165291	1
1370804	1
2523864	1
2926094	1
2922430	1
230651	1
3103043	1
2821863	1
769088	1
1662523	1
2526033	1
1318299	1
18184	1
1271055	1
2856713	1
1818536	1
1106918	1
1784913	1
1908596	1
826136	1
614898	1
11825	1
3079491	1
1115987	1
1417747	1
843390	1
3023887	1
1025402	1
2891014	1
2234427	1
3073820	1
1070718	1
1974057	1
133543	1
3020333	1
690813	1
1057073	1
1633	1
1496561	1
1409612	1
2991612	1
2141732	1
395934	1
2258802	1
2914056	1
53582	1
2247182	1
2633144	1
1174105	1
2814197	1
154990	1
164696	1
1860699	1
1789962	1
2907304	1
1338915	1
3090078	1
1469764	1
2521059	1
2992067	1
3111200	1
2057138	1
2961460	1
1482003	1
3035610	1
3061005	1
545427	1
3045724	1
3064574	1
2363679	1
2220151	1
626603	1
1308156	1
1189041	1
623233	1
34628	1
1279953	1
890246	1
1974842	1
2745663	1
3005643	1
2419991	1
1938787	1
2844497	1
3126938	1
1461010	1
1181981	1
2814476	1
2903928	1
1018157	1
3019473	1
2656455	1
1285616	1
3024499	1
3052748	1
2996611	1
1169661	1
1137154	1
3076826	1
977338	1
2038791	1
1693084	1
1039705	1
2950092	1
3051074	1
989437	1
2901197	1
3024592	1
3017353	1
2881571	1
619762	1
1683232	1
55845	1
994185	1
332837	1
2019189	1
2172933	1
2082539	1
1014020	1
1422891	1
507244	1
3113798	1
2502337	1
1229903	1
2568125	1
1930416	1
1377765	1
3001456	1
2523072	1
1595027	1
3126476	1
223772	1
3073779	1
2349735	1
2187743	1
1160131	1
964364	1
1909271	1
2287276	1
3086979	1
5669	1
2499865	1
2217768	1
2187189	1
1177493	1
2186809	1
3036344	1
3073202	1
626438	1
2374456	1
1306656	1
2331067	1
2732820	1
3067589	1
2191912	1
2868741	1
2851847	1
3039979	1
2941114	1
1634953	1
874225	1
1615377	1
407145	1
1640639	1
50331	1
2704756	1
2978265	1
1606875	1
2387719	1
2681057	1
1344833	1
1871764	1
753412	1
2997600	1
3053871	1
2061222	1
2694350	1
1418610	1
3121437	1
22629	1
1075252	1
118847	1
710165	1
59866	1
408597	1
1998176	1
981143	1
2772225	1
733030	1
2937746	1
810102	1
1681053	1
2706589	1
1112095	1
66209	1
3054419	1
1875456	1
3083640	1
2584593	1
2767504	1
897514	1
2061329	1
464980	1
2584737	1
948880	1
2281756	1
323059	1
2978535	1
2576796	1
953298	1
3044993	1
1026373	1
696717	1
3115155	1
45237	1
2969807	1
906740	1
596870	1
1018486	1
1884361	1
7654	1
2375212	1
1130157	1
2131843	1
2845447	1
810624	1
3008324	1
1578611	1
262102	1
773320	1
755566	1
1651529	1
1577869	1
2577482	1
1872479	1
3064417	1
2072124	1
1118156	1
653228	1
231474	1
241966	1
1794810	1
760159	1
3059499	1
2119478	1
1379382	1
2928795	1
288929	1
267064	1
1270597	1
1005921	1
2114296	1
2669603	1
3068034	1
1126461	1
2382425	1
3049481	1
1883862	1
1335364	1
987776	1
1496949	1
2738440	1
1565761	1
752802	1
1570309	1
310810	1
197067	1
2844659	1
2024195	1
24647	1
2936097	1
81840	1
1681786	1
2159519	1
1244505	1
2807708	1
792106	1
2945558	1
2467107	1
938315	1
2455714	1
925181	1
551087	1
3039113	1
1731547	1
1701629	1
435944	1
2168099	1
2032307	1
2951742	1
66915	1
1094038	1
1200831	1
2440757	1
3015844	1
14594	1
394925	1
2915830	1
2425756	1
2800642	1
714719	1
2942125	1
2387582	1
2630366	1
1925043	1
2747334	1
2611868	1
1004302	1
2499092	1
2560533	1
3031306	1
2973280	1
819245	1
2923589	1
1977570	1
13818	1
1376709	1
4	1
705334	1
2297634	1
2630835	1
2971922	1
2008447	1
990740	1
3045908	1
2092518	1
2510424	1
2836286	1
562485	1
1809503	1
50263	1
1910553	1
796906	1
1394212	1
374192	1
2689523	1
3050631	1
2715041	1
565985	1
3103476	1
1171398	1
2957091	1
1754384	1
1775667	1
1135056	1
2519793	1
3083734	1
990013	1
3134106	1
2880118	1
623159	1
3030252	1
3023346	1
252553	1
3054696	1
1358790	1
736950	1
3076406	1
2712860	1
3106402	1
1288090	1
2793463	1
2008970	1
1742662	1
158322	1
3010389	1
2941662	1
12353	1
3135791	1
3010900	1
47855	1
40034	1
1247593	1
2546783	1
1855497	1
3046155	1
1766486	1
1888343	1
3052795	1
2342889	1
1299197	1
2867637	1
2890887	1
1885293	1
2712324	1
1719164	1
2866956	1
2383469	1
1782888	1
1211127	1
2168273	1
1169282	1
593487	1
3078757	1
1620735	1
3068594	1
3003373	1
3128406	1
977518	1
3062110	1
3134185	1
717222	1
1044609	1
2946728	1
2995385	1
664799	1
1175394	1
945130	1
3135872	1
1496220	1
5094	1
1101401	1
402795	1
2704355	1
94533	1
1813386	1
2115492	1
96161	1
3076564	1
2296824	1
2767757	1
2565431	1
2991747	1
2083284	1
1944358	1
2849017	1
1446625	1
341210	1
1382376	1
3043866	1
2623360	1
49022	1
1835813	1
2543562	1
2949397	1
1598979	1
277592	1
3077546	1
1638205	1
2981562	1
707709	1
1233248	1
3011710	1
1039054	1
2857192	1
1014228	1
3067068	1
2933175	1
3056133	1
1299184	1
3135774	1
2638701	1
3069301	1
633001	1
3057211	1
3061766	1
1902298	1
2751902	1
1331732	1
2912738	1
707508	1
1780163	1
472858	1
1107697	1
2683256	1
681747	1
2493669	1
1768244	1
2896816	1
1405653	1
2914077	1
1167323	1
2304168	1
332018	1
2057681	1
2923933	1
2364005	1
154741	1
1679304	1
3030762	1
1822168	1
2089136	1
2921800	1
1746642	1
1542019	1
49147	1
1701853	1
2211052	1
3000279	1
1407459	1
1296816	1
2285464	1
3053323	1
1284444	1
3029468	1
2439860	1
2829223	1
718518	1
879330	1
1126855	1
1627471	1
2670890	1
2956440	1
2940434	1
1555657	1
2314621	1
1267415	1
282182	1
882929	1
506783	1
2954229	1
3079660	1
72874	1
2962016	1
807556	1
494138	1
626306	1
2780801	1
343994	1
549689	1
1895424	1
2851467	1
2513328	1
2708538	1
2443508	1
2148716	1
1164769	1
2508041	1
2818790	1
2875991	1
2184421	1
947658	1
2619782	1
259938	1
3013513	1
2349612	1
1018223	1
2253183	1
18329	1
114943	1
1247685	1
2922380	1
443295	1
2354325	1
1305153	1
2752733	1
677428	1
1272638	1
3013749	1
2921716	1
1298816	1
3037176	1
2302353	1
2965004	1
814511	1
1932209	1
1704620	1
719609	1
1321550	1
3075035	1
3030621	1
1663382	1
3128135	1
3058410	1
2095793	1
3130080	1
2306898	1
1295442	1
801176	1
3069152	1
2845546	1
606612	1
1532285	1
1681420	1
1212265	1
345187	1
1084690	1
629073	1
26130	1
777968	1
2232277	1
2108167	1
672101	1
728043	1
1348336	1
1746445	1
2112917	1
1326666	1
2824960	1
4499	1
2482462	1
2250925	1
3056381	1
3064202	1
1057086	1
2144127	1
2782362	1
2851126	1
477613	1
1870816	1
1826998	1
2713322	1
2847506	1
3045565	1
722978	1
3039571	1
1761757	1
2253	1
172462	1
2927094	1
2759081	1
2572446	1
303914	1
114799	1
1085426	1
1240720	1
2824516	1
1722357	1
79388	1
2255944	1
3048184	1
3049716	1
868409	1
1714114	1
1868951	1
1465052	1
3029571	1
1203438	1
694517	1
2212583	1
2410607	1
3066751	1
2429326	1
2244021	1
1560169	1
1569422	1
1882595	1
1786854	1
1446576	1
2573516	1
437288	1
1915270	1
2699841	1
2906266	1
1016948	1
2004510	1
262865	1
1214369	1
1178806	1
1866874	1
3034191	1
53669	1
2191653	1
2185374	1
462390	1
2936714	1
1221518	1
111884	1
545799	1
3035955	1
1735914	1
2383074	1
726871	1
14291	1
2012615	1
2989264	1
260709	1
3008240	1
2406245	1
10911	1
123551	1
1373814	1
608054	1
1732952	1
77410	1
240739	1
3017948	1
2603441	1
1059708	1
411231	1
1515180	1
1891887	1
1061479	1
1393664	1
2870572	1
152402	1
314766	1
1910227	1
1944889	1
2776592	1
1044532	1
47556	1
1541065	1
2963335	1
3081959	1
955975	1
2101019	1
831884	1
2216732	1
2653355	1
2928482	1
455861	1
2825767	1
2923467	1
3101368	1
3075986	1
2964633	1
3059444	1
904225	1
3058381	1
1318418	1
1737762	1
52114	1
3049953	1
1128483	1
1166245	1
1274224	1
654378	1
2131413	1
189488	1
1640853	1
1295785	1
1262410	1
925790	1
544801	1
102065	1
3125096	1
1996559	1
2973341	1
2021498	1
764953	1
438732	1
3040227	1
2904877	1
3001949	1
1938292	1
1191392	1
1282721	1
2981379	1
1551503	1
3074759	1
2272299	1
3062875	1
1696780	1
1332649	1
2523446	1
2750557	1
609582	1
1307428	1
234472	1
1357568	1
919431	1
2996379	1
988214	1
289970	1
3371	1
3130387	1
2194636	1
3042539	1
652146	1
818591	1
2647397	1
1321030	1
2651462	1
2024	1
2526508	1
2012069	1
3050623	1
1655091	1
153954	1
2746468	1
1329953	1
241187	1
2885639	1
3053209	1
1798756	1
1357131	1
2655053	1
1036273	1
1016750	1
2810505	1
204618	1
3105445	1
570174	1
3023291	1
947234	1
2284907	1
1381156	1
2503041	1
1090933	1
1223650	1
938701	1
26066	1
229020	1
2904204	1
3089666	1
2583298	1
1487285	1
2207869	1
3077229	1
585289	1
3002924	1
726834	1
1527094	1
1228490	1
2913667	1
3125640	1
3066892	1
2115380	1
3047852	1
12910	1
2680055	1
1007748	1
2141694	1
2433330	1
2369814	1
1398910	1
126547	1
1303771	1
1892993	1
2400659	1
1064825	1
1672749	1
962773	1
3111906	1
858091	1
2719535	1
1144643	1
2964782	1
2224103	1
3057235	1
2951046	1
3060557	1
2927065	1
1363579	1
1929173	1
225692	1
1792239	1
3049308	1
1850332	1
1794582	1
2422723	1
3093044	1
2902029	1
2957627	1
2088924	1
2001354	1
3005740	1
2020295	1
241734	1
497048	1
738601	1
13220	1
2857053	1
3097274	1
3119460	1
3113111	1
1953866	1
3105011	1
326463	1
168432	1
3067123	1
519564	1
2776219	1
131099	1
825533	1
3038571	1
1755521	1
1233781	1
1791144	1
328056	1
1931026	1
101695	1
3024163	1
729406	1
640736	1
4713	1
1202604	1
2486060	1
3088630	1
3018617	1
2426359	1
335208	1
3066051	1
1324649	1
1407109	1
1824460	1
3027878	1
320853	1
1892883	1
2589863	1
283457	1
1895286	1
1610766	1
955372	1
2971919	1
2941032	1
3087056	1
1018165	1
34741	1
2408144	1
2691290	1
1224013	1
2689130	1
2270215	1
425138	1
3054680	1
451715	1
2101886	1
2472306	1
2086687	1
12026	1
1683551	1
299614	1
2693408	1
1931882	1
1041295	1
2197885	1
3125235	1
2591933	1
1713713	1
19483	1
324920	1
14470	1
1047193	1
1477322	1
2479036	1
2185586	1
431842	1
1296960	1
3129278	1
22425	1
303016	1
2441863	1
1292934	1
2001080	1
2663435	1
3123712	1
3000102	1
2799730	1
2625873	1
4251	1
915187	1
1835631	1
2278099	1
1351950	1
2728134	1
681688	1
1036526	1
1135526	1
1869719	1
3090781	1
1997444	1
857287	1
286517	1
790327	1
2629138	1
1750628	1
3054883	1
2248180	1
1713563	1
2783153	1
2155770	1
1697694	1
535077	1
2997353	1
3008061	1
2306203	1
410963	1
1689124	1
3086128	1
626501	1
446776	1
2923922	1
25315	1
3104663	1
1117370	1
2651751	1
1046756	1
1321020	1
1593811	1
2929940	1
2568603	1
1407455	1
2141163	1
2784685	1
895554	1
1889387	1
1296218	1
2992518	1
52520	1
3062854	1
985619	1
66573	1
2133367	1
955124	1
1869462	1
1207205	1
1615120	1
3082052	1
852839	1
2034789	1
144680	1
3094125	1
872618	1
1700032	1
3121674	1
3015701	1
1301018	1
328957	1
3101870	1
2749269	1
2815744	1
2188387	1
2705403	1
1413816	1
1387387	1
2430500	1
94451	1
2758569	1
3087666	1
3037706	1
967922	1
1903782	1
1335461	1
2995021	1
1847472	1
4235	1
1844506	1
716250	1
2900324	1
3012679	1
1010325	1
1147436	1
1663319	1
335172	1
2059669	1
1750871	1
1871956	1
3080449	1
2801444	1
3000174	1
234471	1
1441026	1
15622	1
29411	1
3014593	1
1092315	1
53451	1
1281432	1
3003104	1
2336428	1
2687471	1
621939	1
3080699	1
3062740	1
3050955	1
1902485	1
3057116	1
1511667	1
957860	1
2232224	1
1928174	1
1259565	1
2007091	1
2741301	1
3083129	1
102067	1
999537	1
3043761	1
246971	1
378334	1
3061439	1
518545	1
4154	1
233349	1
308732	1
2796193	1
1868130	1
2729991	1
605443	1
2958251	1
3067109	1
31969	1
2769165	1
3012943	1
2294980	1
3076463	1
1201223	1
3016360	1
763895	1
36835	1
2058136	1
1797864	1
107418	1
2065141	1
2019854	1
275215	1
1471925	1
1534512	1
1418785	1
300622	1
614539	1
1958724	1
579444	1
2393313	1
3118413	1
3048923	1
2744124	1
3051969	1
2795589	1
2651015	1
1103407	1
2402698	1
3064718	1
1980741	1
3000156	1
717168	1
2258805	1
3006610	1
3020667	1
1613217	1
3060605	1
816827	1
3038576	1
1060020	1
302140	1
2654901	1
1568131	1
3125003	1
2652776	1
3031097	1
1520790	1
29852	1
2008951	1
1072634	1
52447	1
3132574	1
2594923	1
857371	1
2173666	1
3087733	1
3098403	1
1891136	1
1979971	1
1980448	1
1199207	1
1780909	1
2611886	1
84797	1
826902	1
789369	1
2619962	1
1870481	1
1258747	1
1725893	1
1346143	1
37272	1
2114145	1
335340	1
2229651	1
1818035	1
1455634	1
814010	1
1864536	1
489358	1
1243082	1
2899524	1
713523	1
1101078	1
643667	1
2825528	1
2583200	1
2915866	1
2684030	1
384526	1
2484088	1
533321	1
2815643	1
3111133	1
2331249	1
2684714	1
812070	1
1064556	1
1387966	1
2883706	1
671364	1
986026	1
3075969	1
1785616	1
1864632	1
693472	1
1673480	1
1245200	1
641920	1
2832529	1
16993	1
1360767	1
1224877	1
2446009	1
2758421	1
2170622	1
2543342	1
3092983	1
2905092	1
2510368	1
973643	1
3105344	1
757260	1
3041354	1
532623	1
431000	1
984411	1
3082140	1
3032180	1
2541765	1
1173033	1
705301	1
2838219	1
2387905	1
20159	1
1498434	1
2453808	1
165845	1
183110	1
735791	1
385157	1
986700	1
2829559	1
3072352	1
2924476	1
1800274	1
1430786	1
565458	1
3092243	1
3034483	1
1195048	1
2995172	1
3008279	1
131837	1
1104128	1
856160	1
1905730	1
2116281	1
8068	1
882233	1
3063951	1
574994	1
621214	1
1179834	1
2344234	1
1021285	1
3113777	1
1866744	1
2595731	1
2827203	1
1457909	1
307608	1
2605587	1
2917356	1
449769	1
2604916	1
3028973	1
1096179	1
1661550	1
2699763	1
3005343	1
3037195	1
3072418	1
3043566	1
2214457	1
2629677	1
1547487	1
411624	1
1768957	1
1194310	1
1930020	1
3019543	1
1333683	1
1742890	1
3087519	1
1531420	1
365484	1
756714	1
440773	1
923761	1
1	1
3008719	1
2817880	1
3376	1
3028099	1
1866770	1
2753455	1
1734658	1
1306169	1
2663695	1
631007	1
242937	1
2836737	1
1890610	1
2281364	1
3052151	1
723449	1
562388	1
2825901	1
2896777	1
1170581	1
2123173	1
897797	1
783024	1
217559	1
743873	1
632437	1
2676407	1
1661257	1
1000517	1
702267	1
3071740	1
1798447	1
44068	1
126034	1
2745657	1
2789287	1
1889800	1
3128503	1
111197	1
1856210	1
11918	1
2660504	1
3065872	1
2787691	1
1020074	1
2610952	1
1056910	1
3031926	1
3090268	1
274062	1
1203810	1
2135281	1
2783737	1
2392	1
131162	1
2304571	1
1869278	1
2839988	1
999586	1
712779	1
850159	1
1089268	1
2640914	1
2784627	1
3119557	1
1153781	1
2598942	1
1335601	1
949188	1
2126660	1
3002668	1
437187	1
1615859	1
2627748	1
21754	1
2968506	1
1423209	1
1074568	1
3	1
309763	1
2169345	1
2221303	1
360303	1
2951308	1
575405	1
3071771	1
198735	1
1207016	1
2217039	1
455543	1
145492	1
29957	1
1977478	1
699000	1
95591	1
2954221	1
572767	1
1290194	1
1059156	1
2585584	1
1335682	1
272797	1
255881	1
2725738	1
2347746	1
56782	1
2983809	1
731308	1
3051538	1
2471029	1
2919710	1
263266	1
2734484	1
3051153	1
1258455	1
2934530	1
164693	1
669248	1
2293425	1
1302024	1
975897	1
8968	1
2413406	1
10878	1
1354411	1
731578	1
3060299	1
2204924	1
1508102	1
1452953	1
2626379	1
2751598	1
2893287	1
1026972	1
2158996	1
3027876	1
1036175	1
2984119	1
1171994	1
1720728	1
666834	1
3058839	1
1175096	1
1801086	1
1288771	1
1193626	1
1040788	1
2135694	1
284863	1
2445295	1
342726	1
1557845	1
3042620	1
1753462	1
3057462	1
2684753	1
2661142	1
580889	1
1679591	1
2180211	1
2559467	1
3047988	1
913694	1
3081229	1
2748100	1
2987612	1
2284354	1
2114006	1
3013658	1
325680	1
2995191	1
1583002	1
1210553	1
1695615	1
1454670	1
864769	1
486885	1
2724506	1
2162097	1
2501792	1
1487922	1
3005478	1
2522045	1
1536368	1
1248528	1
3127200	1
1012980	1
3043526	1
2659832	1
2526170	1
3067034	1
525614	1
415198	1
2603225	1
3086549	1
2630276	1
3059912	1
12201	1
1852892	1
543514	1
2985452	1
994311	1
521365	1
2660845	1
3005414	1
38446	1
2722897	1
2326532	1
480049	1
1504644	1
2456221	1
2005812	1
1991383	1
268000	1
2737821	1
2068393	1
2545907	1
46412	1
77998	1
2887714	1
2121801	1
583075	1
2801714	1
519674	1
2155240	1
162691	1
262611	1
1953472	1
3073192	1
1513952	1
2888800	1
1107321	1
2455832	1
1302921	1
2533200	1
2963453	1
2234726	1
2664311	1
2486486	1
1982620	1
3072386	1
2509745	1
2611485	1
1861542	1
3032790	1
1751590	1
1231258	1
3058134	1
1675003	1
3006294	1
163787	1
1016522	1
1652235	1
2977028	1
3027255	1
1431053	1
2200440	1
2262022	1
2683910	1
2985999	1
3120262	1
2026162	1
891843	1
1810737	1
545692	1
1623797	1
1934991	1
1391176	1
2112168	1
1468437	1
3107202	1
2624486	1
2962614	1
2286657	1
1635636	1
1181207	1
2824979	1
1836831	1
3062967	1
2803593	1
3056658	1
22732	1
1591010	1
2770195	1
2966311	1
249464	1
233305	1
1094084	1
2964083	1
1311552	1
2966357	1
2427293	1
1313391	1
1573543	1
485518	1
1511142	1
2909894	1
2811584	1
1874289	1
3087010	1
1505978	1
2560952	1
605146	1
2734168	1
808555	1
473457	1
3033097	1
3024231	1
422374	1
769357	1
3118436	1
292083	1
1612243	1
345925	1
3071521	1
19294	1
1456811	1
1634961	1
1283712	1
2853096	1
3060847	1
2933242	1
243527	1
2283418	1
2831393	1
784292	1
3014470	1
2256015	1
2307347	1
1590636	1
791393	1
2979991	1
486539	1
3057288	1
778670	1
683298	1
1504555	1
1207251	1
3056065	1
1345893	1
1837202	1
1957687	1
3065468	1
1027334	1
2926547	1
839455	1
2948246	1
2443368	1
267300	1
949095	1
273596	1
2980151	1
3047671	1
2919905	1
3041885	1
153171	1
1401188	1
1897367	1
2799181	1
3034651	1
898800	1
3003420	1
2833866	1
1189671	1
1067634	1
2657853	1
1434368	1
218945	1
3039316	1
1479763	1
3139351	1
1758328	1
2366482	1
1701134	1
1301454	1
1915964	1
3024959	1
2151242	1
2843893	1
2182462	1
2536264	1
1143057	1
1226103	1
1575659	1
32526	1
1779348	1
4287	1
1280636	1
2042863	1
2643382	1
659167	1
2404748	1
349187	1
1241220	1
608304	1
12711	1
1610427	1
924535	1
1347638	1
2302793	1
1471757	1
2342482	1
588402	1
1166578	1
3120586	1
303554	1
1375539	1
2477766	1
934014	1
3006077	1
1210734	1
4340	1
3069136	1
2188903	1
1868031	1
1128912	1
3093661	1
1893799	1
225106	1
784858	1
3253	1
315143	1
2810806	1
2070066	1
3073721	1
1108687	1
179604	1
1549366	1
1625522	1
2488905	1
463386	1
2056818	1
1564102	1
3101457	1
1110242	1
1094258	1
1851356	1
1569	1
2996305	1
1002731	1
634458	1
2233548	1
3080981	1
3055573	1
2534009	1
1008604	1
1338391	1
2986618	1
3058021	1
46791	1
2153220	1
2865464	1
767891	1
1516939	1
2259137	1
3084945	1
2803276	1
1959989	1
1779585	1
3056483	1
1414715	1
2792248	1
2481326	1
1638381	1
1021287	1
2338738	1
1863774	1
2883860	1
1153924	1
2205342	1
1951200	1
1864020	1
1599236	1
3027036	1
745469	1
2630453	1
3089511	1
2571390	1
3050293	1
3081602	1
2074334	1
2886848	1
1344022	1
2359089	1
2064528	1
3083428	1
1908925	1
739438	1
3112203	1
1818795	1
571785	1
3126334	1
2558111	1
21283	1
3012660	1
2770480	1
2764889	1
3072533	1
1870939	1
2964406	1
162193	1
3053878	1
2917402	1
2922	1
1507205	1
2761644	1
1331074	1
2543988	1
1030463	1
2550121	1
3031161	1
1915856	1
3120376	1
83453	1
1516263	1
1401272	1
2650818	1
2927352	1
3089617	1
1909525	1
1315283	1
3047486	1
2588923	1
100317	1
1032228	1
1146189	1
626721	1
2224636	1
2785263	1
2961555	1
405542	1
682362	1
3073029	1
1209618	1
1432607	1
2163754	1
2465534	1
2938874	1
2962739	1
2534765	1
3103182	1
3042157	1
1095613	1
1071995	1
2209763	1
929107	1
2911858	1
2850487	1
2873420	1
2715960	1
887784	1
1495624	1
1889282	1
1527272	1
2163062	1
3000940	1
836507	1
2616156	1
2706520	1
753847	1
2965603	1
761373	1
309810	1
119206	1
3083020	1
253234	1
1102878	1
1355509	1
2147004	1
2000552	1
2308008	1
2865869	1
1045110	1
2430198	1
2556022	1
2979011	1
2723978	1
801784	1
1731339	1
467962	1
969398	1
1849035	1
1104171	1
1821466	1
183888	1
2115898	1
283721	1
2991964	1
7118	1
1212365	1
39447	1
