1238
109
317
714
321
945
343
145
1209
179
338
1257
425
580
449
681
803
286
582
1030
389
655
1160
1092
375
744
923
368
9
100
1203
282
589
987
340
925
502
1226
1062
1366
1333
1150
1129
1306
627
239
118
631
438
825
1363
1052
834
540
543
269
410
1215
1038
922
84
1085
369
346
1273
902
333
1227
139
1076
105
583
1390
1154
737
1180
1009
478
473
567
1219
71
332
166
1126
22
864
788
353
418
1168
1286
1107
1365
874
1137
991
454
1389
805
1372
60
720
305
1305
1239
984
1307
915
625
1233
1081
947
687
574
142
813
201
187
1319
75
1066
1064
91
125
671
682
959
468
295
612
1234
963
55
202
43
1248
1249
1276
716
897
504
1315
401
157
61
519
704
4
696
1253
1026
948
39
28
585
1360
1024
1151
1153
715
424
1011
1015
628
1197
17
700
1352
817
190
1308
326
30
1118
993
433
599
931
147
916
174
90
482
1029
6
532
551
80
819
686
1250
359
575
486
494
1331
225
654
398
1019
994
520
693
367
525
609
255
24
235
1266
712
365
498
226
933
1159
859
1120
853
929
208
132
193
133
489
600
1036
641
1116
1075
116
795
1326
552
1051
18
304
1310
861
1138
1330
690
36
29
265
114
1383
1329
200
785
124
495
635
25
14
1375
873
527
115
588
1350
815
483
392
713
1010
939
10
1343
835
807
757
1028
463
640
1271
444
1296
881
542
1112
1078
177
576
753
657
49
877
224
518
242
1063
1278
455
1382
876
524
660
443
522
536
740
138
459
345
1089
1098
650
833
402
581
1190
311
633
559
1130
5
165
1279
66
19
529
751
334
374
354
928
1096
373
868
395
646
212
613
1255
950
1097
380
388
477
1332
782
775
1275
534
541
778
247
932
684
1164
303
427
1290
745
799
1134
670
903
1016
1013
821
956
621
962
178
1312
21
319
741
537
16
1056
407
1054
904
513
1003
7
763
694
862
1074
905
706
1385
554
1044
234
65
1324
163
810
1313
746
1386
250
673
220
461
855
547
215
460
938
301
352
863
698
1158
808
564
69
1364
727
1282
977
1325
1274
1122
446
774
930
403
941
780
32
290
440
306
516
723
445
730
926
852
53
417
237
911
1235
1254
893
557
283
1294
210
610
62
12
667
652
878
1181
465
1259
1142
611
258
351
240
78
31
786
1300
1195
249
218
982
885
384
1378
137
591
1136
421
1265
1034
565
1007
586
479
229
776
41
697
1191
634
448
809
771
1206
315
57
507
1354
1083
248
1322
274
51
257
995
906
26
469
1211
1202
685
886
291
1175
818
1336
914
831
409
1272
838
705
1205
1123
826
636
1251
1033
277
596
82
451
701
211
1369
1170
1193
605
435
562
44
480
1357
598
68
45
1084
1000
643
1260
506
96
23
1058
281
992
98
1252
978
1361
318
488
806
376
1179
227
161
320
760
1093
779
623
1163
11
680
13
577
1037
1230
203
1223
937
608
1327
197
1210
870
276
92
150
571
674
732
896
1059
1079
919
404
158
331
262
651
214
901
381
531
426
584
108
642
121
509
1351
836
156
1348
1196
1043
503
940
549
1262
1243
1224
1115
793
738
710
1094
223
357
462
1208
639
1135
761
912
429
501
1067
569
884
545
800
56
1165
869
1321
280
538
1318
841
457
816
1027
563
1091
907
1371
989
366
913
683
1040
895
355
653
1177
0
431
882
857
944
1384
85
196
1133
721
254
678
512
1373
342
299
1394
1237
293
101
1149
400
556
550
1050
37
143
691
110
1086
130
441
1395
1216
824
414
1012
867
521
1186
523
964
790
854
191
889
1101
597
154
888
894
1125
128
1370
236
244
661
86
845
1368
173
46
1285
595
1017
1065
1379
260
207
160
2
372
729
827
1334
122
1245
261
1212
1141
1291
722
1104
288
383
307
350
560
104
742
1201
1298
1090
1229
246
593
514
370
492
544
736
88
1182
1213
754
72
1267
1127
267
1132
111
1281
180
362
974
949
1105
1302
1178
1
632
1221
954
1162
755
279
169
230
573
602
1374
983
1380
253
487
335
103
773
662
95
1391
969
1047
99
787
322
131
1023
644
285
1393
1005
222
153
363
146
728
796
252
241
1167
217
377
452
1388
1070
561
1314
539
679
1304
192
1106
162
323
232
1139
968
484
485
1131
467
358
590
997
1157
530
422
1152
546
749
1269
1381
430
149
152
735
1109
759
1049
840
497
172
865
1172
1287
699
1169
1346
648
273
664
1045
35
1192
292
233
81
3
672
120
205
1144
1018
1228
981
1140
985
1046
263
777
505
823
491
453
73
141
136
880
184
1342
731
999
1166
535
935
270
849
953
117
1289
1220
1156
900
216
1256
1199
587
1119
797
1241
1355
917
918
645
936
908
966
1110
1099
1207
1263
1128
344
570
379
1236
8
638
980
558
1111
1347
1100
123
622
1161
764
1021
850
847
976
106
689
820
316
309
268
1349
1341
1082
970
1204
1145
1359
387
245
107
1397
934
33
844
624
965
1316
27
871
1014
943
568
183
614
1283
1358
390
629
1356
297
898
1303
572
416
1183
1200
129
802
794
112
553
769
349
998
812
957
437
1185
195
606
466
1008
891
830
783
1148
1068
909
866
456
677
1176
594
695
1376
733
64
1184
883
1108
167
420
1020
271
1297
607
676
860
251
148
1032
50
1069
1173
284
76
1022
603
471
814
839
189
921
892
170
702
709
1311
708
946
669
972
339
875
74
266
399
1242
734
198
97
743
890
703
341
59
199
515
396
555
1225
951
1071
1295
616
747
204
958
70
1280
1171
1246
752
1344
1317
294
155
510
1114
620
476
1073
768
231
750
626
439
312
289
361
766
213
272
846
798
1387
47
308
493
784
1194
314
791
256
348
1338
243
517
330
176
67
38
481
1293
1077
770
511
405
63
48
1061
666
1288
566
188
1155
1055
858
119
887
278
54
135
725
979
447
1309
1222
428
899
238
327
960
619
707
472
1218
647
688
1217
1362
1117
324
668
1102
801
658
496
264
259
1323
470
159
382
649
822
1320
58
927
829
1031
1292
618
804
659
1240
1048
1270
1247
1189
1377
296
206
371
329
637
508
665
1042
789
500
726
739
842
1258
1147
360
221
356
181
385
990
287
942
336
952
848
411
1268
879
415
1277
1188
1174
910
1113
102
209
79
967
832
1103
1002
1232
1035
1088
1337
758
378
113
1301
302
93
1146
792
219
87
325
843
924
20
1244
961
194
630
675
419
423
391
434
1124
711
408
718
42
604
1367
1072
450
1001
1353
182
337
1198
988
1006
164
528
955
83
126
578
1041
298
975
151
692
1231
1396
171
872
579
364
1004
1328
328
533
386
719
89
436
1345
127
1284
175
1264
762
781
601
300
40
1214
186
920
144
1121
526
1025
973
1335
275
1087
475
1080
986
77
52
1340
1339
548
474
663
828
772
851
168
490
592
347
1187
34
393
397
765
996
1299
717
856
971
617
406
464
310
228
837
656
1143
442
499
1053
313
185
1057
1039
724
1392
1060
412
413
134
458
1261
432
767
748
756
140
394
811
94
1095
15
615
