2268270	1
2847485	1
2116903	1
3314904	1
649176	1
3372842	1
3396334	1
3271736	1
2977121	1
699175	1
3332916	1
2795931	1
2655700	1
1713432	1
2002405	1
3305564	1
303951	1
308208	1
2888165	1
1227396	1
3038965	1
1816590	1
2121399	1
3385005	1
2791571	1
1611885	1
1670469	1
1963987	1
2490086	1
3272901	1
1551552	1
3087551	1
1031445	1
1139855	1
2971622	1
2606487	1
3281875	1
1322574	1
3305539	1
2524852	1
3153625	1
3300544	1
2968514	1
2931482	1
1934358	1
3225892	1
13740	1
2826195	1
3156751	1
3332724	1
3160754	1
3030819	1
2285584	1
3092452	1
2341975	1
2743061	1
3172223	1
1147494	1
2806283	1
3182559	1
3403248	1
709479	1
1293770	1
2734385	1
896468	1
1918829	1
1720914	1
2668664	1
2426932	1
780691	1
3255993	1
1341227	1
3372163	1
1886387	1
955973	1
1982796	1
954664	1
3065613	1
3041814	1
1935573	1
3246028	1
2678717	1
721197	1
2163632	1
3340635	1
2194375	1
2954580	1
2117386	1
3248341	1
1872193	1
2568025	1
2454099	1
748535	1
2974188	1
464139	1
326410	1
3037203	1
1743591	1
2064591	1
3321575	1
871361	1
24504	1
2556947	1
1442106	1
2896831	1
2047091	1
903871	1
1633105	1
3324345	1
2549407	1
3320138	1
2453883	1
3068223	1
2437874	1
2831460	1
1093797	1
2468669	1
2166397	1
3320213	1
1108049	1
2353547	1
3050005	1
3205375	1
1554736	1
1740476	1
1595563	1
596697	1
1458347	1
3264674	1
2481573	1
3082170	1
2501853	1
2035778	1
2235086	1
1722923	1
2325657	1
444315	1
3433068	1
1321683	1
599991	1
2620505	1
2777009	1
293439	1
3145449	1
1703691	1
3333555	1
2682339	1
2174924	1
722922	1
2764241	1
3004177	1
1351497	1
3152363	1
2410046	1
2671521	1
2455628	1
1748084	1
1828853	1
1990645	1
3127398	1
3225893	1
2579385	1
3253833	1
1826715	1
1502422	1
1315131	1
3260973	1
2102081	1
558266	1
2648241	1
1516989	1
1085933	1
2512833	1
3203854	1
1663665	1
3414607	1
2526753	1
2568838	1
3219382	1
3268783	1
1168433	1
3168285	1
2143431	1
3304194	1
1194785	1
2921366	1
2728549	1
2313205	1
2657684	1
2745852	1
2084869	1
2513149	1
3211215	1
2974308	1
1287453	1
154941	1
1291088	1
3326372	1
495548	1
2467772	1
3186086	1
1390836	1
2561017	1
3340221	1
2981715	1
2909466	1
2346936	1
2777851	1
1559506	1
2193780	1
2760596	1
478337	1
3249203	1
2188815	1
3360359	1
3318398	1
1614021	1
2664452	1
3351039	1
3329821	1
3008295	1
2942851	1
3187421	1
1352432	1
3304995	1
3137619	1
813706	1
709058	1
1762092	1
2600305	1
2415745	1
666445	1
2934682	1
1515275	1
2990847	1
3219237	1
3339943	1
1704778	1
314947	1
3244281	1
1136525	1
330002	1
1762625	1
1785568	1
913581	1
1384408	1
3241526	1
3412828	1
358340	1
3166808	1
1103886	1
630690	1
3166026	1
2266070	1
2128355	1
3362646	1
3291556	1
3179920	1
216778	1
3097285	1
3250805	1
2488949	1
3308711	1
2271108	1
3151354	1
1867479	1
1800426	1
292536	1
84906	1
1061821	1
1228287	1
2863364	1
2754574	1
3379096	1
1156184	1
2527787	1
3020111	1
1333846	1
634030	1
3033931	1
1371118	1
1135082	1
838263	1
918649	1
3302536	1
2571502	1
1044315	1
243527	1
3261802	1
2264421	1
2415293	1
2027501	1
1519610	1
3001109	1
2186158	1
1092722	1
2501969	1
2970282	1
2587811	1
1778202	1
3440085	1
3262548	1
3	1
2096997	1
2493326	1
1846350	1
1244600	1
2242897	1
1871993	1
3095802	1
93068	1
1475910	1
3300512	1
2191680	1
3369522	1
190607	1
2775937	1
2535798	1
1799511	1
326612	1
2155962	1
3128690	1
3379301	1
2071133	1
3131571	1
2361560	1
68935	1
2706336	1
3216905	1
2030117	1
3075038	1
777834	1
3323360	1
2122673	1
1735408	1
3327061	1
2685333	1
416947	1
2359686	1
3083354	1
2287031	1
3438358	1
3240058	1
618576	1
2340022	1
393571	1
3367109	1
3230111	1
3060150	1
3286894	1
2465742	1
982649	1
1758624	1
1075993	1
3099351	1
2023228	1
2840619	1
2020042	1
1676043	1
1890820	1
1653116	1
509189	1
2126154	1
2712058	1
1084690	1
1528750	1
3352455	1
387076	1
2633304	1
1071742	1
545227	1
2247041	1
3237567	1
3100442	1
2140902	1
763231	1
3408006	1
2326957	1
2695136	1
2609132	1
2638791	1
1776885	1
3081615	1
2366780	1
3243738	1
3201597	1
1176429	1
3277078	1
1979008	1
1915746	1
2521459	1
1549512	1
561488	1
2766131	1
459627	1
3395393	1
30356	1
3228230	1
2631785	1
3196832	1
2367420	1
3392206	1
2082348	1
2219578	1
1618865	1
3000282	1
2606755	1
1675925	1
1339259	1
867344	1
1539716	1
1787090	1
2436580	1
3002977	1
952195	1
1767757	1
500442	1
2644542	1
1253009	1
3022694	1
2691875	1
1938500	1
2492777	1
354294	1
938332	1
3324054	1
308101	1
3304834	1
3386691	1
3437915	1
3454367	1
3415786	1
2901356	1
3084287	1
2551810	1
2268337	1
3104100	1
2735386	1
1663984	1
524727	1
3330075	1
2039683	1
3128840	1
3285056	1
3179777	1
2201269	1
320559	1
3440465	1
3032512	1
3139829	1
3107301	1
987817	1
1443123	1
1957384	1
2234720	1
1782983	1
3213340	1
510804	1
3265051	1
2840383	1
341204	1
363191	1
3114808	1
3353465	1
1169433	1
3260826	1
1345413	1
3224360	1
2146448	1
3288942	1
2042195	1
28410	1
2961670	1
3058920	1
3272820	1
3199470	1
2928000	1
3340399	1
3195546	1
3264394	1
3258393	1
2499438	1
3148342	1
3438668	1
1692	1
4	1
2646059	1
816015	1
2664226	1
2553875	1
2940404	1
1401064	1
3318976	1
2309054	1
2475555	1
1039576	1
3310487	1
356208	1
3285720	1
2114348	1
2165756	1
2639909	1
3123589	1
1535258	1
2147198	1
2927475	1
1279596	1
477386	1
3269588	1
1736206	1
725269	1
3243971	1
3375508	1
1745869	1
36978	1
3356823	1
2544677	1
3317143	1
1751175	1
2048731	1
3437870	1
3322597	1
2908780	1
1775649	1
1663631	1
2897527	1
1626223	1
2415228	1
1141431	1
1687634	1
2099958	1
3066458	1
3156153	1
3332329	1
2890227	1
3283353	1
2490593	1
3244574	1
1851840	1
2033494	1
571997	1
2480858	1
3239758	1
3381919	1
2183758	1
2507607	1
2104124	1
3312176	1
3327793	1
3321248	1
1214196	1
3461286	1
1985182	1
2926909	1
2193005	1
2171315	1
2852732	1
981192	1
1241036	1
466350	1
310394	1
2855134	1
3296410	1
2639817	1
3400844	1
3273791	1
1764311	1
3130647	1
2275966	1
2431774	1
1741233	1
2338439	1
2423406	1
2489615	1
1513397	1
1558676	1
30737	1
3315295	1
1582919	1
2807934	1
2582372	1
3012291	1
3376480	1
3450111	1
2891673	1
3156132	1
2430177	1
3333873	1
3258716	1
2682986	1
3227	1
3291532	1
1532605	1
3332797	1
782887	1
414144	1
3294891	1
3023774	1
2468899	1
3289808	1
37511	1
3359118	1
3227226	1
3187740	1
3264075	1
2769609	1
1836896	1
1657621	1
1947082	1
1971155	1
2925550	1
2962037	1
3130126	1
3312316	1
1982360	1
2340617	1
480366	1
1081483	1
1585207	1
3172290	1
3277021	1
3339084	1
1691283	1
2917531	1
3248506	1
1578013	1
2587134	1
3319572	1
337609	1
3015013	1
3253205	1
2111678	1
396578	1
2080110	1
3103160	1
1733625	1
2281272	1
3309970	1
3123591	1
2525915	1
2421868	1
887031	1
3144025	1
644055	1
2002727	1
1134573	1
1066955	1
557630	1
415344	1
910953	1
2557630	1
1049219	1
3319557	1
341078	1
3207617	1
1318965	1
2194273	1
2151393	1
2748047	1
3149820	1
2234392	1
2702876	1
2823086	1
3343275	1
1516828	1
221216	1
2654191	1
1830486	1
2611013	1
2933737	1
3407681	1
2298477	1
1664741	1
366743	1
2177792	1
2484357	1
1297359	1
3108149	1
3401631	1
3088585	1
2755237	1
3146280	1
3282272	1
2082461	1
2941972	1
3147533	1
3056461	1
2074617	1
1440232	1
2469083	1
2591150	1
807916	1
3386295	1
926445	1
618403	1
695213	1
82538	1
2691123	1
3341434	1
3177321	1
1748791	1
3191422	1
1798111	1
3047587	1
2865986	1
788613	1
1606510	1
328688	1
2490092	1
2864124	1
3259310	1
2423462	1
2430907	1
1747420	1
3380296	1
651061	1
3070968	1
999479	1
132661	1
2395129	1
1509478	1
3248025	1
1770270	1
2752153	1
2901254	1
455189	1
3264367	1
2798730	1
2919569	1
3330748	1
244167	1
1293176	1
2945421	1
3252763	1
3138718	1
3166132	1
2485416	1
745574	1
3322774	1
2646948	1
3320017	1
3327054	1
1912592	1
2785031	1
2928921	1
1347868	1
3207225	1
2737824	1
501276	1
2795553	1
2285194	1
3262669	1
434083	1
3165072	1
1269916	1
3294772	1
1199268	1
704925	1
2191607	1
1020004	1
3442282	1
2079277	1
3294120	1
1762201	1
1922383	1
1531286	1
2375666	1
3241321	1
3455025	1
3234906	1
3237323	1
3338819	1
1212903	1
1275589	1
1233467	1
2614153	1
2025555	1
3318710	1
1897201	1
3176035	1
3385540	1
826338	1
1999438	1
1797635	1
3204209	1
3355462	1
575640	1
2722283	1
3193158	1
1848228	1
1016726	1
1063271	1
3364879	1
2967551	1
2356201	1
3415426	1
2068823	1
2467426	1
572767	1
1618169	1
2989627	1
2266769	1
1685625	1
1633918	1
3086494	1
3310820	1
3156803	1
481515	1
2742772	1
2201909	1
2970370	1
1700708	1
2632167	1
2459012	1
3328944	1
3228720	1
2150023	1
799386	1
965113	1
2719814	1
328957	1
3244942	1
321833	1
3318277	1
3153380	1
1147342	1
1305311	1
1103120	1
912655	1
1515597	1
2441012	1
2070188	1
2544101	1
2812094	1
1465582	1
3416206	1
3427694	1
3170744	1
2071726	1
2431937	1
292902	1
3358618	1
3059440	1
2905880	1
2873565	1
2447877	1
2426421	1
3296466	1
3379327	1
3321469	1
3077093	1
3051741	1
1791846	1
45150	1
13071	1
2944915	1
2541394	1
2848297	1
2402462	1
3338720	1
2593981	1
2893203	1
1844935	1
1486774	1
3254901	1
1760303	1
2276634	1
2365202	1
2248415	1
3300019	1
3108658	1
1094695	1
2615511	1
3285363	1
3408250	1
2891839	1
2714809	1
2549960	1
1868448	1
1514702	1
608431	1
2023725	1
534901	1
3283919	1
2550871	1
2266700	1
3002389	1
2309798	1
3087500	1
2413691	1
3008980	1
1056025	1
681186	1
1804840	1
1033728	1
2885065	1
2862047	1
1913432	1
2778888	1
2990936	1
2087477	1
3180777	1
3263675	1
1844552	1
2250806	1
706354	1
3423838	1
44822	1
1291422	1
2973917	1
3191974	1
2411571	1
175930	1
3317167	1
2258989	1
2784685	1
2833802	1
812883	1
2321933	1
2012917	1
3141565	1
894515	1
2106526	1
2655409	1
1123341	1
2201835	1
1880104	1
2957940	1
1536244	1
1439085	1
3418269	1
2154583	1
3178992	1
2269292	1
3241008	1
648622	1
2211286	1
2334207	1
20916	1
3324907	1
3312786	1
1256978	1
545328	1
3333410	1
3314297	1
3247013	1
3352925	1
8261	1
2479197	1
418039	1
1071265	1
301783	1
2601482	1
1831822	1
1872333	1
2860621	1
166933	1
467303	1
1497272	1
3230636	1
3219122	1
2706535	1
1769666	1
374646	1
3400314	1
3150800	1
1924593	1
3353663	1
1662987	1
2491262	1
1230116	1
3244724	1
3383863	1
3305264	1
3001448	1
1754924	1
1985524	1
3262560	1
2783604	1
3285649	1
3108712	1
2805606	1
3056041	1
2431568	1
3370073	1
3200163	1
2982996	1
2599271	1
2611705	1
2906626	1
2343076	1
1526672	1
1673480	1
2910157	1
3067097	1
3336891	1
3221948	1
169863	1
321836	1
3285049	1
3256537	1
2381389	1
2088031	1
3253247	1
410962	1
1187689	1
3013405	1
1920341	1
3289072	1
3049435	1
2160999	1
3149253	1
554685	1
2630601	1
3157555	1
2922096	1
1102873	1
2715310	1
1468679	1
2848787	1
3311479	1
2728599	1
1533546	1
3243210	1
2938767	1
3066579	1
3263909	1
3381925	1
3079205	1
3215870	1
1594019	1
1337317	1
2460934	1
3039718	1
3315356	1
3250667	1
593016	1
1020187	1
3181197	1
3319622	1
1835471	1
2548610	1
1731832	1
1885840	1
3338657	1
1858489	1
316631	1
2715297	1
2953832	1
490016	1
2633933	1
3384033	1
3410906	1
2453953	1
3193706	1
2309779	1
3334529	1
905276	1
637556	1
2696432	1
1664497	1
2847891	1
785098	1
1163218	1
2708437	1
321306	1
3270761	1
2044420	1
2631235	1
3167262	1
2127813	1
2538587	1
2428268	1
2308659	1
3343824	1
2674089	1
636817	1
3113406	1
2682577	1
1523824	1
3425346	1
1344075	1
1888125	1
1712106	1
2076177	1
934239	1
3373370	1
18508	1
3042138	1
664712	1
1249500	1
3163406	1
3360112	1
2834431	1
2197355	1
289361	1
3370674	1
2835889	1
3251013	1
2382669	1
2771284	1
1583953	1
1785632	1
3229486	1
3258491	1
2124686	1
3307753	1
2169896	1
3285800	1
3134838	1
2406946	1
3281742	1
3304161	1
82613	1
1634917	1
1559775	1
3008955	1
2031746	1
3189876	1
2223809	1
2417707	1
2857596	1
3422598	1
2343357	1
2016497	1
3384198	1
1634810	1
2651198	1
3181747	1
410195	1
2797142	1
3134408	1
1655182	1
3315078	1
405016	1
3028013	1
1647505	1
3399058	1
3234808	1
3317441	1
3170573	1
3342387	1
3318639	1
2652924	1
2853010	1
2429288	1
493683	1
929949	1
1501462	1
1803655	1
2040536	1
730740	1
3195743	1
3145151	1
3301103	1
2828531	1
1444739	1
3042472	1
1643931	1
2117982	1
2663787	1
2416809	1
2663792	1
3265845	1
1594112	1
2922222	1
3352989	1
2786184	1
740681	1
2064223	1
2282937	1
3296464	1
2397722	1
2336960	1
154593	1
3185994	1
3353316	1
3307362	1
703261	1
3083747	1
3195604	1
1823400	1
3083095	1
2121846	1
1102471	1
3253773	1
3251955	1
1168260	1
3119257	1
2993280	1
3023368	1
3254025	1
1324377	1
1243960	1
2855797	1
2803314	1
3321252	1
3282611	1
15451	1
1562008	1
295030	1
3308471	1
2988824	1
3361504	1
3373812	1
884151	1
3001993	1
3336183	1
2593596	1
3232479	1
2654360	1
2920123	1
451152	1
3333167	1
3372603	1
2995546	1
3316298	1
2992897	1
2905553	1
626515	1
2243420	1
826855	1
3159514	1
2078175	1
2052244	1
1928746	1
3417574	1
2715890	1
3079738	1
2960031	1
1591683	1
1181388	1
1699039	1
379678	1
3381909	1
3364121	1
3299751	1
2884393	1
3300174	1
3408027	1
763302	1
1482044	1
2989880	1
387860	1
2655772	1
2575190	1
66738	1
3327315	1
2093833	1
1324494	1
1353225	1
932589	1
2961668	1
229706	1
3346525	1
3374531	1
3376922	1
1631290	1
1501761	1
2957978	1
3218684	1
1578970	1
152407	1
2591356	1
1714653	1
3150999	1
2239292	1
743408	1
1301283	1
762339	1
3119603	1
3026398	1
3085596	1
3221466	1
2548607	1
2410697	1
3182273	1
3375178	1
570888	1
2921749	1
601125	1
3351975	1
942247	1
168262	1
1049942	1
2900125	1
3354790	1
2598344	1
1969059	1
1942019	1
2211066	1
989086	1
538528	1
1305977	1
2876608	1
2687442	1
3303369	1
2148477	1
2830075	1
1773690	1
2190120	1
2785063	1
2691262	1
2378533	1
1559201	1
1043966	1
3160452	1
3281183	1
676451	1
3378141	1
1426098	1
2746072	1
3380036	1
1581569	1
3334965	1
3298440	1
1213316	1
3005337	1
653857	1
1143866	1
3125731	1
1367224	1
3397583	1
3458424	1
1185936	1
2747054	1
2321825	1
1740570	1
2909948	1
3370453	1
1138701	1
3288807	1
159741	1
1847555	1
2735667	1
1481613	1
2058079	1
2980115	1
720063	1
1893319	1
1237001	1
3300110	1
1412123	1
2078610	1
1382519	1
2859995	1
2978385	1
3368805	1
1042386	1
3375183	1
3379073	1
2897795	1
3237847	1
1270594	1
1097830	1
3107482	1
3301914	1
3322161	1
2586719	1
2747989	1
2846149	1
3293143	1
945301	1
3291141	1
1565243	1
2240463	1
3325504	1
2887807	1
2613939	1
933652	1
3384689	1
3362380	1
3376998	1
937788	1
3289985	1
3199446	1
2338695	1
1012367	1
3250806	1
646758	1
2559979	1
1979097	1
2729672	1
3452706	1
3347442	1
106510	1
1252447	1
3056093	1
1389002	1
2865796	1
719056	1
421108	1
1176922	1
1329770	1
111416	1
2510782	1
3352482	1
1308443	1
1611617	1
3376304	1
2230924	1
2020348	1
1758974	1
761068	1
2850335	1
762705	1
3218626	1
3247277	1
2700723	1
400990	1
3225958	1
3327442	1
956905	1
398582	1
3196921	1
204583	1
431467	1
2768925	1
3257597	1
1847317	1
3281389	1
3328019	1
3317106	1
2618963	1
1934640	1
3320097	1
995929	1
1735958	1
1509807	1
1710740	1
3159881	1
3376456	1
2005376	1
3459102	1
2994832	1
3322208	1
3424068	1
3236509	1
2036146	1
2710279	1
3419594	1
3289776	1
2276308	1
366131	1
2990968	1
1932985	1
2698064	1
1514572	1
648958	1
2405219	1
2766622	1
3217321	1
1051661	1
3055972	1
3440437	1
2515669	1
941354	1
3317771	1
1008456	1
3296784	1
2183292	1
3243586	1
2242639	1
3233816	1
1241584	1
1233943	1
3320825	1
1869461	1
2361480	1
683112	1
3316653	1
960877	1
3132394	1
3355747	1
3418948	1
2657058	1
2951957	1
1027586	1
1575379	1
2795482	1
2912678	1
2473989	1
1697811	1
721797	1
2094735	1
2778178	1
1121662	1
3447652	1
3365784	1
389029	1
3322834	1
2837607	1
3398142	1
2518367	1
2941030	1
3326045	1
1622290	1
3237716	1
3395987	1
1230078	1
1840003	1
2768475	1
1544916	1
1233185	1
250212	1
619928	1
1639427	1
3073151	1
2759919	1
650365	1
1483328	1
3342277	1
2320756	1
518114	1
2749315	1
3248267	1
535385	1
2971817	1
2351127	1
1149265	1
2157564	1
1472524	1
148591	1
2618641	1
766945	1
3289596	1
452725	1
287628	1
3394305	1
926884	1
1955149	1
3355609	1
1468550	1
3098541	1
1657170	1
352332	1
874238	1
301931	1
3398046	1
3374483	1
376233	1
1859831	1
2153270	1
3035076	1
2443906	1
3289060	1
2609505	1
3122060	1
1563755	1
639218	1
3289945	1
3334854	1
2931544	1
2938548	1
3366268	1
3144079	1
1557221	1
3174065	1
3102664	1
2379173	1
1115246	1
820742	1
3050436	1
3130466	1
2338947	1
3350252	1
997149	1
1020509	1
3264190	1
3139298	1
2687662	1
3091935	1
3360439	1
3085258	1
3324334	1
1097274	1
1744476	1
987984	1
1727640	1
3369304	1
1911171	1
2257749	1
402486	1
3062762	1
3130673	1
3286987	1
1371129	1
3251882	1
1129370	1
3223089	1
3404010	1
2537843	1
1222957	1
1866744	1
3279712	1
2443009	1
3454257	1
1427458	1
3400173	1
1412929	1
3339758	1
820019	1
1897208	1
3388701	1
3299579	1
1866872	1
3079708	1
2341242	1
2504697	1
1661871	1
2400626	1
260955	1
2681158	1
2465247	1
2194717	1
2057552	1
3173165	1
1124536	1
3069846	1
2426272	1
2903232	1
3356056	1
2270614	1
2690263	1
2265584	1
2829093	1
2898493	1
1119800	1
1103702	1
1709179	1
3057023	1
787552	1
2584358	1
2851287	1
3049071	1
3339634	1
3348650	1
1281072	1
2624906	1
3182975	1
1710185	1
3404540	1
2722756	1
2101421	1
1895378	1
2440136	1
222673	1
1997933	1
364467	1
3289455	1
2101106	1
377733	1
848584	1
266770	1
2074688	1
2163947	1
1282897	1
853418	1
1905729	1
3249062	1
987910	1
1023379	1
1530330	1
2527620	1
1401093	1
2029353	1
3257880	1
2105566	1
3233259	1
3233675	1
3342311	1
3299729	1
3390688	1
2225945	1
3216587	1
637555	1
460916	1
1053382	1
1081812	1
2699756	1
3408740	1
397243	1
1639723	1
327136	1
3338739	1
3248508	1
2836392	1
1148006	1
2534230	1
2697622	1
2287912	1
1744109	1
2040706	1
2900985	1
3256790	1
1123151	1
3439215	1
1520208	1
3440660	1
3428291	1
3266214	1
1141066	1
256052	1
3166453	1
3013725	1
3201506	1
3204323	1
2686993	1
2257073	1
1036273	1
317156	1
953962	1
800451	1
1760509	1
2620218	1
3297859	1
1931026	1
2866713	1
2364841	1
3142518	1
2689725	1
3320062	1
2079456	1
1665575	1
2219722	1
3316642	1
98866	1
3200135	1
3100244	1
3007331	1
2614946	1
2660471	1
3133431	1
2604364	1
2248864	1
3075534	1
853648	1
1020574	1
298559	1
2541244	1
3416022	1
1500585	1
2281981	1
2941806	1
3250250	1
2230913	1
2015291	1
3262601	1
2618487	1
2512100	1
2157336	1
96645	1
2826696	1
3290693	1
2243755	1
885064	1
1097589	1
3194867	1
2187607	1
1462769	1
3088369	1
1265947	1
1901674	1
2642391	1
2954034	1
2527936	1
1214488	1
722971	1
3400214	1
3312574	1
2010386	1
3130327	1
3314508	1
3418419	1
2418515	1
954599	1
675227	1
1325254	1
3431469	1
3217271	1
298894	1
3120357	1
2024325	1
2652727	1
2970655	1
2058790	1
2024600	1
1995273	1
3383621	1
3267211	1
3272794	1
2648728	1
3302052	1
1929916	1
1900560	1
3333700	1
2059375	1
3158748	1
3319686	1
437212	1
3234807	1
2953666	1
1346955	1
1700917	1
2908493	1
2884811	1
737457	1
443480	1
1534320	1
2834871	1
3083169	1
2537409	1
3062520	1
3409697	1
3296198	1
2322840	1
3224902	1
3331130	1
3409081	1
2916139	1
3037875	1
3390705	1
2622659	1
1991896	1
1229261	1
2768288	1
2881620	1
3414635	1
605963	1
2892119	1
662289	1
3327367	1
3376218	1
2847488	1
638837	1
2204400	1
2519942	1
3228400	1
931873	1
2014391	1
2229503	1
3284105	1
3297940	1
2934019	1
1757807	1
602349	1
2345	1
2165083	1
2956624	1
418634	1
3266907	1
3317652	1
3300660	1
2398846	1
1608775	1
2965324	1
1833790	1
2960742	1
3219537	1
1958912	1
3444298	1
2145030	1
3152989	1
1771654	1
2064094	1
3441744	1
3444626	1
2443301	1
1392310	1
3204847	1
2693879	1
3198051	1
551865	1
2768912	1
2390854	1
3239422	1
1042992	1
3162716	1
3332898	1
3158105	1
3124376	1
2265121	1
405180	1
2341159	1
3354180	1
2295758	1
3332673	1
2746642	1
70336	1
1374552	1
3364777	1
2683296	1
2962375	1
1583441	1
3025738	1
2604180	1
2403234	1
1518109	1
423791	1
3330452	1
3363727	1
1801094	1
3346152	1
3046196	1
2112373	1
3147723	1
1352421	1
1460046	1
3098331	1
317476	1
3035155	1
1550657	1
3197123	1
1056572	1
3270334	1
344544	1
2004392	1
3066308	1
2053837	1
1095977	1
2910651	1
1244465	1
2967430	1
784810	1
214745	1
1003776	1
3343155	1
1902522	1
3370359	1
1930769	1
3221381	1
2096615	1
3347073	1
3347721	1
3152641	1
3121066	1
3344752	1
2905518	1
1621001	1
2493202	1
2465587	1
3373913	1
472591	1
1433411	1
3338055	1
1133935	1
3241460	1
3370679	1
1271765	1
3155265	1
814604	1
3264505	1
2838009	1
2631379	1
3085662	1
18273	1
459599	1
3288289	1
1771429	1
217017	1
1108602	1
3255000	1
2957374	1
946857	1
729948	1
3349164	1
2755072	1
1148190	1
1007570	1
3360750	1
2736960	1
3173130	1
2151203	1
1420395	1
1243632	1
2447120	1
2654664	1
2027398	1
1127907	1
618670	1
1814526	1
2909664	1
713185	1
437526	1
2499839	1
3158308	1
2166221	1
3172050	1
788277	1
2836996	1
3025796	1
3191709	1
2104292	1
2215418	1
3305542	1
2777907	1
554347	1
1322447	1
2114517	1
3190110	1
1012693	1
2844782	1
1722484	1
3226111	1
754000	1
2586075	1
899931	1
2927846	1
1607755	1
3264986	1
1955611	1
3458172	1
1789187	1
2955170	1
2913869	1
676545	1
987031	1
738633	1
3219173	1
3305581	1
1175095	1
1502310	1
2350227	1
1927256	1
3362651	1
2889697	1
3089733	1
3443937	1
1947211	1
1870334	1
3357108	1
2181361	1
2300290	1
2188432	1
2974492	1
2337239	1
919401	1
2911318	1
3226001	1
2307514	1
1670520	1
520563	1
3377501	1
120026	1
2883901	1
2941889	1
843998	1
1645498	1
3432430	1
1747819	1
781705	1
753297	1
3269967	1
2673762	1
3329616	1
3333998	1
3375456	1
1622360	1
1024455	1
1047604	1
3075096	1
1416071	1
3013527	1
2037768	1
3254934	1
2595359	1
3056459	1
2326286	1
3091013	1
1738655	1
56209	1
3313385	1
3387366	1
2554095	1
1853406	1
2657050	1
3321186	1
1345448	1
2522193	1
831668	1
2149541	1
1518517	1
1066848	1
1627070	1
3184026	1
3333374	1
3334266	1
1930839	1
2235728	1
411989	1
3336824	1
2745499	1
325597	1
3318756	1
2116726	1
2163770	1
1494073	1
2945417	1
2438627	1
415341	1
2582267	1
2431572	1
2222703	1
3416391	1
2652593	1
724283	1
2141823	1
2793032	1
180290	1
2826124	1
2392527	1
3203708	1
962696	1
2766840	1
979887	1
2016371	1
1440724	1
386872	1
812695	1
475762	1
1469031	1
1923693	1
1709780	1
726929	1
1592205	1
1215575	1
3238408	1
3138010	1
1357598	1
2085748	1
3107796	1
2102881	1
3269534	1
2613910	1
3121065	1
2710619	1
3329134	1
3141736	1
2911570	1
2223489	1
3267186	1
2358088	1
3099381	1
1677273	1
2649368	1
3365430	1
2728788	1
1104317	1
1273264	1
3076477	1
3041849	1
603668	1
3018426	1
3271009	1
2478525	1
3370295	1
2282131	1
3223471	1
190092	1
3247327	1
3173411	1
3329989	1
3323143	1
1896241	1
2520136	1
1851071	1
1730558	1
3231192	1
3379650	1
2978996	1
3309443	1
2262080	1
801210	1
1104321	1
2337662	1
683948	1
3269710	1
275266	1
627015	1
1128201	1
1677886	1
3274545	1
3298384	1
2916137	1
212967	1
1151948	1
321531	1
3004045	1
902810	1
2762808	1
967913	1
333480	1
3151570	1
3151030	1
2144871	1
1906577	1
2517558	1
2125130	1
3289519	1
3404159	1
3324966	1
1222131	1
2163969	1
3204742	1
3123778	1
3067077	1
2547324	1
3339637	1
1631368	1
635223	1
2217525	1
1403803	1
1000014	1
777887	1
1320147	1
2356451	1
3133176	1
3316544	1
2166972	1
2412482	1
1604559	1
1092542	1
741062	1
116127	1
3310696	1
3240912	1
877816	1
2059610	1
2239147	1
2826699	1
2474671	1
1492651	1
3183275	1
1417548	1
682122	1
2017689	1
1877800	1
2447954	1
2739862	1
2094819	1
1471672	1
1790342	1
2728490	1
961925	1
3059897	1
1731806	1
3383794	1
1668840	1
2891713	1
3442345	1
1154738	1
3194629	1
3190650	1
3121423	1
538844	1
3409564	1
2274343	1
3342170	1
2824489	1
1937402	1
2823322	1
3400461	1
2972620	1
3360705	1
2946296	1
3220819	1
583129	1
3304306	1
2240025	1
3432481	1
3270013	1
2098318	1
2627243	1
3328688	1
3322087	1
2725068	1
2503760	1
1911873	1
1089393	1
1421338	1
2403875	1
3112081	1
1624358	1
3003874	1
1799011	1
2295355	1
809945	1
1475081	1
3329820	1
3274415	1
1698902	1
3236189	1
3036240	1
1539966	1
3252210	1
3021477	1
1565726	1
3318251	1
3279445	1
3330775	1
3098748	1
950299	1
1340180	1
848360	1
3426104	1
2475724	1
2647119	1
2271317	1
508267	1
1375295	1
1011732	1
70415	1
3306864	1
1443193	1
1469990	1
865865	1
1724463	1
3206093	1
2680710	1
3039041	1
3311831	1
3367376	1
34370	1
3260170	1
1022664	1
2664887	1
2693360	1
3309552	1
1495259	1
2877464	1
2894373	1
2442468	1
2136820	1
2632563	1
3308402	1
304937	1
3413012	1
3396045	1
3249151	1
1492631	1
2627725	1
797001	1
347093	1
2815967	1
3265094	1
3029016	1
1377990	1
741397	1
3140670	1
75644	1
576116	1
2203253	1
3345919	1
3318597	1
3397605	1
268073	1
2768510	1
3322281	1
616791	1
2908090	1
2127267	1
34063	1
2060911	1
3177472	1
1521352	1
2986945	1
2954051	1
3431194	1
70667	1
631173	1
3106485	1
2257104	1
1920536	1
292975	1
309628	1
3278388	1
3265997	1
2457035	1
2989673	1
3426529	1
3338861	1
2299098	1
294942	1
3308191	1
2150854	1
2889011	1
3349402	1
962197	1
2259081	1
2547172	1
2722252	1
1988853	1
1632547	1
1980600	1
699131	1
2977801	1
2019524	1
693248	1
768192	1
3417864	1
3064177	1
1460799	1
3230015	1
3316066	1
2556533	1
972803	1
3001943	1
1120418	1
714719	1
3188737	1
2737959	1
1246472	1
2363944	1
975316	1
28308	1
2640316	1
443885	1
3347102	1
2450132	1
3103699	1
2401236	1
652068	1
488722	1
1309976	1
68303	1
3364524	1
3030762	1
3413646	1
2067974	1
3033779	1
3107375	1
3311645	1
3312620	1
2404187	1
1903239	1
1312660	1
3082486	1
653838	1
1784258	1
2726364	1
3190632	1
360818	1
1957936	1
3173771	1
1249732	1
3169504	1
2143467	1
3376743	1
2953316	1
3434865	1
2288964	1
3452192	1
3454968	1
3165054	1
1352427	1
261956	1
1944603	1
3235565	1
961718	1
382019	1
2405845	1
2612907	1
3169637	1
1318416	1
3282239	1
2669880	1
1864285	1
3433600	1
2836312	1
1938946	1
2867655	1
2985588	1
2913125	1
3248300	1
871191	1
3296974	1
3108095	1
3293841	1
3157566	1
3369504	1
3235741	1
576826	1
3285758	1
140250	1
2199125	1
2662640	1
604372	1
1506372	1
3072120	1
3378318	1
864605	1
103114	1
2004731	1
344146	1
2557914	1
1268409	1
1915243	1
1780611	1
511198	1
1907612	1
2444231	1
1811770	1
3309278	1
1772451	1
2789929	1
2669215	1
2156875	1
2698254	1
2590854	1
1632818	1
3024287	1
2578107	1
795507	1
2557395	1
3270661	1
2471089	1
2347746	1
2967042	1
3311521	1
3253732	1
1111460	1
3305350	1
3355818	1
3339209	1
1872439	1
1612578	1
1468558	1
3335153	1
578896	1
2816458	1
1720677	1
2831937	1
1632620	1
2679642	1
2272645	1
3417926	1
1773180	1
1725582	1
1420745	1
264438	1
1580275	1
2555896	1
690907	1
3239316	1
3285666	1
2337554	1
2751962	1
3312328	1
1519271	1
3168401	1
3149119	1
2980033	1
2697791	1
3087248	1
2580152	1
2954829	1
1020751	1
1920274	1
404095	1
3335131	1
1274488	1
488748	1
1106208	1
2391377	1
3354066	1
1621786	1
2758515	1
3212345	1
1824040	1
554806	1
38046	1
3072876	1
3300014	1
2346706	1
3321433	1
2767544	1
820325	1
1553155	1
3173296	1
1614762	1
2175288	1
2289761	1
3359780	1
3323479	1
1360594	1
2573861	1
837087	1
3343411	1
2555474	1
3426410	1
2854528	1
444556	1
3188238	1
458406	1
3357764	1
2456705	1
2116243	1
2665575	1
1867409	1
2688387	1
2463071	1
2221244	1
640738	1
3301294	1
2907646	1
2073818	1
3316898	1
3338697	1
2101457	1
1761607	1
2376467	1
2403034	1
1450741	1
77420	1
2877951	1
3155744	1
3060341	1
3202530	1
3421584	1
2420437	1
3236532	1
1249596	1
2161400	1
2441932	1
1303031	1
2324939	1
2961290	1
3295001	1
1166245	1
2220287	1
815798	1
3108270	1
3002330	1
3305344	1
736750	1
1515069	1
2725310	1
2436182	1
1479966	1
2590011	1
421576	1
1632813	1
1759792	1
1763451	1
2762299	1
3387920	1
3355000	1
1606798	1
3139620	1
717956	1
3120763	1
610939	1
3005962	1
3050550	1
3176602	1
2681006	1
1780186	1
1808937	1
484955	1
3402547	1
2321420	1
1187411	1
809467	1
1572179	1
3367377	1
1987056	1
2858445	1
3303778	1
2660154	1
1470146	1
3130153	1
2259969	1
3230910	1
2564432	1
3191678	1
2185887	1
1442961	1
3336616	1
2381131	1
3357254	1
2975181	1
1140380	1
3438862	1
3340268	1
3263913	1
2166435	1
3342354	1
2951290	1
2746397	1
439512	1
2482757	1
3236512	1
3016022	1
3079369	1
488208	1
3039711	1
2677947	1
1851873	1
3101379	1
1932441	1
3352293	1
2950185	1
1529577	1
1023080	1
272506	1
2941146	1
2735919	1
3089300	1
2072320	1
3352234	1
820268	1
788483	1
3331116	1
3156089	1
3446017	1
2145753	1
2165013	1
3103971	1
2799587	1
3012226	1
1952560	1
3220680	1
1282610	1
3324957	1
324497	1
1927923	1
3350250	1
3237055	1
3414201	1
3222545	1
3336611	1
1419495	1
2728280	1
3411538	1
3374829	1
2127686	1
3234916	1
1587719	1
2220325	1
2488119	1
3166078	1
2379693	1
2497787	1
340071	1
2773047	1
1828117	1
3302590	1
2616507	1
3228459	1
276238	1
2930310	1
3351945	1
1840145	1
3201484	1
2616517	1
3044092	1
3208937	1
3405359	1
1114964	1
2628477	1
3352483	1
2701888	1
3033474	1
2065663	1
3014623	1
3118714	1
3188056	1
3065634	1
3247634	1
2580424	1
2712388	1
2575143	1
2417616	1
2785598	1
1996291	1
132251	1
2335160	1
3305516	1
3056108	1
3121812	1
744900	1
3342872	1
3328306	1
3248266	1
3192595	1
1682476	1
3370137	1
2945619	1
282110	1
3119792	1
2733206	1
3139564	1
3214773	1
493201	1
3338647	1
3145862	1
3326038	1
3238328	1
3353226	1
3319829	1
1517584	1
824530	1
1003793	1
904382	1
3384746	1
3107280	1
1795448	1
3395050	1
296254	1
357342	1
2259709	1
1983834	1
3330399	1
1320848	1
3259320	1
2459275	1
2010414	1
3237089	1
1022903	1
2654643	1
2035265	1
1521430	1
766692	1
1048234	1
2088954	1
1286927	1
471856	1
2811313	1
3327353	1
1393171	1
2181793	1
2646961	1
2834600	1
3327116	1
3112629	1
3315048	1
1262807	1
3340784	1
3440132	1
3310936	1
3099610	1
3294562	1
3097138	1
1983733	1
2609928	1
292646	1
3415233	1
293905	1
3229841	1
3123068	1
267424	1
1627487	1
665465	1
1070401	1
20503	1
2352936	1
2500235	1
3144812	1
3028534	1
1045295	1
2198947	1
2758271	1
2560511	1
1469184	1
3277463	1
65056	1
2143651	1
3274152	1
3367580	1
3049731	1
346993	1
2393619	1
424920	1
1526001	1
2944813	1
2138614	1
2911727	1
2887436	1
2020248	1
3055059	1
435465	1
3331092	1
436417	1
1520153	1
3047340	1
1712485	1
3203678	1
2439113	1
3026944	1
3085871	1
2657166	1
468692	1
3309406	1
3166315	1
2468991	1
3392283	1
3322840	1
2427564	1
1912264	1
3234029	1
2861731	1
1268783	1
585076	1
2900456	1
3376687	1
3110022	1
727003	1
3265725	1
2684679	1
849360	1
3199669	1
642022	1
304216	1
1857876	1
3332062	1
2290252	1
1136492	1
3299353	1
1226894	1
3377691	1
1703628	1
2257554	1
271681	1
2942884	1
264654	1
6964	1
2129441	1
3309921	1
1513261	1
2534466	1
1661887	1
1634765	1
1525337	1
3079076	1
1209815	1
2178966	1
2419579	1
1476693	1
821385	1
489640	1
3306653	1
3368388	1
3264291	1
642226	1
1053920	1
2243973	1
3326331	1
2399374	1
744144	1
2684714	1
3175550	1
1558602	1
3097456	1
3214390	1
1198259	1
2880618	1
3260666	1
798816	1
1596887	1
664193	1
3250168	1
2721132	1
3360691	1
895885	1
1111437	1
3259422	1
2998660	1
1086169	1
3397264	1
2221999	1
2334631	1
2572031	1
409770	1
2368523	1
3327708	1
1416444	1
2430128	1
2078183	1
2624767	1
3226135	1
3372033	1
1001365	1
3427015	1
2962743	1
937425	1
1967434	1
2050175	1
541937	1
2786560	1
2746467	1
3167607	1
1559610	1
3208930	1
3319865	1
2739451	1
1565825	1
2648730	1
665078	1
3369530	1
2537510	1
2183019	1
3286542	1
1706171	1
2138568	1
552582	1
1554998	1
1528288	1
3229458	1
363482	1
1646170	1
3365461	1
1988746	1
874744	1
1916374	1
501725	1
116404	1
1695605	1
3034181	1
3194497	1
1553543	1
3074221	1
170170	1
2291912	1
2741954	1
3149417	1
3344813	1
3333420	1
1490088	1
2859031	1
2976551	1
2752543	1
2613573	1
1640660	1
2155875	1
1648972	1
1243354	1
3297999	1
1866199	1
1487404	1
2518166	1
2194966	1
887883	1
2354473	1
420134	1
1697112	1
735381	1
769567	1
2299001	1
3368517	1
2189666	1
3396644	1
2359907	1
2199733	1
3169350	1
3233978	1
1441530	1
3274635	1
3308935	1
2185453	1
2213301	1
2877136	1
2442904	1
253101	1
3333377	1
3350318	1
3219187	1
2013006	1
977711	1
2850285	1
3030688	1
3250020	1
2044930	1
1354139	1
1578105	1
3079162	1
2079937	1
3110589	1
3359578	1
1033807	1
3328805	1
2542893	1
3318896	1
2847841	1
2572707	1
1843158	1
2110456	1
916240	1
2452225	1
2820784	1
2368278	1
3174427	1
3198055	1
999491	1
974809	1
3265809	1
3423113	1
1426389	1
2171522	1
662178	1
3190462	1
3203430	1
3256229	1
3232098	1
2913467	1
956098	1
3244397	1
1586724	1
3079018	1
3085858	1
1273291	1
2009894	1
3241631	1
3195180	1
2472209	1
3092193	1
1077385	1
1507681	1
3050283	1
1928949	1
3282086	1
2020275	1
2385867	1
2275435	1
1663436	1
2700000	1
791243	1
3115144	1
2459679	1
3327653	1
3258203	1
24276	1
2953166	1
2942471	1
2333488	1
1510792	1
1182433	1
960798	1
2125938	1
3100344	1
2898922	1
2256314	1
3398991	1
2666498	1
733851	1
3340611	1
1576519	1
3313335	1
3352835	1
3279284	1
3156767	1
3336432	1
3348581	1
3301338	1
2760441	1
3396593	3
1704160	3
2189568	3
3001407	3
3245124	3
1631	3
2155934	3
1011103	3
408322	3
2746585	3
238948	3
2239436	3
1431066	3
3377868	3
3306970	3
1949615	3
3083098	3
455543	3
1916799	3
1269437	3
2830122	3
3113551	3
2839089	3
2872918	3
2671787	3
2107807	3
987713	3
1981324	3
2506982	3
2657871	3
3319115	3
3376970	3
334354	3
375470	3
3051295	3
3163484	3
3298949	3
1549776	3
1598216	3
3055765	3
3099724	3
2600723	3
3360118	3
2687065	3
2149779	3
2023353	3
2328269	3
2980938	3
786440	3
1520151	3
1084945	3
2323024	3
2699734	3
2788974	3
3304148	3
1090972	3
2544017	3
3339908	3
3190704	3
1183723	3
3210855	3
468574	3
1353825	3
1422274	3
899422	3
3071142	3
53781	3
1051447	3
2734671	3
1067217	3
552917	3
3283481	3
317022	3
2096217	3
2118819	3
3562309	3
2949014	3
1870082	3
1985589	3
3055623	3
8433	3
1084091	3
2764497	3
799465	3
1296603	3
1137016	3
1600447	3
2548933	3
3529386	3
2780267	3
2299671	3
2495530	3
2384064	3
1582048	3
218677	3
394495	3
3223160	3
1097180	3
3329310	3
3278256	3
637418	3
2908489	3
2104596	3
310521	3
3148754	3
1416505	3
3165604	3
1730664	3
3338077	3
500497	3
3577854	3
2172161	3
3118336	3
3522204	3
1017491	3
1000428	3
2232269	3
1214484	3
2126021	3
1046543	3
864544	3
330481	3
3081782	3
3152189	3
2022901	3
2397356	3
2556852	3
2202551	3
3226344	3
632635	3
3652146	3
1915773	3
3381473	3
3379718	3
3023411	3
2329493	3
2246777	3
3396516	3
3653593	3
2619603	3
1629221	3
3194720	3
2864128	3
3319905	3
2682557	3
3210803	3
1013955	3
1382442	3
1758198	3
3346420	3
3224857	3
1189519	3
1464734	3
126335	3
1538848	3
3266159	3
1909176	3
2349785	3
2701422	3
2390496	3
2653137	3
3054945	3
1216596	3
3134964	3
2493368	3
1530961	3
2353928	3
3271174	3
1570161	3
1514256	3
1222218	3
3070864	3
1915310	3
2458305	3
2259961	3
3036737	3
915365	3
2507661	3
3089080	3
3382617	3
3298103	3
2305735	3
2629713	3
319192	3
1033929	3
3185478	3
2644014	3
3250194	3
2033427	3
1314732	3
3588296	3
2869925	3
2847124	3
717900	3
3527066	3
3039965	3
1568039	3
740414	3
1813689	3
3263147	3
1949665	3
1544573	3
1606518	3
2404649	3
2286080	3
3336373	3
3362126	3
2698396	3
2984129	3
1483562	3
1692351	3
1500353	3
1467004	3
868705	3
3108136	3
2917714	3
3314476	3
523935	3
3132571	3
1382531	3
3314910	3
1644862	3
2406633	3
1073758	3
648061	3
2678700	3
1803388	3
2247384	3
2592889	3
1480389	3
3608195	3
1790427	3
3053044	3
3337732	3
1219816	3
979446	3
3335826	3
3436760	3
3316621	3
2344217	3
2938412	3
2271957	3
1102629	3
3243653	3
277286	3
2234893	3
2294029	3
950098	3
3171475	3
3484356	3
2093689	3
2902218	3
2719341	3
3190046	3
3007558	3
2612362	3
2626462	3
2600686	3
2068585	3
2713487	3
2849782	3
1106117	3
3110365	3
3141188	3
2929585	3
3212445	3
3335295	3
700741	3
1266191	3
599581	3
2479602	3
3640685	3
2506799	3
3078677	3
2467662	3
993036	3
2490388	3
86545	3
2928121	3
2753681	3
1976691	3
1624715	3
2143396	3
471232	3
1257247	3
2253164	3
2895755	3
1320200	3
2114567	3
924632	3
3331589	3
3236209	3
791573	3
2195627	3
1857332	3
1947512	3
2428841	3
924265	3
3316011	3
495705	3
2993166	3
2959379	3
595586	3
2003233	3
2675179	3
3227276	3
1436208	3
3322518	3
2867575	3
1704005	3
1822266	3
2314082	3
2257266	3
1048272	3
1993614	3
508452	3
1061726	3
1258667	3
592039	3
2116558	3
2892153	3
2848901	3
655834	3
2145025	3
117850	3
951551	3
3181067	3
1587671	3
2767738	3
518554	3
3220173	3
2435393	3
2973463	3
2080433	3
2166061	3
2443915	3
1144143	3
1949298	3
2925943	3
2539781	3
2064737	3
2228075	3
2775541	3
2672482	3
605342	3
2143288	3
842707	3
3100158	3
2705452	3
2892226	3
2825418	3
2129764	3
3665437	3
1272787	3
3222275	3
1099961	3
2845832	3
1865329	3
2826339	3
1890966	3
3368243	3
1265357	3
3383462	3
2565559	3
1433088	3
3131100	3
992977	3
1477741	3
2939698	3
2394306	3
2514186	3
2518245	3
2146189	3
2631074	3
2029693	3
3014426	3
2475511	3
1656805	3
1570362	3
949592	3
275049	3
3297308	3
1623630	3
1410523	3
2761631	3
3153051	3
2750791	3
3243017	3
1562773	3
3354711	3
3292335	3
2949383	3
2703928	3
2325738	3
860513	3
3683048	3
581764	3
2437282	3
2439236	3
3082387	3
1779498	3
2719775	3
373052	3
1442737	3
2951638	3
2394258	3
1589	3
3286879	3
1174335	3
172437	3
3197867	3
3392683	3
1618077	3
191019	3
3374687	3
2000528	3
929854	3
1447308	3
120148	3
1323489	3
1426397	3
2985812	3
1575093	3
1489040	3
3228647	3
1383982	3
2735784	3
2526589	3
2348004	3
3042286	3
1634720	3
2649810	3
3208070	3
609314	3
3014237	3
3468601	3
2085803	3
1540215	3
14505	3
1976654	3
2598532	3
1677829	3
2201946	3
1899926	3
480817	3
1882757	3
1623175	3
3124148	3
1005846	3
2142349	3
1186913	3
2871690	3
1023701	3
160564	3
3371677	3
548962	3
2600217	3
3155133	3
2830796	3
3046522	3
3504515	3
2319413	3
2799660	3
3347301	3
3234601	3
655999	3
2495144	3
3414578	3
1025768	3
1076797	3
2692531	3
68666	3
2737951	3
1323709	3
3253036	3
1549170	3
2874222	3
2941292	3
1987815	3
1912940	3
2509443	3
3312429	3
248655	3
2067663	3
2888381	3
3128485	3
2951773	3
2769191	3
3223390	3
1928761	3
1156229	3
2290380	3
1616790	3
3582634	3
2987367	3
1304278	3
3108373	3
3220954	3
3329971	3
7160	3
3194877	3
1609747	3
1766719	3
572172	3
3162532	3
2710259	3
3270947	3
2267002	3
3050695	3
2197276	3
3524621	3
765843	3
2216412	3
3342168	3
1881927	3
753313	3
500949	3
3005627	3
3082364	3
863229	3
1879547	3
2725477	3
3120192	3
2400675	3
1451293	3
3650406	3
2380544	3
2520205	3
3252980	3
1872216	3
3011197	3
390350	3
1959654	3
318548	3
2504119	3
3371	3
1514708	3
2449599	3
1451850	3
2965748	3
3268876	3
1679761	3
1648039	3
3410431	3
1610238	3
812438	3
2713920	3
2747199	3
2305776	3
1938103	3
2170099	3
3245128	3
2727315	3
3606684	3
2133029	3
1899417	3
2592036	3
2557697	3
2876033	3
1661750	3
2184148	3
2709139	3
1337622	3
1758789	3
2539678	3
3344371	3
3581393	3
3671877	3
3414693	3
1266301	3
2161994	3
512334	3
3268330	3
1238479	3
1780987	3
414902	3
3150337	3
2996206	3
3459435	3
1826749	3
3285887	3
2359866	3
1662523	3
1786105	3
1676351	3
3421785	3
1514996	3
160579	3
3082174	3
1490680	3
1684580	3
2510973	3
1172551	3
1435826	3
2412267	3
1567664	3
2655435	3
3327624	3
2888275	3
1698238	3
1637102	3
3591741	3
873056	3
2591295	3
3210191	3
1530225	3
3656259	3
3259986	3
3233758	3
2744226	3
2364656	3
1617833	3
2826180	3
712110	3
2473638	3
3223895	3
469792	3
2134803	3
2177952	3
2776569	3
2463204	3
3068503	3
2659299	3
2584868	3
447739	3
1221055	3
3063043	3
2404740	3
3242802	3
3122582	3
1171396	3
3273780	3
2134761	3
3312399	3
2584763	3
782368	3
3080749	3
3305721	3
2982223	3
3228398	3
1796500	3
1912414	3
2327126	3
1579598	3
568537	3
2282899	3
2935980	3
2440432	3
1057054	3
3287040	3
3246795	3
1993645	3
3268191	3
2026611	3
3377722	3
1860755	3
1907825	3
696831	3
2756953	3
330155	3
1668534	3
2833906	3
449045	3
416524	3
2286353	3
1277908	3
3644792	3
2763179	3
3212080	3
69402	3
3019878	3
1750799	3
3247087	3
3243471	3
3013224	3
3469735	3
1442780	3
3307132	3
522184	3
2216100	3
1778892	3
3337775	3
1589200	3
1300145	3
1222383	3
2052653	3
429398	3
2973926	3
490443	3
1207430	3
1807018	3
1073456	3
3109328	3
3003580	3
3279994	3
3089015	3
3050868	3
3346106	3
1777746	3
1575690	3
780925	3
1211270	3
889098	3
2934036	3
1067681	3
1195106	3
3450249	3
1577445	3
655317	3
1855526	3
2434508	3
3244674	3
2538208	3
1867123	3
3118626	3
1429042	3
1080210	3
2362978	3
1008615	3
2445904	3
2656136	3
1237597	3
2759526	3
2157022	3
3275643	3
3436224	3
1822156	3
3366490	3
2435885	3
1112217	3
1856990	3
898374	3
3604790	3
3494525	3
1287317	3
3018634	3
1339465	3
235484	3
3339257	3
2215056	3
1195333	3
3295125	3
820941	3
1588727	3
3670038	3
2219952	3
1289171	3
2128257	3
1527654	3
403401	3
3281555	3
2610214	3
1872458	3
1863315	3
2098457	3
1595236	3
3086733	3
2573324	3
2189562	3
3121928	3
2286629	3
526510	3
3171684	3
3311997	3
3450290	3
1865126	3
1546794	3
912353	3
1604961	3
2172739	3
331553	3
401010	3
1736992	3
2913404	3
1559028	3
2276300	3
3150788	3
2389648	3
1115200	3
3329484	3
2345573	3
1503037	3
3297809	3
2273416	3
2649106	3
198452	3
1511453	3
3178077	3
1275370	3
24083	3
7997	3
2886421	3
2455616	3
1334913	3
1969607	3
766420	3
749669	3
625566	3
689194	3
2736558	3
1340351	3
989288	3
2906577	3
74778	3
1975457	3
114310	3
2421993	3
468973	3
1131539	3
3378131	3
449109	3
2457580	3
599875	3
3100831	3
3229668	3
2756699	3
1886151	3
1474251	3
2601279	3
2189916	3
1374042	3
2325235	3
2533014	3
2850784	3
870314	3
2074545	3
2789736	3
3018367	3
3079964	3
2552025	3
1685192	3
1456527	3
1862227	3
2915210	3
1265466	3
2420237	3
2060550	3
2146121	3
1251862	3
3080821	3
1256137	3
2489172	3
2059504	3
3363628	3
3269135	3
3018131	3
2546501	3
544862	3
3094215	3
1969034	3
2868591	3
3279134	3
3180064	3
2772990	3
1126113	3
3015503	3
3519105	3
1715496	3
2935698	3
2375790	3
2195133	3
2609684	3
2103780	3
1836252	3
2831684	3
2243293	3
3043888	3
2879458	3
3662812	3
2310298	3
2534912	3
1008289	3
1972488	3
1998710	3
602673	3
3575832	3
2891304	3
3427201	3
2211616	3
3017098	3
731144	3
3225647	3
3291815	3
769513	3
1684590	3
1605996	3
2876950	3
2008068	3
171951	3
43257	3
1514747	3
2935734	3
3385721	3
813266	3
2733619	3
1965020	3
1821752	3
1453809	3
1753120	3
3280377	3
661906	3
2157029	3
3153038	3
2505147	3
829289	3
1722832	3
3302594	3
2339809	3
3360472	3
2605005	3
2299293	3
1763513	3
2948281	3
2036242	3
2712873	3
3322931	3
3237304	3
1409599	3
2357984	3
1588541	3
2546461	3
2322047	3
2278423	3
1704087	3
283512	3
2389523	3
3512531	3
2427364	3
3051175	3
2631708	3
1070372	3
1339102	3
1591299	3
2059048	3
2328626	3
2007486	3
2915255	3
2347426	3
2052046	3
2653568	3
325086	3
3252915	3
3128727	3
593315	3
1773910	3
1314441	3
1034613	3
1948472	3
2663379	3
1496889	3
1865358	3
3067946	3
1500816	3
782611	3
2833574	3
1073527	3
3106332	3
3317781	3
2797225	3
2815963	3
1944852	3
936002	3
843666	3
2137606	3
3108267	3
3307021	3
2180538	3
3335855	3
3344553	3
333094	3
752722	3
135977	3
2720236	3
514265	3
3254566	3
3241510	3
3252424	3
599658	3
1921964	3
2059826	3
1775567	3
3186488	3
2961599	3
114212	3
3367024	3
1623587	3
3288197	3
1775372	3
3188353	3
315386	3
1060840	3
2679835	3
265873	3
2944629	3
1685286	3
3290938	3
316871	3
3139012	3
1238480	3
2382646	3
2670672	3
1333922	3
1845088	3
2271277	3
2144849	3
479106	3
2359939	3
2290029	3
3196596	3
478395	3
1710184	3
1473997	3
1844242	3
2125230	3
3503150	3
2943699	3
3351014	3
1207801	3
37014	3
3021949	3
3394361	3
1288266	3
2055054	3
3706317	3
2228839	3
1102739	3
1225463	3
2230274	3
286881	3
929010	3
240924	3
1644648	3
1062333	3
1636873	3
3304786	3
2307107	3
2281253	3
1587293	3
2631664	3
2518769	3
1324417	3
867633	3
2341023	3
2551665	3
2938613	3
866721	3
2775552	3
3235377	3
2969430	3
1040666	3
2748966	3
2938033	3
3261295	3
3522037	3
3167359	3
3200837	3
2418299	3
1560825	3
3361257	3
1914721	3
1353493	3
2822553	3
2508464	3
1504042	3
2630296	3
3358091	3
2998243	3
15276	3
3121502	3
3097848	3
2166934	3
2404941	3
3449880	3
2015584	3
1926189	3
1250792	3
580677	3
1735380	3
1980210	3
1218526	3
1307691	3
35991	3
2324757	3
2220271	3
3244031	3
2503849	3
2372733	3
1120111	3
1874061	3
1167753	3
1128130	3
3205372	3
1089259	3
3617961	3
1007724	3
3301419	3
514979	3
2241776	3
1169518	3
1465721	3
2875534	3
1551867	3
3370423	3
2730739	3
2378526	3
3089104	3
3639612	3
1655420	3
3351998	3
337462	3
544602	3
2877341	3
2090409	3
800953	3
3003803	3
3392338	3
3151932	3
3011214	3
2252005	3
2800448	3
2558040	3
3372401	3
1864192	3
2071818	3
2892169	3
1714745	3
1231986	3
3340585	3
2896239	3
1478145	3
1880520	3
3322360	3
1960824	3
1527901	3
1729327	3
664384	3
1884387	3
564738	3
3642732	3
1039901	3
1973890	3
2322008	3
2503698	3
2923636	3
3451555	3
3104801	3
1073534	3
2744633	3
1808341	3
655387	3
3267852	3
3123490	3
1662155	3
3356743	3
2018489	3
2918645	3
3381358	3
1755221	3
2088234	3
652514	3
2203884	3
1873116	3
3309152	3
2631832	3
3487960	3
1414072	3
2155694	3
2278562	3
3441791	3
3129225	3
2107763	3
2083280	3
3421122	3
3075654	3
2122170	3
1960849	3
924192	3
1986596	3
2313753	3
580178	3
903783	3
1291848	3
803681	3
3294883	3
1857648	3
2789241	3
822531	3
1284066	3
3037612	3
3308227	3
2367287	3
3004673	3
2667636	3
1117845	3
628167	3
3429250	3
3255098	3
810608	3
3343340	3
3310445	3
3410244	3
3125261	3
3347324	3
2571321	3
280878	3
2899599	3
54685	3
2108832	3
3626455	3
1387646	3
3358232	3
1890808	3
381532	3
733040	3
1045060	3
3320283	3
2867769	3
3323007	3
1348858	3
2174718	3
3546423	3
1877245	3
2649484	3
1440082	3
3306891	3
2118817	3
1069699	3
56552	3
2621690	3
2939086	3
2960073	3
3274087	3
2114585	3
2889470	3
3309876	3
3500777	3
655566	3
842050	3
1472168	3
1058251	3
3219524	3
3112461	3
2547541	3
2559409	3
3177138	3
2124225	3
1094112	3
3139469	3
2958473	3
491933	3
2439137	3
3131108	3
3032537	3
2905843	3
859185	3
3170805	3
2260625	3
2660755	3
3036912	3
643221	3
3290354	3
2369826	3
3062574	3
1946022	3
2434058	3
3546774	3
1817417	3
2381442	3
1567841	3
3293302	3
3329396	3
1821254	3
1784597	3
3283102	3
2617626	3
3286876	3
3324100	3
1526884	3
2997474	3
19068	3
2570138	3
120363	3
1861050	3
3017872	3
3124165	3
3384692	3
2069398	3
2114509	3
900886	3
2382617	3
3015054	3
3230795	3
1087641	3
2624744	3
1855074	3
43215	3
1884245	3
2343933	3
2477461	3
3113979	3
2223256	3
2020829	3
302592	3
3085177	3
2190204	3
703106	3
1277264	3
949525	3
2735792	3
3245374	3
3643325	3
1365957	3
2287976	3
2705070	3
3235795	3
3330129	3
2518498	3
1429208	3
3169657	3
2797092	3
3299386	3
2745501	3
3062057	3
3306297	3
2464606	3
2650345	3
1456739	3
3274013	3
2359131	3
902404	3
2938182	3
2420887	3
3479825	3
3165974	3
1880826	3
3308822	3
2517889	3
2258779	3
1250997	3
2317387	3
2626323	3
1713753	3
1287090	3
2321075	3
1119090	3
2768151	3
2008890	3
2416149	3
1419021	3
1649506	3
844055	3
2169719	3
2365159	3
3290595	3
1798023	3
3193743	3
1231468	3
3285552	3
777904	3
2655087	3
2725843	3
2284045	3
1884262	3
2965404	3
822909	3
2271311	3
235321	3
2663511	3
2949009	3
2528898	3
1403297	3
1060204	3
3179452	3
2140931	3
2039207	3
1507912	3
2721652	3
1494859	3
3165452	3
3229061	3
784165	3
437845	3
2274756	3
1754171	3
2315159	3
2594398	3
3309014	3
1107193	3
2507858	3
2408553	3
3422456	3
326914	3
2130006	3
1801984	3
3348780	3
1222353	3
14704	3
1238596	3
740975	3
1167904	3
2492353	3
1765052	3
1786952	3
3452326	3
1877055	3
1772177	3
2977717	3
386874	3
1169466	3
1821603	3
3311809	3
3215100	3
1980300	3
2855228	3
2493858	3
2940693	3
2892772	3
3370910	3
2699544	3
3679869	3
2050255	3
758696	3
2513431	3
2036311	3
1510848	3
830625	3
3247052	3
2748160	3
2558022	3
954513	3
2043667	3
1849585	3
3120900	3
3018711	3
3212624	3
3096239	3
3427428	3
2820106	3
2715660	3
456348	3
2099521	3
1038280	3
2944417	3
794810	3
2585724	3
14375	3
1685882	3
581640	3
3017864	3
2798620	3
1059587	3
970942	3
3385809	3
611493	3
2431695	3
1121338	3
3697003	3
2972837	3
2606831	3
1797986	3
3097290	3
3433351	3
3496465	3
2340690	3
2422851	3
2214829	3
2987519	3
1109420	3
3255025	3
3203835	3
2171895	3
1025701	3
1588870	3
1815093	3
2570415	3
2539626	3
3342843	3
2757102	3
4096	3
472389	3
2346200	3
2969155	3
3243053	3
3320984	3
3014563	3
1598439	3
2706654	3
1180836	3
1763050	3
1064697	3
1830387	3
2291521	3
2800455	3
3200271	3
3006683	3
2848216	3
53143	3
1934134	3
1829871	3
396035	3
2961349	3
410197	3
1402214	3
1264603	3
3440601	3
3227054	3
2104421	3
2671959	3
1720908	3
791898	3
1966221	3
3551952	3
2725035	3
251670	3
1243306	3
1413816	3
3021702	3
3294930	3
2043617	3
1760356	3
3363720	3
3060811	3
1315394	3
809897	3
1778611	3
1440160	3
3190487	3
3314747	3
3252548	3
395676	3
2643498	3
3269746	3
2491326	3
1708093	3
3382020	3
3502848	3
1559022	3
3254855	3
806635	3
1215275	3
1076976	3
2855573	3
3113581	3
2438574	3
1979478	3
2002312	3
1734320	3
1089550	3
390386	3
3497024	3
3204863	3
2934371	3
2014507	3
3534929	3
2648556	3
936874	3
3066456	3
120153	3
2880101	3
708001	3
1593193	3
1721800	3
3280494	3
4821	3
3035523	3
1788832	3
1669434	3
1223545	3
299610	3
3222329	3
1491128	3
51813	3
14313	3
1706002	3
2383880	3
2200017	3
2545197	3
3109400	3
3358378	3
2138962	3
2022990	3
302840	3
2295069	3
1612126	3
786388	3
2920923	3
910312	3
3303614	3
1227501	3
1817182	3
791662	3
937898	3
2732252	3
2050921	3
378471	3
2173264	3
1226664	3
2440890	3
2075807	3
696687	3
2090416	3
1073849	3
2110630	3
2349863	3
3106184	3
2619061	3
668827	3
1425368	3
3487227	3
1570573	3
2789884	3
3098995	3
3376014	3
2467624	3
1244608	3
2379595	3
1502598	3
2482247	3
2740627	3
1807558	3
609506	3
2171136	3
95356	3
1887209	3
3200106	3
3215249	3
2242704	3
2452950	3
1002143	3
2808993	3
2108932	3
2441491	3
1812442	3
1372351	3
1616087	3
1549858	3
2272792	3
1010969	3
3190723	3
3128219	3
810121	3
1804418	3
1558531	3
1969004	3
2677561	3
1079391	3
2318222	3
1784321	3
509832	3
3637061	3
2219463	3
3111593	3
2146774	3
2206042	3
1561029	3
2373842	3
1847252	3
2236952	3
985048	3
3283702	3
1916600	3
1481698	3
1884380	3
811230	3
2649384	3
2408087	3
1491854	3
1119244	3
234006	3
2910900	3
3468761	3
1949400	3
2235212	3
1020827	3
2613264	3
3232424	3
1779682	3
2808856	3
1865177	3
2205050	3
3034981	3
860037	3
53669	3
1025640	3
2640037	3
2424402	3
1764259	3
3107951	3
2629260	3
2402112	3
3604908	3
2883278	3
1560593	3
3078528	3
2866274	3
831648	3
2640000	3
1309725	3
1676956	3
1671984	3
697186	3
2615756	3
2646222	3
3364751	3
3346707	3
3424883	3
3321894	3
3140546	3
519417	3
1041555	3
3317252	3
954428	3
2694164	3
2625852	3
1609717	3
3252108	3
3052427	3
1963586	3
2017512	3
3439972	3
3153571	3
2667252	3
2827716	3
1928352	3
3057978	3
1775204	3
3016030	3
1273120	3
2560161	3
2352602	3
976139	3
3329349	3
3207253	3
2956484	3
2441402	3
299600	3
405854	3
3388468	3
2142012	3
2519553	3
1472538	3
2810997	3
2969787	3
2446004	3
3289869	3
1547529	3
2303435	3
1048484	3
2337288	3
2464089	3
2885643	3
1404494	3
1466420	3
2086845	3
64085	3
2898997	3
2017928	3
1441621	3
1541843	3
3457142	3
1053367	3
3231976	3
2931914	3
3282194	3
2904440	3
1853870	3
2240718	3
126003	3
1968547	3
1352085	3
2598245	3
1056617	3
3103312	3
1861207	3
2677134	3
3201565	3
3341143	3
1012046	3
2757711	3
1662566	3
2942588	3
591504	3
3217982	3
2835643	3
93520	3
674533	3
3325797	3
2421535	3
3533375	3
2192228	3
2405263	3
3101697	3
1988390	3
3343006	3
3478430	3
2795454	3
3382390	3
2525555	3
507434	3
1901744	3
1813683	3
277530	3
532987	3
1511001	3
1328382	3
3254418	3
3310272	3
3183741	3
1516787	3
411067	3
2724805	3
761458	3
3080125	3
2442148	3
2908982	3
805883	3
1115251	3
1392462	3
2111697	3
1900962	3
3382013	3
3374465	3
2976657	3
588465	3
2254304	3
1451943	3
515847	3
1886474	3
2596492	3
1744321	3
1092534	3
3442493	3
1654707	3
1762726	3
2060101	3
3336177	3
2175407	3
1067634	3
2799535	3
2472979	3
624922	3
2018223	3
2345819	3
1821737	3
2437373	3
2670056	3
880922	3
2901236	3
1678180	3
2222101	3
1218484	3
3113538	3
652247	3
442217	3
1513762	3
1303480	3
227851	3
947632	3
3424634	3
3287593	3
3564731	3
3082222	3
2511247	3
3401868	3
900963	3
1002028	3
3163389	3
2492763	3
3131800	3
2923263	3
2428912	3
584166	3
1639179	3
121478	3
3228974	3
662393	3
2135685	3
1805651	3
2806861	3
2805879	3
2156326	3
1021591	3
2476015	3
1502122	3
3230798	3
3098967	3
3041619	3
3117617	3
3050830	3
248189	3
2415339	3
3203867	3
1209274	3
3065231	3
3240322	3
3062549	3
3268952	3
1108577	3
273305	3
1980737	3
3293201	3
2428671	3
3319193	3
1746792	3
2343794	3
2575023	3
798525	3
1537465	3
1061798	3
2987752	3
1783322	3
3268659	3
2194973	3
3378911	3
2458817	3
1900231	3
2173563	3
3116454	3
2116400	3
2265332	3
1447647	3
2785117	3
3467219	3
2113420	3
3086180	3
2815323	3
741007	3
1338128	3
2584003	3
958818	3
504741	3
2099334	3
3017605	3
1619584	3
2304122	3
1398072	3
3484440	3
2366564	3
846216	3
328429	3
1569041	3
379785	3
1463626	3
2866589	3
2260879	3
2781721	3
593227	3
3036176	3
1623324	3
3195128	3
2081204	3
2796916	3
3298219	3
3368693	3
2664043	3
3345869	3
1523775	3
3134631	3
242665	3
3085902	3
2209448	3
3528027	3
567259	3
761513	3
3195320	3
2382974	3
3209056	3
1607834	3
2033876	3
2239388	3
3320480	3
3337035	3
893815	3
2927082	3
1268940	3
3428881	3
3515469	3
2292432	3
1881442	3
17167	3
3379260	3
279665	3
1686159	3
1850433	3
671170	3
1647990	3
2914041	3
1892081	3
3060262	3
2999339	3
2697140	3
2875004	3
3089633	3
3134421	3
2683667	3
2111442	3
3374544	3
1577388	3
2704493	3
474994	3
2314199	3
1438396	3
3168918	3
1954998	3
2856517	3
3377940	3
7153	3
2925210	3
2598131	3
977885	3
2653502	3
2108639	3
2987219	3
1604327	3
3450237	3
3400241	3
1749253	3
7165	3
2645774	3
990744	3
1567599	3
1520604	3
2825991	3
2370450	3
3332038	3
1152373	3
2716528	3
3511585	3
3190175	3
3382193	3
3308162	3
2458483	3
2668409	3
3095860	3
2175973	3
2634485	3
339155	3
2803020	3
2819899	3
3284509	3
3258439	3
2540352	3
390583	3
1849243	3
3337133	3
3014698	3
3164271	3
2573400	3
681267	3
3276096	3
708880	3
1370097	3
1964049	3
1974522	3
2867442	3
2441763	3
1309703	3
3007051	3
3253269	3
170529	3
2764838	3
2212291	3
3197787	3
3589302	3
1421064	3
2287404	3
661974	3
3342177	3
1237384	3
3324018	3
3152119	3
3377912	3
1642623	3
2559223	3
1790403	3
1658825	3
442530	3
3143881	3
2991395	3
3479086	3
1026484	3
5317	3
1990370	3
59159	3
2505567	3
725758	3
2878517	3
3342814	3
3156164	3
759517	3
3278082	3
3335442	3
3289035	3
1032540	3
3077105	3
3266805	3
2071716	3
3317271	3
3280774	3
2725528	3
1668798	3
3319245	3
2012653	3
2534524	3
2689114	3
730862	3
638297	3
2354018	3
482520	3
1202048	3
3272108	3
3271742	3
2930755	3
2235315	3
821592	3
1419394	3
412197	3
8212	3
2682476	3
1313760	3
617658	3
1788024	3
3235585	3
2753724	3
1813037	3
2019722	3
2729186	3
1516330	3
1237654	3
2112766	3
2529986	3
633781	3
3632308	3
3285685	3
529485	3
1296745	3
366109	3
1219466	3
3588740	3
2271688	3
2371825	3
2944857	3
1892289	3
1141367	3
1491999	3
1797742	3
2968007	3
3001428	3
1628749	3
1489788	3
1552617	3
3436637	3
1725925	3
1816844	3
3418903	3
3105459	3
247161	3
3045200	3
2207823	3
656387	3
1928283	3
5880	3
1403510	3
1322184	3
2858284	3
3228158	3
2378801	3
2134710	3
2939189	3
870297	3
327275	3
2974083	3
1819599	3
2748201	3
3155259	3
1330898	3
293455	3
2074211	3
15647	3
3093702	3
2859223	3
3170235	3
3026431	3
220170	3
3340358	3
1772217	3
1094084	3
1273968	3
3142119	3
3310298	3
2428708	3
1177038	3
946352	3
2372997	3
964224	3
2196372	3
825418	3
2455810	3
1625272	3
1923201	3
2787560	3
2471219	3
95889	3
1405231	3
2059709	3
1204564	3
2790293	3
1867383	3
2558597	3
1492188	3
2681611	3
1468611	3
3144296	3
16419	3
1846751	3
2743205	3
2757753	3
3583983	3
2123887	3
2483016	3
891540	3
2650321	3
1947460	3
473235	3
2528250	3
1495574	3
230893	3
3226739	3
2779435	3
2261560	3
3298188	3
396304	3
3349168	3
2955727	3
407054	3
2896945	3
1693543	3
1623855	3
1912617	3
1341574	3
1889820	3
2892873	3
2734951	3
454998	3
2337106	3
519423	3
3612210	3
3285636	3
1638396	3
868486	3
1960497	3
3335456	3
1969982	3
2610129	3
3076689	3
1269163	3
1812637	3
2131277	3
2801323	3
1810383	3
1664062	3
2274288	3
1382274	3
3157334	3
574392	3
2717543	3
3653010	3
3082361	3
2753395	3
661722	3
2127748	3
2999969	3
2534692	3
1979980	3
2432304	3
2503435	3
2510937	3
1102870	3
1366212	3
2135294	3
2136557	3
2271788	3
2492535	3
3672424	3
205944	3
1378998	3
1930131	3
2535157	3
1938210	3
604580	3
278412	3
2947895	3
310088	3
3156943	3
2986741	3
3308036	3
1991011	3
2740197	3
1732107	3
3301904	3
2776590	3
3314023	3
1065297	3
2688987	3
3404320	3
3275235	3
1651381	3
2394919	3
1794169	3
2896549	3
3301105	3
3103513	3
906270	3
2003085	3
2880123	3
3293749	3
3223964	3
6927	3
512426	3
2345487	3
3060391	3
1752178	3
2992197	3
710493	3
2014325	3
1575926	3
2596303	3
449633	3
737969	3
2717615	3
2788203	3
663760	3
2036421	3
1937453	3
2899192	3
1327686	3
716912	3
1126198	3
2375	3
2164212	3
1848000	3
3379290	3
1914646	3
344002	3
519083	3
132492	3
332468	3
5896	3
1959258	3
2929111	3
1039644	3
3166651	3
3145097	3
2171074	3
773066	3
2999398	3
2976167	3
9824	3
2766310	3
3278348	3
2559339	3
1934346	3
3396255	3
2682869	3
2209602	3
3371605	3
1266373	3
1889348	3
3202352	3
45345	3
800258	3
1896597	3
2969871	3
2370666	3
3151208	3
3026499	3
665926	3
3130961	3
6372	3
2701833	3
1995102	3
2968142	3
3320018	3
1058246	3
1654751	3
2400838	3
2026237	3
2632225	3
2239589	3
3395560	3
3031358	3
1304462	3
829344	3
1014569	3
1919118	3
3281482	3
3076201	3
315641	3
3093489	3
1769719	3
1445720	3
314231	3
2952986	3
107924	3
3342958	3
3151214	3
3612960	3
1324225	3
3395240	3
2186987	3
1158737	3
920644	3
1267756	3
1788596	3
3260308	3
2582437	3
2101353	3
1746114	3
2696669	3
3173477	3
3252788	3
2921572	3
2540085	3
1146995	3
2542449	3
2574372	3
2063144	3
3653529	3
2691279	3
668647	3
3239434	3
2513773	3
3073029	3
1365685	3
1483858	3
8267	3
1791840	3
1452539	3
2313063	3
3203076	3
3559302	3
2847620	3
2544971	3
3124300	3
3300578	3
1408619	3
3280822	3
3237386	3
629283	3
3099539	3
1911063	3
2513992	3
3373131	3
3075455	3
965324	3
2070175	3
2625998	3
3112546	3
2398974	3
2465424	3
3123462	3
1756863	3
464581	3
464002	3
2690728	3
1616698	3
3347388	3
1621736	3
2289204	3
1674873	3
3043633	3
3031957	3
3278109	3
1559473	3
1812272	3
1496533	3
1716771	3
2717019	3
2692821	3
1674883	3
2924410	3
2194650	3
3274341	3
694331	3
2583425	3
1189170	3
3252603	3
1845342	3
3074431	3
2971699	3
620968	3
2461952	3
1230408	3
629030	3
2527175	3
2191016	3
1368524	3
2793486	3
1811046	3
2975059	3
2917385	3
1952845	3
671704	3
2000325	3
2095054	3
2904625	3
2646176	3
2356765	3
338936	3
3401730	3
613486	3
2465125	3
3346295	3
1396890	3
1659640	3
2274652	3
2206149	3
3107253	3
1928174	3
1877888	3
751201	3
3161511	3
3246859	3
2099773	3
1055128	3
1099441	3
459511	3
3603570	3
3421450	3
281114	3
2342988	3
1507046	3
165334	3
2065459	3
2999703	3
836235	3
417385	3
3338109	3
2620803	3
704766	3
2885048	3
610276	3
2735910	3
1958190	3
2163360	3
3036445	3
1752089	3
1943546	3
1868420	3
2206684	3
1632434	3
3565918	3
1358540	3
1827239	3
1313680	3
1283610	3
3023936	3
3219781	3
2296942	3
941801	3
2508626	3
3350888	3
3347193	3
1519811	3
1200459	3
2102420	3
3374133	3
1726223	3
537370	3
3362983	3
2829456	3
2201926	3
158231	3
3627346	3
2634843	3
2997434	3
1290570	3
1562230	3
3133887	3
2812539	3
1498279	3
1997989	3
1584844	3
2952394	3
547731	3
2884010	3
1325096	3
935802	3
3225014	3
3162745	3
1912379	3
3332493	3
3522860	3
631265	3
2688713	3
2738924	3
2678523	3
2926887	3
2251022	3
3037988	3
1318367	3
2477773	3
3558194	3
2875147	3
2079562	3
1733257	3
2409781	3
3043826	3
1458130	3
3019832	3
3385805	3
2425954	3
245593	3
3596843	3
3366956	3
2069339	3
334482	3
3290969	3
3060243	3
2750447	3
3214979	3
478310	3
2223214	3
2137251	3
3206611	3
877234	3
1451520	3
3229144	3
2119609	3
709063	3
1972513	3
51627	3
2453244	3
1934591	3
1754014	3
448100	3
2173106	3
2510193	3
2480561	3
3413171	3
3279936	3
2117427	3
3077558	3
1450613	3
1532000	3
2692477	3
906905	3
838186	3
400291	3
1674962	3
505101	3
3283921	3
3143262	3
3043042	3
3315580	3
1557735	3
3021997	3
3612496	3
3197843	3
1925875	3
1754811	3
2901903	3
3327373	3
1444923	3
3057127	3
56801	3
3443933	3
1444334	3
1548272	3
1747755	3
3171772	3
3295607	3
795213	2
1119356	2
3023410	2
851529	2
3103816	2
2505738	2
3285034	2
3189648	2
2298342	2
3021643	2
3076696	2
3420087	2
3227668	2
3489076	2
2706719	2
1687773	2
695180	2
503833	2
3062641	2
548067	2
2536385	2
3282960	2
2768136	2
1312228	2
2905992	2
1694103	2
2796925	2
1864280	2
3367776	2
1582597	2
2117663	2
933787	2
3163376	2
978947	2
1669585	2
2656674	2
2473358	2
3092230	2
2659541	2
796467	2
3051995	2
2055475	2
2819783	2
3061804	2
2169515	2
207581	2
3398823	2
337115	2
3271913	2
462337	2
1408103	2
326508	2
3324984	2
3121106	2
1137353	2
3144636	2
1646016	2
3080190	2
1889711	2
2746458	2
2951266	2
2135021	2
1670053	2
1582542	2
652152	2
2742978	2
3207429	2
1888145	2
3336120	2
692831	2
3264458	2
3184883	2
1175678	2
2279713	2
2246313	2
2706900	2
3155165	2
3101357	2
3110841	2
1061507	2
3262035	2
1804842	2
3079274	2
3213989	2
2556146	2
493996	2
3063114	2
2916627	2
3226639	2
3259618	2
1995064	2
3249241	2
3421527	2
2435247	2
3323530	2
286366	2
3311766	2
2600327	2
2923926	2
2255036	2
3546760	2
1776094	2
3454241	2
2403813	2
2411517	2
3395073	2
3360828	2
2128817	2
1700024	2
2478851	2
2606509	2
3439043	2
2742941	2
2536259	2
3241011	2
2963326	2
3395089	2
1972662	2
2842192	2
2740104	2
3236341	2
354143	2
126403	2
1832186	2
3237799	2
3319053	2
1317654	2
1506092	2
2134462	2
596181	2
3289688	2
2225641	2
2881922	2
2396700	2
3169595	2
1948145	2
2779930	2
3117515	2
3488325	2
2936741	2
3343918	2
1161955	2
487063	2
3308380	2
3264753	2
2101618	2
3502045	2
3324742	2
2329896	2
3198014	2
2604496	2
3257176	2
2459889	2
640766	2
2716914	2
149873	2
640248	2
327366	2
3364367	2
2429112	2
853274	2
230734	2
2809907	2
3113422	2
2318570	2
2579542	2
3117669	2
2429916	2
1810281	2
1188169	2
6971	2
1550407	2
1197228	2
2083537	2
1942677	2
3218042	2
3109460	2
312118	2
1370133	2
1608255	2
3052597	2
358465	2
3498419	2
1558447	2
3009097	2
1598400	2
3040558	2
3214640	2
3061413	2
1842296	2
3117237	2
2567395	2
1045513	2
804037	2
3545252	2
2235122	2
837396	2
2109854	2
2718431	2
3323436	2
1238085	2
2498446	2
22219	2
2688531	2
2517637	2
2270873	2
1569901	2
1638537	2
2661096	2
3119705	2
2932232	2
1166053	2
2595972	2
3225789	2
2468771	2
2309555	2
3487924	2
1249872	2
2406208	2
1690003	2
2634465	2
446725	2
877003	2
1878130	2
3097679	2
560017	2
1939356	2
2447744	2
3244624	2
2747292	2
2899509	2
736498	2
3331105	2
902571	2
2835301	2
3164472	2
3305097	2
2067242	2
3342050	2
3098422	2
1380475	2
3128912	2
1124708	2
3110842	2
3764	2
2895652	2
2000833	2
2887821	2
1965014	2
2820276	2
1560801	2
1650582	2
3090088	2
2136450	2
3276537	2
1913440	2
2572435	2
2674138	2
2976498	2
2760403	2
3405457	2
3458893	2
3085397	2
3400196	2
2091483	2
2930349	2
2896325	2
2044727	2
754099	2
1500322	2
1721460	2
3112953	2
1530440	2
3308849	2
2361824	2
2696082	2
2678074	2
1927130	2
1487289	2
2068906	2
2364003	2
1286776	2
1322795	2
2232693	2
616096	2
1725626	2
1386564	2
3276612	2
2527133	2
3319915	2
3431245	2
3079747	2
3432163	2
3440749	2
3472090	2
2150331	2
3118165	2
2028595	2
3294598	2
1629164	2
2904283	2
2199651	2
2832099	2
1446346	2
2031449	2
1430585	2
1263046	2
1801927	2
3194739	2
1237563	2
2949242	2
3084839	2
3510272	2
822504	2
3402062	2
3348977	2
620942	2
3249674	2
2972874	2
3383849	2
3152831	2
3277447	2
2896375	2
3144670	2
1792077	2
3589456	2
2334366	2
40886	2
2361393	2
883361	2
1702958	2
826272	2
2057684	2
3003561	2
3292850	2
2708891	2
3025747	2
2949865	2
1898652	2
3348418	2
344279	2
1241730	2
3294114	2
1226500	2
3455168	2
843519	2
1328543	2
3286966	2
3100480	2
2020952	2
3117408	2
3319237	2
2155589	2
3232871	2
1026886	2
2290914	2
2101913	2
2634793	2
3026765	2
1842741	2
3223012	2
2853941	2
1230814	2
3398309	2
3085750	2
2573279	2
1497728	2
3486877	2
2486895	2
341034	2
3578974	2
1956073	2
3338001	2
3416196	2
75425	2
50793	2
341837	2
2133181	2
1720643	2
1188960	2
1815401	2
1217950	2
2940010	2
3026769	2
2848964	2
2934069	2
213652	2
1430241	2
3264689	2
2697146	2
1674766	2
2067038	2
2038872	2
413521	2
2950848	2
1760945	2
3285253	2
3229304	2
3310422	2
3109274	2
3047081	2
3507465	2
3100881	2
2531815	2
2194889	2
2143185	2
3045871	2
3315466	2
1166227	2
3442983	2
2319855	2
2120499	2
2661165	2
2082927	2
3136388	2
2245134	2
940780	2
3205370	2
3500676	2
2696946	2
2344831	2
1885902	2
3184871	2
1098223	2
3166102	2
3379098	2
2754807	2
1428467	2
1745842	2
3363351	2
1804608	2
2577172	2
26924	2
2166188	2
606276	2
2210456	2
2062447	2
631351	2
1235269	2
3348259	2
3455794	2
3178659	2
2270022	2
1535390	2
433063	2
1234731	2
851752	2
2795022	2
3280473	2
2051632	2
3062686	2
3446460	2
1849240	2
2964910	2
1611075	2
3309878	2
2577214	2
1888274	2
2892959	2
2699898	2
3314621	2
1305130	2
2891569	2
2378048	2
247336	2
3443689	2
2952312	2
2901575	2
3363370	2
3244998	2
3327230	2
3012605	2
3109812	2
1750806	2
1710366	2
1205735	2
2450975	2
3412195	2
3455213	2
2584458	2
2969328	2
3359938	2
2780336	2
481047	2
1211739	2
2584453	2
3103049	2
3151479	2
2606421	2
2981629	2
1073090	2
2111042	2
3154876	2
2150654	2
3316142	2
3306164	2
3351736	2
2208257	2
3234282	2
3155010	2
2372991	2
2628831	2
1680047	2
3171706	2
3315517	2
840345	2
2557414	2
2880583	2
3223593	2
2774830	2
3235955	2
3130157	2
2274471	2
3260695	2
3014442	2
2098771	2
3178894	2
2444369	2
3444530	2
3135253	2
2318101	2
974976	2
3424773	2
3080542	2
2386680	2
1010965	2
3226964	2
3363997	2
2218769	2
3368220	2
3150429	2
111602	2
1132555	2
1293347	2
1738958	2
3574672	2
2917445	2
3426605	2
3444664	2
3464734	2
1164703	2
561999	2
1151715	2
720872	2
3038799	2
2361164	2
3073893	2
2406218	2
2519314	2
3210435	2
2375094	2
3327325	2
3502367	2
13237	2
2652744	2
3225793	2
419086	2
1720110	2
3053040	2
3360604	2
2619478	2
2056238	2
2723047	2
1841533	2
1061423	2
730954	2
1556471	2
1246690	2
547031	2
543459	2
3067082	2
3485865	2
2586230	2
3121780	2
3311510	2
2322487	2
3032371	2
2127229	2
2153330	2
2029920	2
3442820	2
2089674	2
3189934	2
3207772	2
3083395	2
3339505	2
795599	2
2169305	2
2297365	2
3221228	2
3352964	2
1689254	2
2090177	2
2734267	2
2834336	2
2014709	2
3444418	2
352399	2
3414234	2
2221344	2
1571446	2
3248834	2
2350399	2
1956865	2
762995	2
292193	2
3237229	2
2055848	2
3500928	2
596636	2
60220	2
1232900	2
3106657	2
744192	2
2859823	2
2889815	2
3327618	2
3163980	2
301679	2
3339285	2
3131067	2
3291687	2
3397217	2
3225180	2
3137517	2
3322294	2
3288035	2
2561082	2
2866644	2
1597637	2
1193545	2
2794836	2
1947842	2
2745971	2
2586592	2
3384245	2
3172610	2
1782745	2
3159877	2
2748442	2
3043079	2
589378	2
3035117	2
3415836	2
2385950	2
770830	2
3307491	2
2067912	2
2390857	2
2091582	2
1983910	2
2877038	2
1698612	2
1494828	2
3231510	2
1909377	2
3393896	2
3463024	2
3258035	2
517306	2
3275940	2
2216208	2
2701909	2
3550341	2
1759650	2
3330226	2
2840910	2
2597135	2
2398209	2
670129	2
3408895	2
3196112	2
2602998	2
3396990	2
3190695	2
3363966	2
1307089	2
3184896	2
1321498	2
3227332	2
2080492	2
2377097	2
2279424	2
1771737	2
3325254	2
461416	2
3591782	2
1408919	2
509683	2
2760592	2
2932600	2
2480445	2
1877908	2
2611345	2
3320440	2
2294832	2
1693210	2
895863	2
779737	2
2560584	2
1224476	2
3515248	2
1738775	2
2762942	2
2770839	2
130280	2
3052520	2
3349532	2
1419929	2
1003169	2
109013	2
352327	2
2229652	2
2058298	2
3356251	2
3102930	2
3095281	2
1505898	2
3312283	2
976730	2
1582314	2
1096247	2
2691415	2
2618055	2
3390611	2
2443742	2
3316980	2
3093559	2
3356446	2
3442074	2
2330527	2
2657118	2
1171008	2
2488819	2
2475804	2
3245623	2
2768474	2
3027669	2
2962487	2
653054	2
3410123	2
1844080	2
3379320	2
2738745	2
3075409	2
1137662	2
1526525	2
2521799	2
3322605	2
1321491	2
1712446	2
2801884	2
2558616	2
3375367	2
3303457	2
3448088	2
2795776	2
1775988	2
2841753	2
2845570	2
1562497	2
1711034	2
820571	2
344346	2
2420108	2
3194014	2
3199711	2
690329	2
2392078	2
3380716	2
2874541	2
638508	2
2991219	2
2023189	2
1823797	2
2433366	2
1785518	2
3194140	2
1827285	2
3358738	2
334067	2
2313872	2
3285079	2
3159651	2
3555041	2
3084923	2
2952414	2
2149883	2
3454790	2
1366734	2
3002074	2
2996204	2
1928576	2
3422042	2
1477208	2
3183890	2
1363494	2
3372460	2
369372	2
3118881	2
1002323	2
1763243	2
632625	2
2825906	2
2523291	2
3403486	2
322930	2
3138874	2
2181799	2
3276624	2
3131984	2
2920399	2
3507368	2
2659690	2
2158932	2
652397	2
2083330	2
2979432	2
2069864	2
2342998	2
1323891	2
3258065	2
3101066	2
2707004	2
3550032	2
3497158	2
3317341	2
3072098	2
3179760	2
1798885	2
3446512	2
495862	2
2441912	2
1215070	2
2996189	2
1119023	2
3297732	2
3385919	2
254568	2
1079531	2
2621981	2
3286951	2
2500247	2
2080791	2
499296	2
1989877	2
1257143	2
3267404	2
2354311	2
2213752	2
140673	2
2486612	2
2468712	2
1494541	2
1818002	2
3257334	2
2597538	2
3348070	2
3552938	2
3326974	2
3282324	2
426295	2
3183332	2
3085908	2
2964745	2
3434204	2
2879888	2
2261582	2
3323924	2
2362694	2
1551879	2
1857067	2
3336697	2
3142493	2
216962	2
3072944	2
3276967	2
2917175	2
2760688	2
3397393	2
3069042	2
1478002	2
1879185	2
1029119	2
3379002	2
3256020	2
1928383	2
2756528	2
791591	2
1999585	2
2462324	2
1561465	2
3350920	2
1561603	2
3295805	2
2698384	2
3465912	2
1615801	2
2813924	2
2927956	2
2964605	2
3261859	2
615094	2
3349431	2
273746	2
3530976	2
1882076	2
2692489	2
3433409	2
2616128	2
303900	2
3331835	2
322121	2
3254085	2
2912806	2
2503442	2
1644522	2
2540351	2
3374773	2
1626358	2
3295109	2
2247240	2
3264004	2
3372408	2
3078329	2
3161021	2
2527080	2
2663270	2
2813955	2
3068536	2
2233667	2
2196286	2
99598	2
2875309	2
3389745	2
3421838	2
3314056	2
1161749	2
464586	2
3197073	2
28012	2
2854610	2
3216133	2
2174825	2
759872	2
2619926	2
3492594	2
1957342	2
1987976	2
153581	2
2806058	2
3389902	2
1115219	2
556014	2
3208149	2
1294618	2
3422655	2
2810534	2
3206841	2
2607937	2
2557019	2
3398394	2
2707025	2
3309874	2
3510509	2
2063840	2
1952618	2
2892927	2
2777619	2
2696316	2
3397802	2
1915861	2
159401	2
365284	2
3464666	2
3063531	2
3191712	2
447101	2
380632	2
2662561	2
3156382	2
2154256	2
1951731	2
3315297	2
3194601	2
3231385	2
2287657	2
3270442	2
303169	2
571190	2
2393874	2
1733276	2
2517226	2
2389036	2
361657	2
2433052	2
3171319	2
2165953	2
1074137	2
2944516	2
2543115	2
972045	2
3331186	2
1967506	2
1866252	2
2219332	2
3355878	2
92607	2
3477397	2
1483070	2
3400330	2
3323586	2
2638315	2
480943	2
1707000	2
3154858	2
3099291	2
1981926	2
792631	2
1927476	2
2694161	2
2597847	2
2224753	2
2952782	2
1926666	2
2902032	2
3341204	2
2655632	2
2300299	2
2879382	2
885138	2
2055332	2
3281943	2
1836220	2
1046285	2
3257013	2
398565	2
458999	2
2725285	2
1592921	2
2654375	2
2424368	2
3592651	2
496763	2
3337956	2
2335615	2
2221702	2
3292354	2
3442880	2
3163562	2
1108209	2
3142983	2
2830386	2
2399343	2
2092556	2
3212413	2
3329402	2
1129691	2
2152969	2
2381395	2
3232495	2
3332514	2
2132857	2
3205420	2
2619377	2
1705043	2
1989471	2
1753948	2
3218541	2
2649952	2
453605	2
2922204	2
2135506	2
3100072	2
2688029	2
921231	2
2561878	2
3159010	2
2514552	2
1928828	2
1437318	2
2100770	2
2982280	2
953964	2
3330709	2
3535117	2
3423098	2
990115	2
439623	2
919316	2
3300918	2
1785033	2
2830378	2
3077270	2
2344477	2
212092	2
959267	2
3314294	2
1042296	2
3071607	2
1633623	2
913956	2
929210	2
3259732	2
2940226	2
2370962	2
1633025	2
2455473	2
3351249	2
3452066	2
3006402	2
3292623	2
2906330	2
3207821	2
2467181	2
3445615	2
