1	1
2	2
784	2
866	2
1573	2
2440	2
2532	2
2636	2
3535	2
3536	2
3539	2
3547	2
3563	2
3564	2
3565	2
3723	2
4095	2
4096	2
4097	2
4117	2
4369	2
6859	2
6860	2
6861	2
6868	2
3	3
4	3
6	3
11	3
20	3
72	3
5	4
9	4
10	4
12	4
13	4
14	4
17	4
21	4
22	4
25	4
26	4
27	4
28	4
31	4
33	4
35	4
40	4
45	4
46	4
47	4
50	4
51	4
52	4
59	4
60	4
62	4
65	4
75	4
78	4
85	4
96	4
98	4
99	4
101	4
118	4
143	4
145	4
161	4
162	4
185	4
191	4
196	4
230	4
233	4
240	4
249	4
252	4
266	4
270	4
271	4
282	4
315	4
321	4
323	4
325	4
332	4
378	4
383	4
400	4
407	4
424	4
432	4
433	4
436	4
532	4
533	4
537	4
594	4
616	4
626	4
652	4
661	4
665	4
685	4
687	4
688	4
689	4
698	4
703	4
739	4
740	4
764	4
768	4
786	4
808	4
834	4
840	4
841	4
850	4
854	4
857	4
881	4
882	4
910	4
911	4
918	4
939	4
940	4
970	4
973	4
1031	4
1061	4
1089	4
1104	4
1106	4
1279	4
1312	4
1348	4
1351	4
1364	4
1376	4
1379	4
1391	4
1469	4
1470	4
1475	4
1490	4
1495	4
1514	4
1549	4
1583	4
1592	4
1609	4
1648	4
1679	4
1680	4
1681	4
1682	4
1697	4
1698	4
1740	4
1744	4
1777	4
1785	4
1857	4
1866	4
1876	4
1889	4
1894	4
1898	4
1902	4
1944	4
2092	4
2109	4
2113	4
2124	4
2153	4
2222	4
2226	4
2238	4
2244	4
2259	4
2345	4
2364	4
2376	4
2384	4
2399	4
2412	4
2431	4
2435	4
2437	4
2438	4
2441	4
2530	4
2531	4
2551	4
2607	4
2615	4
2649	4
2683	4
2713	4
2715	4
2749	4
2755	4
2757	4
2843	4
2911	4
2988	4
3031	4
3057	4
3120	4
3127	4
3244	4
3261	4
3267	4
3297	4
3299	4
3306	4
3335	4
3454	4
3455	4
3483	4
3486	4
3487	4
3518	4
3519	4
3524	4
3574	4
3584	4
3656	4
3661	4
3669	4
3682	4
3698	4
3773	4
3925	4
3976	4
3991	4
3994	4
4070	4
4073	4
4122	4
4129	4
4134	4
4135	4
4140	4
4142	4
4143	4
4244	4
4245	4
4281	4
4418	4
4437	4
4695	4
4748	4
4755	4
4767	4
4932	4
5160	4
5161	4
5162	4
5184	4
5202	4
5206	4
5295	4
5334	4
6274	4
6317	4
6370	4
6424	4
7	5
8	5
463	5
15	6
16	6
41	6
54	6
55	6
58	6
76	6
610	6
904	6
4886	6
18	7
19	7
611	7
1004	7
1256	7
1903	7
1904	7
1972	7
4367	7
23	8
24	8
37	8
38	8
104	8
29	9
34	9
39	9
42	9
43	9
49	9
53	9
61	9
64	9
67	9
71	9
80	9
81	9
84	9
86	9
87	9
92	9
93	9
112	9
113	9
121	9
122	9
123	9
124	9
125	9
127	9
128	9
131	9
133	9
134	9
137	9
146	9
147	9
148	9
156	9
158	9
163	9
165	9
168	9
169	9
171	9
172	9
173	9
176	9
178	9
181	9
183	9
186	9
187	9
192	9
197	9
201	9
204	9
206	9
207	9
210	9
211	9
212	9
214	9
216	9
217	9
218	9
253	9
256	9
257	9
259	9
264	9
265	9
267	9
272	9
273	9
274	9
275	9
276	9
277	9
280	9
284	9
288	9
293	9
295	9
298	9
303	9
306	9
309	9
313	9
316	9
329	9
331	9
333	9
334	9
339	9
340	9
342	9
350	9
357	9
360	9
366	9
367	9
369	9
374	9
380	9
384	9
389	9
398	9
403	9
404	9
409	9
410	9
411	9
412	9
413	9
415	9
417	9
419	9
420	9
422	9
429	9
431	9
435	9
437	9
449	9
471	9
474	9
475	9
476	9
478	9
485	9
490	9
492	9
496	9
497	9
499	9
500	9
501	9
515	9
523	9
527	9
531	9
539	9
541	9
542	9
545	9
547	9
550	9
551	9
556	9
561	9
565	9
567	9
568	9
570	9
571	9
578	9
602	9
603	9
606	9
622	9
632	9
635	9
638	9
639	9
646	9
647	9
660	9
670	9
673	9
677	9
690	9
692	9
702	9
706	9
709	9
717	9
719	9
721	9
722	9
726	9
752	9
753	9
755	9
766	9
772	9
774	9
785	9
789	9
810	9
813	9
815	9
832	9
843	9
844	9
862	9
863	9
867	9
877	9
883	9
887	9
892	9
895	9
898	9
902	9
903	9
905	9
908	9
915	9
921	9
942	9
947	9
949	9
963	9
966	9
974	9
978	9
980	9
982	9
987	9
1000	9
1001	9
1003	9
1008	9
1022	9
1024	9
1028	9
1050	9
1054	9
1055	9
1056	9
1057	9
1064	9
1066	9
1073	9
1083	9
1087	9
1090	9
1091	9
1095	9
1096	9
1102	9
1103	9
1111	9
1114	9
1115	9
1123	9
1129	9
1131	9
1132	9
1156	9
1163	9
1171	9
1187	9
1190	9
1194	9
1195	9
1201	9
1204	9
1205	9
1208	9
1210	9
1216	9
1223	9
1231	9
1234	9
1235	9
1236	9
1237	9
1240	9
1248	9
1249	9
1269	9
1271	9
1273	9
1290	9
1293	9
1294	9
1296	9
1300	9
1308	9
1314	9
1317	9
1319	9
1320	9
1322	9
1323	9
1324	9
1350	9
1352	9
1353	9
1357	9
1363	9
1368	9
1389	9
1390	9
1392	9
1398	9
1399	9
1401	9
1402	9
1405	9
1430	9
1432	9
1434	9
1435	9
1438	9
1439	9
1440	9
1441	9
1445	9
1447	9
1449	9
1455	9
1457	9
1458	9
1459	9
1460	9
1464	9
1471	9
1473	9
1474	9
1507	9
1510	9
1531	9
1533	9
1534	9
1541	9
1551	9
1560	9
1561	9
1563	9
1564	9
1565	9
1569	9
1570	9
1571	9
1575	9
1576	9
1578	9
1584	9
1585	9
1588	9
1590	9
1604	9
1613	9
1615	9
1643	9
1646	9
1647	9
1649	9
1650	9
1663	9
1668	9
1686	9
1687	9
1689	9
1690	9
1700	9
1711	9
1719	9
1722	9
1729	9
1731	9
1739	9
1743	9
1745	9
1746	9
1747	9
1748	9
1750	9
1754	9
1758	9
1764	9
1768	9
1770	9
1771	9
1772	9
1773	9
1774	9
1780	9
1784	9
1787	9
1790	9
1796	9
1800	9
1801	9
1806	9
1828	9
1830	9
1831	9
1832	9
1835	9
1836	9
1837	9
1840	9
1842	9
1843	9
1845	9
1846	9
1848	9
1851	9
1862	9
1863	9
1869	9
1873	9
1878	9
1879	9
1882	9
1884	9
1886	9
1887	9
1888	9
1906	9
1909	9
1921	9
1923	9
1924	9
1927	9
1928	9
1930	9
1933	9
1937	9
1939	9
1940	9
1954	9
1956	9
1959	9
1974	9
1977	9
1978	9
1979	9
1980	9
1987	9
1989	9
1991	9
1995	9
1999	9
2003	9
2006	9
2007	9
2013	9
2018	9
2025	9
2028	9
2029	9
2032	9
2034	9
2036	9
2053	9
2054	9
2055	9
2060	9
2062	9
2065	9
2068	9
2069	9
2070	9
2072	9
2076	9
2080	9
2082	9
2083	9
2089	9
2091	9
2097	9
2099	9
2102	9
2104	9
2106	9
2108	9
2110	9
2111	9
2112	9
2114	9
2120	9
2130	9
2134	9
2140	9
2145	9
2146	9
2181	9
2184	9
2186	9
2189	9
2191	9
2198	9
2199	9
2200	9
2206	9
2207	9
2209	9
2219	9
2228	9
2229	9
2232	9
2233	9
2235	9
2236	9
2240	9
2241	9
2245	9
2246	9
2247	9
2262	9
2266	9
2273	9
2280	9
2281	9
2284	9
2291	9
2292	9
2298	9
2302	9
2303	9
2304	9
2310	9
2312	9
2313	9
2315	9
2317	9
2319	9
2326	9
2333	9
2336	9
2358	9
2359	9
2366	9
2371	9
2372	9
2375	9
2379	9
2383	9
2388	9
2389	9
2390	9
2391	9
2393	9
2398	9
2404	9
2409	9
2411	9
2414	9
2419	9
2420	9
2426	9
2427	9
2446	9
2448	9
2453	9
2454	9
2462	9
2468	9
2470	9
2479	9
2480	9
2483	9
2490	9
2491	9
2492	9
2498	9
2509	9
2510	9
2514	9
2517	9
2522	9
2526	9
2537	9
2543	9
2550	9
2553	9
2554	9
2556	9
2557	9
2558	9
2560	9
2562	9
2563	9
2564	9
2565	9
2582	9
2585	9
2587	9
2591	9
2593	9
2611	9
2624	9
2627	9
2634	9
2635	9
2637	9
2641	9
2642	9
2645	9
2663	9
2667	9
2668	9
2670	9
2677	9
2680	9
2681	9
2691	9
2692	9
2693	9
2694	9
2695	9
2697	9
2707	9
2708	9
2712	9
2726	9
2729	9
2735	9
2737	9
2740	9
2743	9
2744	9
2760	9
2768	9
2772	9
2777	9
2778	9
2779	9
2783	9
2793	9
2799	9
2800	9
2804	9
2806	9
2807	9
2811	9
2812	9
2814	9
2817	9
2818	9
2829	9
2831	9
2832	9
2842	9
2861	9
2865	9
2873	9
2880	9
2882	9
2883	9
2892	9
2894	9
2898	9
2904	9
2905	9
2907	9
2925	9
2927	9
2934	9
2935	9
2946	9
2952	9
2958	9
2961	9
2962	9
2963	9
2965	9
2966	9
2967	9
2968	9
2969	9
2975	9
2987	9
2990	9
2991	9
2992	9
2993	9
3001	9
3018	9
3024	9
3026	9
3029	9
3035	9
3037	9
3045	9
3049	9
3052	9
3055	9
3077	9
3086	9
3090	9
3098	9
3101	9
3108	9
3124	9
3132	9
3137	9
3144	9
3148	9
3154	9
3161	9
3165	9
3179	9
3186	9
3188	9
3198	9
3204	9
3206	9
3216	9
3217	9
3220	9
3248	9
3250	9
3253	9
3257	9
3262	9
3266	9
3280	9
3289	9
3290	9
3291	9
3298	9
3303	9
3312	9
3313	9
3328	9
3329	9
3333	9
3350	9
3352	9
3363	9
3365	9
3366	9
3367	9
3368	9
3369	9
3379	9
3380	9
3383	9
3413	9
3415	9
3427	9
3428	9
3440	9
3442	9
3446	9
3475	9
3480	9
3484	9
3497	9
3501	9
3503	9
3509	9
3513	9
3516	9
3543	9
3605	9
3614	9
3619	9
3621	9
3624	9
3636	9
3641	9
3645	9
3684	9
3709	9
3718	9
3724	9
3733	9
3737	9
3742	9
3746	9
3747	9
3748	9
3753	9
3757	9
3771	9
3778	9
3791	9
3794	9
3796	9
3832	9
3835	9
3836	9
3859	9
3878	9
3889	9
3907	9
3937	9
3946	9
3954	9
3960	9
3980	9
3992	9
3993	9
3997	9
4004	9
4029	9
4055	9
4059	9
4060	9
4067	9
4077	9
4078	9
4086	9
4103	9
4106	9
4108	9
4110	9
4167	9
4171	9
4180	9
4181	9
4195	9
4215	9
4216	9
4217	9
4239	9
4250	9
4291	9
4327	9
4329	9
4337	9
4342	9
4346	9
4352	9
4368	9
4417	9
4419	9
4447	9
4454	9
4463	9
4470	9
4477	9
4478	9
4480	9
4483	9
4485	9
4488	9
4507	9
4511	9
4519	9
4559	9
4573	9
4630	9
4639	9
4648	9
4651	9
4653	9
4678	9
4680	9
4684	9
4688	9
4689	9
4717	9
4718	9
4733	9
4743	9
4757	9
4769	9
4771	9
4772	9
4831	9
4832	9
4833	9
4834	9
4847	9
4855	9
4856	9
4861	9
4868	9
4870	9
4879	9
4889	9
4908	9
4909	9
4911	9
4920	9
4958	9
4980	9
4982	9
4987	9
4988	9
4989	9
4990	9
4997	9
5008	9
5012	9
5014	9
5066	9
5123	9
5131	9
5189	9
5198	9
5227	9
5253	9
5308	9
5470	9
5503	9
5737	9
5886	9
5915	9
6049	9
6327	9
6811	9
7108	9
30	10
640	10
744	10
807	10
860	10
906	10
976	10
984	10
985	10
1046	10
1063	10
1068	10
1263	10
1270	10
1343	10
1354	10
1356	10
1360	10
1393	10
1481	10
1536	10
1552	10
1716	10
1885	10
1919	10
1920	10
2216	10
2260	10
2475	10
2580	10
2583	10
2776	10
2825	10
2944	10
2947	10
2949	10
2953	10
3080	10
3210	10
3260	10
3325	10
3332	10
3336	10
3403	10
3463	10
3511	10
3512	10
3587	10
3602	10
3618	10
4137	10
4186	10
4201	10
4202	10
4967	10
32	11
36	11
48	11
428	11
453	11
575	11
5369	11
44	12
285	12
664	12
2137	12
56	13
57	13
68	13
73	13
79	13
90	13
126	13
130	13
135	13
136	13
140	13
144	13
177	13
190	13
198	13
281	13
287	13
294	13
314	13
343	13
345	13
763	13
775	13
787	13
835	13
847	13
899	13
901	13
907	13
909	13
924	13
929	13
944	13
953	13
1043	13
1052	13
1097	13
1180	13
1246	13
1421	13
1427	13
1488	13
1546	13
1593	13
1596	13
1756	13
1769	13
1852	13
1855	13
2320	13
2331	13
2353	13
2378	13
2433	13
2436	13
2450	13
3075	13
3076	13
3192	13
3230	13
3315	13
3416	13
3460	13
3474	13
3478	13
3479	13
3792	13
3816	13
3845	13
3932	13
4168	13
4229	13
4270	13
4282	13
4401	13
4815	13
7178	13
63	14
66	15
102	15
139	15
170	15
526	15
935	15
979	15
1265	15
1341	15
1562	15
1591	15
1616	15
1683	15
2408	15
2568	15
2650	15
2830	15
2837	15
2841	15
2872	15
3043	15
3194	15
3414	15
3423	15
3596	15
3721	15
3786	15
4185	15
4255	15
4432	15
4433	15
4443	15
69	16
109	16
110	16
226	16
290	16
291	16
307	16
356	16
358	16
359	16
386	16
390	16
391	16
405	16
445	16
519	16
572	16
574	16
612	16
619	16
648	16
649	16
667	16
743	16
790	16
791	16
812	16
817	16
821	16
825	16
1067	16
1182	16
1192	16
1218	16
1275	16
1283	16
1523	16
1775	16
1794	16
1807	16
1812	16
1867	16
1877	16
1883	16
1908	16
1917	16
1938	16
1965	16
1971	16
1992	16
2037	16
2056	16
2133	16
2135	16
2150	16
2156	16
2277	16
2324	16
2527	16
2567	16
2579	16
2581	16
2592	16
2609	16
2821	16
2977	16
3005	16
3107	16
3228	16
3292	16
3295	16
3314	16
3391	16
3400	16
3401	16
3412	16
3732	16
3763	16
3854	16
4098	16
4114	16
4145	16
4238	16
4264	16
4275	16
4300	16
4325	16
4332	16
4415	16
4421	16
4448	16
4578	16
4626	16
4676	16
4692	16
4693	16
4703	16
4715	16
4727	16
4728	16
4729	16
4742	16
4992	16
5298	16
5506	16
5736	16
5994	16
6329	16
6330	16
6331	16
6723	16
70	17
74	17
77	17
174	17
175	17
189	17
215	17
239	17
299	17
302	17
322	17
349	17
559	17
607	17
842	17
845	17
1009	17
1015	17
1036	17
1069	17
1075	17
1079	17
7105	17
82	18
91	18
864	18
83	19
95	19
105	19
106	19
111	19
116	19
152	19
182	19
184	19
195	19
232	19
243	19
246	19
268	19
278	19
283	19
297	19
312	19
353	19
423	19
450	19
454	19
458	19
459	19
465	19
483	19
491	19
498	19
524	19
560	19
820	19
889	19
894	19
937	19
955	19
1058	19
1133	19
1174	19
1188	19
1199	19
1215	19
1217	19
1621	19
1641	19
1665	19
1833	19
1934	19
1969	19
2088	19
2105	19
2334	19
2716	19
3056	19
3074	19
3089	19
3150	19
3157	19
3158	19
3167	19
3201	19
4543	19
4686	19
4923	19
5287	19
5299	19
5351	19
5475	19
5885	19
88	20
103	20
120	20
138	20
388	20
89	21
150	21
151	21
154	21
222	21
228	21
234	21
238	21
260	21
444	21
629	21
630	21
731	21
751	21
900	21
922	21
923	21
931	21
991	21
1136	21
1137	21
1162	21
1178	21
1264	21
1450	21
1497	21
1502	21
1503	21
1598	21
1975	21
2000	21
2015	21
2046	21
2275	21
2311	21
2377	21
2442	21
2452	21
2495	21
2528	21
2538	21
2639	21
2785	21
2822	21
2866	21
3168	21
3218	21
3234	21
3307	21
3492	21
3510	21
3529	21
3966	21
4146	21
4413	21
4928	21
94	22
179	22
221	22
317	22
597	22
637	22
738	22
760	22
1121	22
1167	22
1521	22
1589	22
1594	22
1600	22
1696	22
1709	22
1725	22
1817	22
1819	22
1821	22
1895	22
1918	22
1981	22
2011	22
2293	22
2322	22
2339	22
2722	22
4435	22
4441	22
4450	22
4473	22
4475	22
4524	22
4558	22
4824	22
4995	22
97	23
108	23
231	23
261	23
2096	23
2279	23
2346	23
100	24
193	24
194	24
203	24
224	24
227	24
236	24
438	24
1120	24
1268	24
1297	24
1306	24
1905	24
1993	24
2087	24
2407	24
2439	24
2463	24
2780	24
2857	24
2881	24
3389	24
3458	24
3622	24
3626	24
3743	24
4107	24
4113	24
4461	24
107	25
142	25
164	25
114	26
117	26
141	26
149	26
188	26
447	26
694	26
972	26
1122	26
1169	26
1528	26
1574	26
1580	26
2428	26
115	27
153	27
292	27
296	27
119	28
310	28
461	28
480	28
1125	28
1145	28
1155	28
1818	28
2255	28
2603	28
2908	28
3053	28
3384	28
3864	28
4333	28
4334	28
129	29
132	29
155	29
157	29
166	29
167	29
180	29
199	29
200	29
202	29
208	29
219	29
223	29
225	29
229	29
286	29
300	29
338	29
348	29
381	29
385	29
387	29
394	29
396	29
399	29
406	29
439	29
443	29
457	29
460	29
466	29
467	29
488	29
503	29
512	29
520	29
522	29
535	29
552	29
580	29
582	29
595	29
601	29
617	29
625	29
634	29
636	29
678	29
696	29
716	29
718	29
720	29
724	29
729	29
732	29
735	29
746	29
756	29
771	29
823	29
828	29
855	29
871	29
874	29
886	29
888	29
890	29
916	29
920	29
927	29
960	29
983	29
988	29
993	29
1026	29
1040	29
1080	29
1119	29
1126	29
1143	29
1150	29
1161	29
1173	29
1175	29
1183	29
1184	29
1203	29
1207	29
1211	29
1238	29
1247	29
1261	29
1266	29
1286	29
1298	29
1311	29
1318	29
1321	29
1325	29
1331	29
1375	29
1394	29
1395	29
1397	29
1451	29
1477	29
1479	29
1496	29
1516	29
1517	29
1518	29
1520	29
1605	29
1611	29
1626	29
1630	29
1637	29
1639	29
1644	29
1661	29
1718	29
1720	29
1723	29
1761	29
1762	29
1776	29
1786	29
1791	29
1792	29
1793	29
1834	29
1849	29
1891	29
1907	29
1925	29
1931	29
1935	29
1953	29
1966	29
1967	29
1976	29
1985	29
1994	29
1997	29
2002	29
2012	29
2045	29
2047	29
2048	29
2051	29
2074	29
2084	29
2098	29
2100	29
2101	29
2107	29
2125	29
2128	29
2142	29
2149	29
2151	29
2154	29
2160	29
2162	29
2163	29
2168	29
2178	29
2185	29
2202	29
2220	29
2223	29
2230	29
2239	29
2243	29
2295	29
2297	29
2343	29
2344	29
2396	29
2423	29
2444	29
2451	29
2467	29
2471	29
2472	29
2473	29
2506	29
2525	29
2539	29
2544	29
2545	29
2549	29
2561	29
2566	29
2589	29
2598	29
2601	29
2608	29
2669	29
2671	29
2673	29
2678	29
2687	29
2730	29
2738	29
2742	29
2750	29
2752	29
2790	29
2858	29
2875	29
2877	29
2889	29
2895	29
2956	29
2973	29
2984	29
2995	29
2999	29
3003	29
3004	29
3014	29
3058	29
3060	29
3084	29
3094	29
3118	29
3133	29
3139	29
3149	29
3152	29
3231	29
3284	29
3293	29
3317	29
3396	29
3464	29
3468	29
3476	29
3477	29
3520	29
3551	29
3559	29
3567	29
3568	29
3569	29
3573	29
3613	29
3615	29
3638	29
3671	29
3703	29
3712	29
3716	29
3727	29
3728	29
3730	29
3891	29
3897	29
3901	29
3904	29
3906	29
3930	29
3983	29
4054	29
4057	29
4111	29
4149	29
4156	29
4164	29
4407	29
4442	29
4446	29
4449	29
4504	29
4533	29
4538	29
4549	29
4584	29
4597	29
4647	29
4679	29
4690	29
4696	29
4699	29
4712	29
4719	29
5153	29
5220	29
5226	29
5242	29
5244	29
5249	29
5256	29
5273	29
5284	29
5694	29
5888	29
6817	29
6818	29
6819	29
6820	29
159	30
160	30
244	30
245	30
247	30
301	30
1226	30
1309	30
205	31
235	31
504	31
506	31
540	31
562	31
589	31
605	31
642	31
762	31
816	31
822	31
827	31
926	31
1101	31
1139	31
1221	31
1258	31
1788	31
1936	31
1943	31
1961	31
2022	31
2042	31
2402	31
2424	31
2466	31
3088	31
3342	31
3473	31
3720	31
3843	31
4884	31
209	32
213	32
220	32
248	32
263	32
344	32
354	32
372	32
392	32
426	32
442	32
472	32
549	32
553	32
555	32
645	32
653	32
654	32
657	32
666	32
669	32
681	32
699	32
708	32
896	32
1267	32
1301	32
1304	32
1307	32
1484	32
1554	32
1559	32
1579	32
1838	32
1880	32
1901	32
1945	32
1960	32
2131	32
2132	32
2604	32
2618	32
2688	32
2763	32
2798	32
3130	32
3140	32
3422	32
3521	32
4068	32
4138	32
4803	32
4948	32
237	33
421	33
446	33
448	33
513	33
518	33
558	33
596	33
631	33
986	33
1060	33
1386	33
1501	33
1553	33
1707	33
1820	33
1962	33
1964	33
2948	33
3102	33
3104	33
3110	33
3209	33
241	34
311	34
324	34
326	34
336	34
778	34
1623	34
1694	34
4203	34
4223	34
242	35
289	35
337	35
351	35
1313	35
1545	35
1741	35
1755	35
1963	35
2024	35
2027	35
2926	35
3392	35
250	36
251	37
427	37
254	38
255	38
258	38
809	38
936	38
941	38
943	38
1041	38
1431	38
1480	38
1870	38
262	39
930	39
269	40
279	41
305	41
704	41
705	41
1429	41
1871	41
3259	41
3945	41
4278	41
4394	41
304	42
712	42
865	42
2129	42
308	43
318	43
425	43
441	43
462	43
473	43
477	43
489	43
508	43
511	43
593	43
614	43
627	43
679	43
683	43
964	43
967	43
968	43
1002	43
1047	43
1059	43
1127	43
1128	43
1179	43
1193	43
1197	43
1230	43
1233	43
1239	43
1253	43
1272	43
1295	43
1299	43
1303	43
1316	43
1326	43
1428	43
1491	43
1547	43
1595	43
1738	43
1802	43
1824	43
1826	43
1841	43
1858	43
1896	43
2094	43
2126	43
2136	43
2147	43
2179	43
2213	43
2254	43
2283	43
2285	43
2309	43
2370	43
2666	43
2717	43
2765	43
2767	43
2782	43
2828	43
2835	43
2886	43
2996	43
3103	43
3106	43
3114	43
3340	43
3343	43
3409	43
3696	43
3818	43
3823	43
3936	43
4104	43
4236	43
4641	43
4646	43
4650	43
4666	43
4730	43
4805	43
4809	43
4829	43
4854	43
4857	43
4876	43
4883	43
5695	43
5697	43
7179	43
319	44
320	45
502	45
538	45
1529	45
1674	45
1676	45
327	46
341	46
346	46
365	46
370	46
371	46
469	46
548	46
680	46
925	46
1032	46
1305	46
1422	46
1437	46
1492	46
1508	46
1844	46
2031	46
2195	46
2231	46
2248	46
2265	46
2643	46
2651	46
2684	46
2746	46
2951	46
2954	46
3276	46
3394	46
3402	46
4015	46
4030	46
4031	46
4032	46
4148	46
328	47
335	47
373	47
382	47
592	47
672	47
693	47
741	47
1070	47
2187	47
2753	47
330	48
352	48
355	48
361	48
368	48
376	48
401	48
402	48
418	48
451	48
452	48
481	48
482	48
484	48
529	48
534	48
536	48
609	48
613	48
615	48
662	48
725	48
733	48
736	48
737	48
745	48
781	48
782	48
793	48
799	48
811	48
814	48
831	48
846	48
849	48
851	48
875	48
878	48
879	48
934	48
945	48
952	48
965	48
1018	48
1021	48
1112	48
1116	48
1241	48
1929	48
1941	48
1942	48
1947	48
1952	48
1968	48
2119	48
2308	48
2329	48
2337	48
2361	48
2363	48
2367	48
2394	48
2395	48
2405	48
2455	48
2458	48
2461	48
2485	48
2493	48
2515	48
2534	48
2599	48
2625	48
2626	48
2630	48
2644	48
2648	48
2652	48
2654	48
2725	48
2727	48
2764	48
2824	48
2847	48
2876	48
2878	48
3019	48
3027	48
3036	48
3039	48
3126	48
3213	48
3214	48
3275	48
3377	48
3393	48
3398	48
3407	48
3459	48
3472	48
3488	48
3545	48
3750	48
3784	48
3805	48
3825	48
3829	48
3831	48
3841	48
3866	48
3871	48
3896	48
3917	48
3959	48
3961	48
3962	48
3967	48
4008	48
4035	48
4199	48
4321	48
4460	48
4493	48
4498	48
4499	48
4590	48
4778	48
4835	48
4846	48
5011	48
5022	48
5865	48
5868	48
5938	48
6028	48
6163	48
347	49
363	49
364	49
468	49
933	49
1042	49
1065	49
1250	49
1337	49
1338	49
1373	49
1425	49
1634	49
1688	49
1799	49
2167	49
2175	49
2249	49
2316	49
2362	49
2600	49
2656	49
2657	49
2700	49
2964	49
4331	49
4491	49
362	50
375	50
377	50
397	50
440	50
514	50
544	50
379	51
2294	51
2702	51
393	52
414	52
1525	52
1675	52
395	53
563	53
776	53
408	54
5368	54
416	55
759	55
1010	55
1017	55
2103	55
2190	55
2299	55
2300	55
2301	55
2410	55
2418	55
2658	55
2913	55
3977	55
4000	55
4162	55
430	56
455	56
456	56
486	56
516	56
517	56
521	56
525	56
528	56
543	56
577	56
783	56
829	56
830	56
858	56
876	56
912	56
1006	56
1012	56
1110	56
1148	56
1149	56
1157	56
1196	56
1206	56
1222	56
1242	56
1243	56
1244	56
1291	56
1333	56
1334	56
1336	56
1340	56
1349	56
1369	56
1377	56
1478	56
1486	56
1511	56
1587	56
1606	56
1608	56
1610	56
1617	56
1642	56
1666	56
1781	56
1890	56
1915	56
1916	56
1922	56
1946	56
1950	56
1970	56
2004	56
2005	56
2058	56
2064	56
2066	56
2067	56
2079	56
2305	56
2307	56
2575	56
2576	56
2770	56
2784	56
2787	56
2815	56
2850	56
2852	56
2901	56
3242	56
3330	56
3344	56
3557	56
3616	56
3630	56
3678	56
3710	56
3915	56
4021	56
4034	56
4039	56
4074	56
4438	56
4720	56
5294	56
434	57
487	57
505	57
507	57
530	57
734	57
818	57
839	57
1485	57
1539	57
1808	57
1811	57
1892	57
1982	57
2820	57
2914	57
2929	57
2950	57
5364	57
5398	57
5416	57
5417	57
464	58
590	58
470	59
510	59
564	59
566	59
604	59
628	59
674	59
824	59
833	59
880	59
1098	59
1164	59
1191	59
1515	59
2494	59
2511	59
2741	59
2816	59
3034	59
3041	59
3116	59
3125	59
3334	59
3502	59
3540	59
3697	59
4677	59
7180	59
479	60
676	60
1160	60
1170	60
2477	60
2524	60
2535	60
2542	60
2931	60
3068	60
3370	60
3390	60
3530	60
493	61
494	61
495	61
509	62
546	63
554	64
569	64
663	64
675	64
684	64
557	65
1025	65
1051	65
1062	65
1076	65
1078	65
1245	65
1287	65
1535	65
1542	65
1555	65
1557	65
1670	65
1672	65
1809	65
1815	65
2193	65
2251	65
2289	65
2332	65
2432	65
2513	65
2569	65
2574	65
2584	65
2766	65
2802	65
2813	65
2838	65
2839	65
2840	65
2868	65
2871	65
2884	65
2888	65
2890	65
2891	65
2897	65
2903	65
2906	65
2980	65
2982	65
2983	65
2986	65
2997	65
2998	65
3079	65
3085	65
3095	65
3268	65
3308	65
3311	65
3418	65
3421	65
3425	65
3426	65
3429	65
3493	65
3494	65
3495	65
3498	65
3515	65
3522	65
3526	65
3527	65
3528	65
3538	65
3546	65
3554	65
3555	65
3556	65
3577	65
3579	65
3580	65
3590	65
3611	65
3648	65
3658	65
3666	65
3668	65
3674	65
3691	65
3702	65
3704	65
3780	65
3815	65
3817	65
3827	65
3840	65
3847	65
3850	65
3851	65
3933	65
3939	65
3943	65
3974	65
3979	65
4011	65
4012	65
4014	65
4022	65
4027	65
4036	65
4061	65
4063	65
4064	65
4076	65
4109	65
4136	65
4139	65
4163	65
4165	65
4248	65
4252	65
4280	65
4297	65
4306	65
4307	65
4308	65
4320	65
4326	65
4340	65
4341	65
4344	65
4348	65
4364	65
4365	65
4398	65
4404	65
4410	65
4411	65
4430	65
4431	65
4453	65
4486	65
4521	65
4548	65
4564	65
4568	65
4582	65
4583	65
4625	65
4633	65
4659	65
4668	65
4674	65
4701	65
4779	65
4793	65
4798	65
4799	65
4842	65
4859	65
4899	65
4917	65
5218	65
5237	65
5240	65
5241	65
5257	65
5277	65
5283	65
5285	65
5292	65
5293	65
5306	65
5310	65
5331	65
5456	65
5458	65
5605	65
5645	65
5647	65
5654	65
5724	65
5727	65
5731	65
5738	65
5861	65
5863	65
5869	65
5870	65
5902	65
5903	65
5917	65
5923	65
5934	65
5936	65
5992	65
6002	65
6009	65
6259	65
6276	65
6309	65
6310	65
6323	65
6387	65
6389	65
6475	65
6597	65
6603	65
6661	65
6664	65
6666	65
6710	65
6731	65
6778	65
6804	65
6815	65
6892	65
7106	65
573	66
576	66
579	66
581	66
584	66
587	66
591	66
600	66
658	66
758	66
765	66
767	66
1763	66
1778	66
1782	66
1804	66
1850	66
1859	66
2039	66
2115	66
2122	66
2176	66
2215	66
2258	66
2264	66
2267	66
2282	66
2541	66
2594	66
2610	66
2699	66
2710	66
3162	66
3221	66
3254	66
3300	66
3443	66
3797	66
3806	66
3807	66
3811	66
3830	66
4542	66
4546	66
4603	66
4845	66
583	67
3223	67
4464	67
585	68
586	68
588	68
620	68
643	68
695	68
1227	68
1232	68
1260	68
1380	68
1406	68
1416	68
1426	68
1500	68
1631	68
1636	68
2323	68
2356	68
2357	68
2976	68
3649	68
4284	68
4285	68
4286	68
4414	68
4783	68
4821	68
4841	68
5770	68
6645	68
598	69
599	69
1105	69
1618	69
1633	69
3741	69
3765	69
3779	69
3781	69
608	70
618	70
623	70
624	70
633	70
644	70
730	70
747	70
749	70
761	70
773	70
856	70
1108	70
1135	70
1147	70
1362	70
1467	70
1847	70
2019	70
2252	70
2268	70
2270	70
2272	70
2274	70
2685	70
2855	70
3211	70
3351	70
3922	70
4373	70
4440	70
4456	70
4457	70
4505	70
6805	70
621	71
656	71
700	71
701	71
748	71
777	71
819	71
837	71
1251	71
1252	71
1292	71
1466	71
1472	71
1912	71
1932	71
2342	71
2365	71
2392	71
2518	71
2529	71
2570	71
3067	71
3073	71
3163	71
4525	71
5802	71
5818	71
6515	71
641	72
650	72
651	72
655	72
682	72
711	72
714	72
715	72
723	72
742	72
750	72
754	72
769	72
788	72
1146	72
2590	72
2705	72
2734	72
3007	72
3240	72
3278	72
3302	72
3337	72
3360	72
3449	72
3482	72
3490	72
3531	72
3542	72
3617	72
3705	72
3755	72
3788	72
3803	72
3809	72
3849	72
3861	72
3862	72
3880	72
3924	72
3949	72
4246	72
4314	72
4397	72
659	73
780	73
826	73
668	74
671	74
1037	74
1118	74
2675	74
2686	74
686	75
2172	75
691	76
727	76
728	76
779	76
697	77
707	78
710	79
713	80
1302	80
1476	80
3606	80
3620	80
3646	80
3676	80
757	81
1285	81
1310	81
1315	81
1366	81
3232	81
770	82
838	82
852	82
1519	82
1532	82
1537	82
1558	82
1568	82
1582	82
1805	82
2016	82
2090	82
2614	82
2920	82
792	83
794	83
795	83
796	83
797	83
798	83
800	83
801	83
802	83
803	83
804	83
805	83
806	83
2397	83
2794	83
836	84
848	85
853	85
891	85
893	85
950	85
961	85
962	85
1007	85
1033	85
1039	85
1077	85
1113	85
1176	85
1177	85
1200	85
1225	85
1371	85
1409	85
1410	85
1448	85
1482	85
1487	85
1494	85
1499	85
2049	85
2050	85
2093	85
2095	85
2791	85
2900	85
3091	85
3269	85
3301	85
3305	85
3319	85
3445	85
3461	85
3462	85
3708	85
3726	85
3877	85
3887	85
3902	85
3984	85
3989	85
4009	85
4723	85
4893	85
4897	85
5163	85
5271	85
5652	85
5660	85
6010	85
6023	85
6050	85
6154	85
6155	85
6332	85
6481	85
6514	85
6757	85
7153	85
859	86
969	86
1742	86
1827	86
2155	86
861	87
868	88
869	89
870	90
872	91
913	91
873	92
884	93
885	93
5370	93
897	94
914	95
917	95
1159	95
919	96
1344	96
5127	96
928	97
994	97
1044	97
1045	97
1049	97
1092	97
1093	97
932	98
938	99
948	99
951	99
958	99
981	99
999	99
1019	99
1020	99
1027	99
1030	99
1035	99
1094	99
1107	99
1109	99
1138	99
1140	99
1144	99
1154	99
1166	99
1505	99
1607	99
1654	99
1726	99
1797	99
1810	99
1822	99
1823	99
1988	99
1990	99
2020	99
2165	99
2169	99
2170	99
2234	99
2257	99
2288	99
2335	99
2501	99
2520	99
2586	99
2619	99
2640	99
2647	99
2928	99
3145	99
3205	99
3237	99
3241	99
3249	99
3282	99
3296	99
3316	99
3376	99
3399	99
3430	99
3448	99
3457	99
3686	99
4037	99
4038	99
4042	99
4065	99
5358	99
5739	99
5760	99
6238	99
6347	99
946	100
1086	100
954	101
1099	101
1342	101
1629	101
2075	101
2416	101
2747	101
3287	101
3397	101
3410	101
3635	101
3673	101
3978	101
4028	101
4700	101
4711	101
5686	101
5693	101
5878	101
956	102
989	102
957	103
959	104
1005	104
1347	104
1452	104
1453	104
1454	104
1461	104
1465	104
1504	104
1506	104
1530	104
1853	104
1856	104
1872	104
1875	104
2177	104
2180	104
2208	104
2263	104
2306	104
2449	104
4509	104
4602	104
4610	104
4631	104
4657	104
4662	104
4704	104
4734	104
4736	104
7181	104
7182	104
7184	104
971	105
3770	105
975	106
1327	106
1328	106
1370	106
1699	106
977	107
1759	107
5366	107
990	108
996	108
992	109
997	109
998	109
1088	109
1385	109
4570	109
4593	109
4607	109
4609	109
995	110
1014	110
1181	110
1278	110
1339	110
1358	110
1433	110
1603	110
2664	110
2919	110
3121	110
3274	110
4423	110
1011	111
1013	112
1142	112
1151	112
1016	113
1029	113
1034	113
1038	113
1048	113
1053	113
1081	113
1100	113
1023	114
1071	115
1072	116
1074	117
2296	117
2340	117
2559	117
3762	117
3800	117
1082	118
1085	118
1255	118
1084	119
1388	119
1684	119
1721	119
1732	119
1752	119
1753	119
1795	119
2261	119
2314	119
2318	119
2321	119
2382	119
2400	119
3016	119
3433	119
1117	120
1165	120
1276	120
1330	120
1124	121
1130	122
1134	123
1153	123
1198	123
1202	123
1329	123
1728	123
2026	123
2148	123
2773	123
3010	123
3354	123
1141	124
1152	125
1186	125
1209	125
1656	125
1657	125
1658	125
1659	125
1662	125
1664	125
1673	125
2192	125
2196	125
2197	125
2201	125
2203	125
2210	125
2478	125
2826	125
2909	125
3048	125
3054	125
3061	125
3155	125
3735	125
3958	125
3982	125
4273	125
4339	125
4393	125
4497	125
4501	125
5210	125
5216	125
5219	125
5224	125
5265	125
1158	126
1172	126
1220	126
2413	126
2578	126
3364	126
3374	126
1168	127
1219	127
1224	127
2063	127
2086	127
3141	127
1185	128
1212	128
1213	128
1214	128
1228	128
1229	128
2017	128
2660	128
1189	129
1254	130
1489	130
1257	131
1651	131
1671	131
1714	131
2516	131
1259	132
1359	132
1420	132
1602	132
1951	132
2001	132
2008	132
2010	132
2033	132
2043	132
2044	132
3013	132
3030	132
3046	132
3051	132
4159	132
1262	133
1345	133
1404	133
1417	133
1436	133
2173	133
2174	133
2183	133
2194	133
2218	133
2540	133
2548	133
2732	133
2745	133
2796	133
3081	133
3285	133
3286	133
3523	133
3550	133
3560	133
3766	133
3926	133
3929	133
3968	133
4210	133
4510	133
4632	133
1274	134
1277	134
1282	134
1288	134
1384	134
1456	134
1524	134
1280	135
1281	135
1284	135
1289	135
1332	135
1335	136
1346	137
1396	137
1418	137
1355	138
1540	138
1361	139
1419	139
1897	139
1365	140
1367	141
1381	141
1383	141
1403	141
1408	141
1412	141
1413	141
1414	141
1415	141
1638	141
1645	141
2138	141
2141	141
2164	141
2809	141
2823	141
2833	141
2854	141
3164	141
3348	141
3405	141
3432	141
3470	141
3491	141
1372	142
1411	142
1423	142
1424	142
1446	142
1483	142
1512	142
1513	142
5367	142
1374	143
1382	143
1407	143
1522	143
1527	143
1538	143
1581	143
1724	143
1736	143
1749	143
1798	143
1864	143
1865	143
2159	143
2217	143
2250	143
2401	143
2709	143
2731	143
2808	143
2827	143
3097	143
3119	143
3327	143
3553	143
3578	143
3689	143
3985	143
4071	143
4075	143
4299	143
4322	143
4520	143
4534	143
4577	143
1378	144
1566	144
1387	145
1443	145
1493	145
1400	146
1442	147
1444	148
1463	148
1567	148
1462	149
1572	149
1612	149
1692	149
2769	149
2774	149
3995	149
1468	150
1498	151
1509	152
1685	152
2009	152
2057	152
2116	152
2121	152
2182	152
2188	152
2204	152
2205	152
2325	152
2327	152
2330	152
2381	152
2386	152
2387	152
2720	152
2733	152
3868	152
4232	152
4292	152
4894	152
4901	152
4902	152
1526	153
1640	153
1669	153
2278	153
1543	154
1544	155
5791	155
5928	155
5937	155
5982	155
1548	156
1550	157
1622	157
1625	157
1678	157
3142	157
3183	157
1556	158
2380	158
2421	158
2430	158
2464	158
1577	159
1586	160
1597	161
1695	161
1713	161
1599	162
1614	162
1691	162
1710	162
1730	162
1825	162
1900	162
2227	162
2269	162
2290	162
2434	162
3100	162
3582	162
3592	162
3804	162
1601	163
3839	163
3848	163
3852	163
1619	164
1628	164
2621	164
2622	164
2653	164
2701	164
2719	164
2721	164
2728	164
2739	164
3202	164
3212	164
3627	164
3628	164
1620	165
1624	165
1627	165
1868	165
1632	166
1712	166
1733	166
1734	166
2602	166
2704	166
2724	166
2736	166
2751	166
3134	166
3272	166
3288	166
4495	166
4586	166
4595	166
5407	166
1635	167
2662	167
3294	167
1652	168
1653	169
3229	169
1655	170
1996	170
2030	170
2127	170
2508	170
2573	170
2605	170
3881	170
3900	170
4295	170
4643	170
1660	171
2014	171
1667	172
1677	172
1693	172
1706	172
1708	172
2256	172
2271	172
1701	173
1760	173
1881	173
1702	174
1703	175
1704	176
1705	176
1874	176
1715	177
1766	177
1789	177
1803	177
1899	177
1717	178
1765	178
1829	178
1948	178
2071	178
3197	178
3438	178
1727	179
1893	179
1949	179
1955	179
1984	179
2276	179
2341	179
2349	179
2355	179
2368	179
2369	179
2403	179
2445	179
2447	179
2489	179
2502	179
2756	179
2762	179
2874	179
2916	179
2959	179
3064	179
4024	179
4261	179
1735	180
1737	181
1757	181
1779	181
1751	182
1767	183
1783	184
1813	185
1816	185
1854	185
2633	185
1814	186
4193	186
1839	187
1860	187
2038	187
2482	187
3243	187
3245	187
3637	187
3798	187
3810	187
3860	187
1861	188
1910	189
1911	189
1913	189
1914	189
1957	189
2786	189
2789	189
3196	189
6484	189
6486	189
1926	190
1958	191
2021	191
2023	191
2459	191
1973	192
1998	192
2035	192
2073	192
2417	192
2519	192
2546	192
2834	192
2856	192
2912	192
2915	192
2985	192
3011	192
3072	192
3175	192
1983	193
2632	193
2659	193
2661	193
2665	193
2863	193
2867	193
3138	193
4017	193
4018	193
4019	193
4020	193
4081	193
4082	193
5036	193
1986	194
2040	195
4026	195
2041	196
2117	196
3970	196
2052	197
2059	198
2061	199
2077	200
2922	200
2981	200
2078	201
2081	201
2085	201
2503	201
2859	201
3233	201
3246	201
2118	202
2123	202
2139	203
2144	203
2152	203
2157	203
2143	204
2171	204
2348	204
2158	205
2161	205
2166	205
2221	205
2224	205
2253	205
2286	205
2287	205
2338	205
2352	205
2406	205
2469	205
2474	205
2523	205
3131	205
3166	205
3942	205
2211	206
3566	206
4378	206
2212	207
2225	207
2689	207
2696	207
2214	208
2328	208
3322	208
2237	209
2242	210
3951	210
3955	210
3956	210
3975	210
2347	211
2706	211
2849	211
2885	211
2899	211
3199	211
3222	211
3505	211
3541	211
3549	211
3552	211
3558	211
3561	211
3562	211
3586	211
3787	211
3971	211
2350	212
3499	212
3514	212
3533	212
3548	212
2351	213
2354	213
2360	213
2373	214
3002	214
3695	214
2374	215
2385	215
2415	215
2429	215
2443	215
2460	215
2577	215
2606	215
2613	215
2623	215
2629	215
2638	215
2646	215
2676	215
2703	215
2723	215
2775	215
2970	215
2974	215
3063	215
3195	215
3238	215
3252	215
3263	215
3281	215
3318	215
3320	215
3466	215
3467	215
3481	215
3597	215
3634	215
3663	215
3863	215
4010	215
4044	215
4050	215
4051	215
4100	215
4130	215
4213	215
4219	215
4741	215
5033	215
5092	215
5129	215
5164	215
5855	215
5898	215
2422	216
3969	216
2425	217
2456	217
2457	218
2465	219
2500	219
2505	219
2507	219
2476	220
2481	221
2484	221
2486	221
2487	221
2496	221
2488	222
2497	222
2499	222
2547	222
3078	222
2504	223
2512	224
2521	225
2536	225
2533	226
3595	226
3599	226
3601	226
5296	226
5350	226
2552	227
3071	227
3113	227
3224	227
3225	227
3239	227
3273	227
3372	227
3506	227
3532	227
3610	227
3625	227
3631	227
3775	227
3793	227
4351	227
4356	227
4375	227
4515	227
4523	227
4531	227
4697	227
4710	227
4714	227
4722	227
4825	227
4836	227
4837	227
4965	227
5159	227
5619	227
2555	228
2616	228
2674	228
3181	228
2571	229
2572	229
2617	229
2620	229
2682	229
2588	230
2595	230
2596	230
2597	230
2631	230
2864	230
4476	230
2612	231
2679	231
2628	232
3227	232
2655	233
2672	233
2788	233
2819	233
2690	234
2698	235
2711	236
2714	237
2718	238
3768	238
3996	238
3999	238
4224	238
2748	239
4304	239
4317	239
4336	239
4380	239
2754	240
2917	240
3279	240
3326	240
3331	240
3940	240
4049	240
4634	240
4807	240
4816	240
2758	241
2759	241
2761	242
4043	242
4235	242
4242	242
4247	242
4355	242
4390	242
4536	242
4731	242
4747	242
4780	242
4896	242
5246	242
5247	242
5424	242
2771	243
3258	243
2781	244
2851	244
2893	244
2896	244
2924	244
3537	244
3572	244
3821	244
2792	245
2795	246
2797	247
2805	247
2801	248
2803	248
2810	249
2921	249
2994	249
4469	249
4484	249
4530	249
2836	250
2879	250
2941	250
2955	250
3006	250
3028	250
3096	250
2844	251
2862	251
2845	252
2945	252
3023	252
2846	253
2853	253
2848	254
2918	254
2860	255
2943	255
2869	256
2870	256
2887	257
2902	257
2910	258
2923	259
2930	260
3639	260
2932	261
3640	261
3642	261
2933	262
2939	262
2972	262
4125	262
2936	263
2979	263
3914	263
3973	263
2937	264
2978	264
3009	264
2938	265
3341	265
2940	266
2942	267
2957	267
4127	267
4132	267
2960	268
3255	268
3270	268
3738	268
4150	268
4152	268
2971	269
2989	269
3017	269
3047	269
3092	269
3115	269
3355	269
3373	269
3388	269
3604	269
3623	269
3633	269
3677	269
4277	269
5046	269
3000	270
3021	270
3025	270
3171	270
3339	270
3008	271
3015	271
3012	272
3020	273
3050	273
4387	273
4716	273
4974	273
4978	273
5035	273
5038	273
5139	273
6427	273
3022	274
3069	274
3032	275
3033	276
3038	276
3040	277
3571	277
3042	278
3044	279
3087	279
3112	279
3147	279
3191	279
3226	279
3235	279
3256	279
3362	279
4444	279
3059	280
3062	280
3065	280
3070	280
3082	280
4047	280
4370	280
4377	280
4422	280
4439	280
4452	280
4563	280
4904	280
5062	280
5117	280
5143	280
3066	281
3184	281
3083	282
3117	282
3123	282
3143	282
3193	282
3865	282
4182	282
4539	282
4567	282
4580	282
4585	282
4850	282
5356	282
5883	282
3093	283
3136	283
3151	283
3153	283
3173	283
4093	283
4099	283
4105	283
4158	283
4160	283
4176	283
4212	283
4222	283
4262	283
4263	283
3099	284
3105	284
3176	284
3187	284
3378	284
3395	284
3404	284
3694	284
4429	284
3109	285
4197	285
3111	286
3129	286
4153	286
4154	286
4173	286
4174	286
4362	286
3122	287
3419	287
3420	287
3128	288
3135	289
3146	290
3215	290
3465	290
3508	290
3609	290
3692	290
3828	290
4119	290
4288	290
4376	290
3156	291
3178	291
3159	292
3160	292
3169	292
3174	292
3576	292
3170	293
3172	293
3177	294
5365	294
3180	295
3190	295
3219	295
3182	296
3931	296
3185	297
3189	298
3846	298
3857	298
3200	299
3525	299
3203	300
3207	301
3251	301
3323	301
4120	301
3208	302
3349	302
3236	303
3247	304
3271	304
3722	304
3264	305
3265	305
3277	306
3283	307
4544	307
4566	307
3304	308
3309	309
3310	309
3324	309
3321	310
3353	310
3356	310
3357	310
3358	310
3381	310
3386	310
3387	310
3338	311
3346	311
3375	311
3434	311
3345	312
3485	312
3802	312
3808	312
3844	312
3879	312
3895	312
4268	312
4848	312
4984	312
3347	313
3359	313
3361	313
3441	313
3371	314
3382	315
3408	315
3424	315
3435	315
3436	315
3437	315
3439	315
3489	315
3570	315
3707	315
3759	315
3785	315
3819	315
4001	315
4124	315
4445	315
4503	315
4777	315
4781	315
4935	315
5268	315
5532	315
5584	315
5935	315
6371	315
3385	316
3406	317
3411	317
3417	318
5363	318
3431	319
3690	319
3814	319
3911	319
3944	319
3444	320
3452	320
4644	320
3447	321
3450	322
3451	322
3500	322
3453	323
3683	323
3736	323
3905	323
3986	323
3987	323
3988	323
3456	324
3469	325
3471	325
3496	326
3504	327
3507	327
3517	328
4529	328
5170	328
5196	328
3534	329
4048	329
4085	329
4088	329
4090	329
4204	329
4208	329
4234	329
3544	330
3575	331
3612	331
3654	331
3729	331
3795	331
4041	331
3581	332
3688	332
3957	332
3964	332
4745	332
4768	332
3583	333
3585	334
3594	334
3644	334
3588	335
3591	335
5362	335
3589	336
3593	336
3598	336
3629	336
3600	337
3603	337
3749	337
3607	338
4052	338
4053	338
4066	338
4287	338
4374	338
4817	338
3608	339
3687	339
3912	339
4069	339
3632	340
3643	340
3745	340
4569	340
3647	341
3650	342
3651	342
3652	342
3659	342
3664	342
3667	342
3681	342
3685	342
3693	342
3699	342
3739	342
3653	343
3655	343
3657	343
3670	343
3719	343
3660	344
3715	344
3717	344
3662	345
3665	345
3672	345
3675	346
4547	346
5359	346
3679	347
3680	348
3700	349
4826	349
3701	350
3711	350
3731	350
4535	350
3706	351
3870	351
3882	351
3713	352
3714	352
3725	353
3734	354
3789	354
3740	355
3799	355
3744	356
3754	356
3776	356
3782	356
3824	356
3833	356
4003	356
3751	357
3752	358
3760	358
3761	358
3756	359
3758	360
4746	360
3764	361
3767	362
3842	362
3948	362
5100	362
3769	363
3884	363
3885	363
3934	363
4642	363
4891	363
3772	364
4545	364
4550	364
3774	365
3777	365
3783	365
4265	365
4266	365
4298	365
4305	365
4338	365
4345	365
4350	365
4354	365
3790	366
3903	366
5549	366
5556	366
5635	366
6362	366
6391	366
6396	366
6558	366
6784	366
3801	367
3812	368
3813	369
3834	369
3820	370
3822	371
4794	371
3826	372
3837	373
3856	373
3838	374
3853	375
3855	375
3858	375
3910	375
3867	376
3869	377
3886	377
3941	377
3872	378
3883	378
3890	378
3892	378
3899	378
3920	378
3938	378
3953	378
3873	379
3874	380
3876	380
3963	380
4763	380
3875	381
3888	382
3919	382
4023	382
4033	382
3893	383
3894	383
3898	383
3908	384
3909	385
3913	385
3916	386
3921	386
5360	386
3918	387
3927	387
3947	387
3965	387
3972	387
4005	387
4006	387
4013	387
4058	387
4079	387
4094	387
4123	387
4200	387
4225	387
4226	387
4227	387
4228	387
4230	387
4233	387
4251	387
4272	387
4274	387
3923	388
3928	389
3935	390
3950	391
3952	392
3981	393
3990	394
4002	394
4118	394
4189	394
4209	394
4221	394
3998	395
4007	396
4016	396
4025	397
4040	397
4141	397
4178	397
4045	398
4080	398
4083	398
4092	398
4101	398
4046	399
4056	400
4269	400
4290	400
4301	400
4323	400
4371	400
4388	400
4062	401
4072	401
4084	402
4087	402
4089	402
5323	402
4091	403
4131	403
4102	404
4151	404
4161	404
4175	404
4391	404
4395	404
4458	404
4574	404
4579	404
4587	404
4591	404
5217	404
4112	405
4115	406
4133	406
4116	407
4126	407
4121	408
4128	408
4144	409
4177	409
4147	410
4172	410
4258	410
4260	410
4315	410
4416	410
4813	410
4840	410
4866	410
5251	410
5258	410
5377	410
5394	410
5740	410
5746	410
4155	411
4157	412
4166	412
4169	412
4170	413
4179	413
4183	413
4184	414
4328	414
4187	415
4188	416
4190	416
4237	416
4240	416
4293	416
4361	416
4191	417
4206	417
4211	417
4218	417
4283	417
4192	418
4249	418
4194	419
4196	419
4198	420
4205	421
4276	421
4207	422
4257	422
4309	422
4540	422
4214	423
4360	423
4220	424
4319	424
4231	425
4241	426
4243	426
4253	427
4254	427
4256	427
4357	427
4358	427
4359	427
4366	427
4372	427
4259	428
4267	429
4271	429
4313	429
4279	430
4349	430
4384	430
4426	430
4455	430
4466	430
4735	430
4750	430
4289	431
4294	432
4296	432
4302	433
4303	434
4335	434
4343	434
4310	435
4311	435
4312	435
4318	435
4427	435
4428	435
4316	436
4389	436
4324	437
4330	438
4532	438
4608	438
5846	438
4347	439
4383	439
4406	439
4500	439
4526	439
4744	439
5178	439
5181	439
5445	439
5522	439
4353	440
4618	440
4363	441
4379	442
4381	443
4382	443
4386	443
4396	443
4399	443
4420	443
4472	443
4474	443
4385	444
4425	444
4392	445
4400	446
4402	446
4405	446
4403	447
4408	447
4409	447
4412	448
4451	448
4424	449
4434	450
4468	450
4436	451
4467	451
4459	452
4479	452
4481	452
4482	452
4462	453
4537	453
4589	453
4649	453
4786	453
4790	453
4791	453
4465	454
4471	454
4487	454
4492	454
4489	455
4496	455
4512	455
4516	455
4517	455
4518	455
4522	455
4553	455
4555	455
4556	455
4560	455
4561	455
4565	455
4611	455
4624	455
4665	455
4671	455
4683	455
4691	455
4702	455
4869	455
4874	455
4887	455
4888	455
4890	455
4981	455
4991	455
5048	455
5052	455
5147	455
5148	455
5150	455
5169	455
5179	455
5185	455
5200	455
5201	455
5204	455
5239	455
4490	456
4494	456
4645	456
4502	457
4506	458
4656	458
4664	458
4681	458
4724	458
5773	458
4508	459
4621	459
4622	459
4672	459
4775	459
4801	459
4513	460
4514	461
4572	461
4527	462
4528	462
4541	463
4552	463
4655	463
4661	463
4551	464
4554	465
4557	465
4598	465
4629	465
4640	465
4667	465
4994	465
5243	465
5245	465
5282	465
5300	465
4562	466
5039	466
4571	467
4581	467
4606	467
4844	467
4575	468
4576	469
4588	469
4592	470
4594	470
4613	470
4738	470
4596	471
4601	471
4614	471
4652	471
4660	471
4698	471
4705	471
4599	472
4654	472
4709	472
4810	472
5357	472
5767	472
5771	472
5805	472
5822	472
5827	472
4600	473
4604	474
4615	474
4605	475
4616	475
4617	475
5851	475
4612	476
4619	477
4620	477
4627	477
4628	477
4636	477
4638	477
4658	477
4663	477
4713	477
4878	477
4880	477
4623	478
4675	478
4814	478
4635	479
4637	480
4787	480
4792	480
4802	480
4804	480
4806	480
4669	481
5231	481
4670	482
4694	482
4707	482
4862	482
4673	483
4706	483
4732	483
4739	483
4784	483
5034	483
5040	483
5266	483
4682	484
4796	484
4685	485
4687	486
4708	487
4785	487
4863	487
4864	487
4721	488
4812	488
4818	488
4822	488
4823	488
4828	488
4830	488
4725	489
4726	489
4737	490
4740	491
4753	491
4749	492
4752	492
4762	492
4764	492
4782	492
4851	492
4867	492
4875	492
4882	492
4946	492
4952	492
4966	492
5023	492
5058	492
5074	492
5076	492
5077	492
5173	492
5183	492
5194	492
5318	492
5321	492
5371	492
5373	492
5387	492
5402	492
6291	492
4751	493
4773	493
4838	493
4754	494
4756	495
4758	495
4759	495
4760	495
4761	495
4765	495
4766	496
4770	497
4776	497
4774	498
4788	499
4789	499
4795	500
4797	501
4808	501
4800	502
4811	503
4819	504
4839	504
4849	504
4941	504
4955	504
4964	504
5128	504
5557	504
5828	504
4820	505
4827	506
4843	507
5419	507
5422	507
4852	508
4853	509
4938	509
5030	509
5031	509
5234	509
4858	510
4885	510
4931	510
4860	511
4871	511
4895	511
4929	511
4933	511
4960	511
5355	511
4865	512
5211	512
4872	513
4873	513
4936	513
4877	514
4881	515
4892	516
4898	517
4900	518
4903	519
4926	519
4977	519
4996	519
5004	519
5009	519
5016	519
5021	519
5026	519
5263	519
5379	519
4905	520
4930	520
4940	520
4906	521
4912	521
4913	521
4914	521
4918	521
4907	522
4910	523
4927	523
4915	524
4939	524
4916	525
4919	526
4921	526
4922	526
4947	526
4949	526
4924	527
4925	528
4934	529
4937	530
4944	530
4993	530
5010	530
4942	531
4969	531
5135	531
5156	531
5158	531
4943	532
4945	533
4968	533
4985	533
5019	533
5054	533
5188	533
4950	534
4951	534
4953	534
4954	535
4956	535
4957	535
4959	535
4961	536
4979	536
5020	536
5272	536
4962	537
4963	538
4970	538
4971	539
4983	539
4972	540
4975	540
5013	540
5114	540
5186	540
5252	540
5264	540
5290	540
4973	541
5007	541
4976	542
5304	542
5305	542
5393	542
5429	542
4986	543
5301	543
4998	544
5015	544
5017	544
5028	544
5032	544
5051	544
5259	544
5261	544
5267	544
5307	544
5471	544
5485	544
5499	544
5626	544
5814	544
6001	544
6188	544
6348	544
4999	545
5000	545
5018	545
5037	545
5042	545
5043	545
5049	545
5001	546
5002	546
5003	546
5005	546
5006	546
5057	546
5059	546
5078	546
5081	546
5086	546
5097	546
5099	546
5109	546
5151	546
5269	546
5313	546
5324	546
5375	546
5024	547
5027	547
5025	548
5041	548
5045	548
5047	548
5050	548
5055	548
5089	548
5103	548
5116	548
5118	548
5121	548
5353	548
5029	549
5044	550
5140	550
5352	550
5053	551
5094	551
5095	551
5642	551
5653	551
5688	551
6654	551
6739	551
6740	551
6744	551
6753	551
6763	551
6781	551
6789	551
6800	551
6806	551
6809	551
6812	551
6814	551
6821	551
6822	551
5056	552
5065	552
5060	553
5061	553
5071	553
5072	553
5083	553
5085	553
5120	553
5125	553
5146	553
5063	554
5064	555
5067	555
5068	555
5069	555
5070	555
5073	555
5075	555
5079	555
5080	555
5082	555
5084	555
5087	555
5088	555
5090	555
5091	555
5093	555
5096	555
5098	555
5101	555
5102	555
5106	555
5107	555
5108	555
5110	555
5112	555
5113	555
5119	555
5167	555
5328	555
5329	555
5752	555
5104	556
5105	557
5221	557
5800	557
5815	557
5111	558
5115	558
5122	559
5124	559
5126	560
5130	561
5133	561
5132	562
5136	562
5141	562
5142	562
5197	562
5233	562
5134	563
5137	564
5208	564
5138	565
5144	566
5152	566
5168	566
5195	566
5214	566
5223	566
5236	566
5238	566
5250	566
5145	567
5154	567
5165	567
5149	568
5155	568
5157	569
5182	569
5209	569
5166	570
5191	570
5192	570
5171	571
5172	571
5174	571
5175	571
5176	571
5177	571
5180	572
5187	573
5190	573
5193	573
5207	573
5225	573
5274	573
5199	574
5205	574
5212	574
5213	574
5248	574
5254	574
5203	575
5303	575
5215	576
5222	576
5228	576
5229	576
5230	576
5232	576
5235	577
5255	578
5260	579
5262	579
5270	579
5275	580
5286	580
5297	580
5276	581
5278	581
5279	581
5281	581
5309	581
5312	581
5317	581
5330	581
5344	581
5280	582
5288	583
5289	583
5291	584
5319	584
5320	584
5322	584
5302	585
5325	585
5311	586
5315	586
5316	586
5314	587
5326	587
5327	587
5332	588
5333	588
5337	588
5341	588
5348	588
5376	588
5383	588
5392	588
5399	588
5545	588
5623	588
5735	588
5335	589
5336	589
5338	589
5339	590
5340	590
5347	590
5435	590
5342	591
5401	591
5343	592
5345	593
5346	594
5378	594
5349	595
5354	595
5361	595
5374	595
5386	595
5467	595
5501	595
5508	595
5511	595
5512	595
5516	595
5523	595
5524	595
5525	595
5536	595
5546	595
5566	595
5581	595
5587	595
5593	595
5595	595
5596	595
5610	595
5611	595
5612	595
5615	595
5616	595
5622	595
5624	595
5627	595
5629	595
5630	595
5633	595
5634	595
5648	595
5650	595
5656	595
5657	595
5659	595
5661	595
5665	595
5669	595
5670	595
5675	595
5676	595
5677	595
5681	595
5689	595
5690	595
5691	595
5699	595
5702	595
5704	595
5711	595
5712	595
5715	595
5730	595
5732	595
5741	595
5780	595
5864	595
5948	595
6497	595
5372	596
5380	596
5388	596
5391	596
5414	596
5425	596
5428	596
5433	596
5434	596
5447	596
5509	596
5565	596
5580	596
5586	596
5588	596
5589	596
5664	596
5683	596
5684	596
5772	596
5774	596
5775	596
5776	596
5783	596
5381	597
5427	597
5468	597
5625	597
5649	597
5662	597
5723	597
5743	597
5755	597
5768	597
5794	597
5817	597
5920	597
5922	597
5931	597
5969	597
5986	597
5382	598
5384	598
5395	598
5397	598
5431	598
5599	598
5603	598
5385	599
5421	599
5430	599
5476	599
5488	599
5490	599
5728	599
5749	599
5389	600
5390	600
5409	600
5441	600
5443	600
5457	600
5632	600
5638	600
5663	600
5705	600
5396	601
5415	601
5420	601
5423	601
5440	601
5446	601
5449	601
5459	601
5461	601
5498	601
5515	601
5527	601
5538	601
5539	601
5544	601
5547	601
5548	601
5550	601
5551	601
5552	601
5553	601
5573	601
5400	602
5403	602
5405	602
5406	602
5408	602
5410	602
5411	602
5412	602
5413	602
5418	602
5426	602
5448	602
5454	602
5455	602
5466	602
5472	602
5473	602
5474	602
5484	602
5486	602
5493	602
5496	602
5507	602
5528	602
5531	602
5535	602
5568	602
5572	602
5604	602
5606	602
5667	602
5668	602
5685	602
5700	602
5703	602
5710	602
5716	602
5748	602
5404	603
5432	604
5436	604
5481	604
5437	605
5438	605
5442	605
5439	606
5444	606
5453	606
5460	606
5463	606
5517	606
5533	606
5554	606
5592	606
5641	606
5450	607
5451	608
5452	609
5462	609
5464	610
5465	611
5480	611
5482	611
5469	612
5477	612
5478	612
5521	612
5479	613
5483	613
5487	614
5491	614
5492	614
5497	614
5698	614
5744	614
5489	615
5494	616
5495	616
5505	616
5500	617
5502	617
5504	618
5526	618
5510	619
5601	619
5618	619
5721	619
5781	619
5786	619
5799	619
5884	619
5887	619
5891	619
5893	619
5954	619
6106	619
5513	620
5514	621
5518	622
5519	623
5534	623
5537	623
6288	623
6289	623
6290	623
6295	623
5520	624
5529	625
5530	626
5607	626
5540	627
5542	627
5555	627
5541	628
5543	629
5558	630
5559	631
5563	631
5571	631
5576	631
5560	632
5561	632
5577	632
5707	632
5562	633
5613	633
5564	634
5570	634
5585	634
5567	635
5569	635
5574	636
5742	636
5575	637
5579	637
5582	637
5756	637
5578	638
5591	638
5671	638
5672	638
5687	638
5583	639
5597	639
5602	639
5609	639
5734	639
5747	639
5782	639
5784	639
5819	639
5833	639
5852	639
5856	639
5859	639
5876	639
5930	639
5932	639
5952	639
5590	640
5594	640
5894	640
5914	640
5598	641
5600	641
5621	641
5628	641
5843	641
5608	642
5709	642
5713	642
5614	643
5617	643
5620	644
5631	645
5636	645
5637	645
5640	645
5639	646
5706	646
5643	647
5644	647
5646	648
5769	648
5777	648
5778	648
6109	648
6173	648
6179	648
5651	649
5655	650
5708	650
5718	650
5745	650
5658	651
5858	651
5873	651
5882	651
5666	652
5673	653
5674	654
5678	655
5679	656
5682	656
5692	656
5733	656
5809	656
5842	656
5680	657
5759	657
5766	657
6373	657
6390	657
6395	657
5696	658
5701	659
5714	660
5717	660
5719	660
5720	660
5722	660
5725	661
5797	661
5812	661
5726	662
5729	663
5850	663
5750	664
5751	665
5753	666
5758	666
6530	666
5754	667
5757	667
5813	667
5761	668
5762	668
5763	668
5764	669
5765	669
5789	669
5795	669
5779	670
5787	670
5785	671
5788	672
5790	672
5792	673
5793	674
5796	675
5798	676
5811	676
5826	676
5838	676
5841	676
6191	676
5801	677
5906	677
6226	677
5803	678
5804	678
5807	678
5806	679
5823	679
5808	680
5824	680
5810	681
5820	681
5816	682
5834	682
5821	683
5845	683
6013	683
5825	684
5829	685
5832	685
5839	685
5840	685
5879	685
5880	685
5892	685
5830	686
5831	686
5835	687
5836	687
5837	687
5929	687
5844	688
5848	688
5849	688
5847	689
6421	689
6955	689
6957	689
6958	689
6959	689
6960	689
7033	689
5853	690
5854	691
6193	691
6241	691
6470	691
6595	691
5857	692
5860	693
5862	693
5866	694
5867	695
5871	696
5872	696
5874	696
5875	696
5877	697
5904	697
5925	697
5939	697
5940	697
5941	697
5942	697
5943	697
5944	697
5946	697
5881	698
5889	699
5890	699
5895	700
5897	700
5909	700
5911	700
6225	700
6328	700
6360	700
5896	701
5899	702
5901	702
5908	702
5912	702
5918	702
5900	703
5927	703
5905	704
5907	704
5910	704
5913	705
5916	706
5919	707
5974	707
6101	707
6102	707
5921	708
6070	708
6073	708
6095	708
5924	709
6304	709
5926	710
5967	710
5933	711
5947	711
5964	711
5945	712
5949	713
5950	713
5953	713
6378	713
5951	714
6216	714
6228	714
6261	714
6281	714
6282	714
5955	715
5957	715
5958	715
5960	715
5961	715
5962	715
5963	715
5965	715
5966	715
5970	715
5972	715
5973	715
5976	715
5977	715
5978	715
5979	715
5980	715
5988	715
5997	715
5998	715
6006	715
6012	715
6014	715
6015	715
6016	715
6017	715
6025	715
6027	715
6034	715
6037	715
6041	715
6042	715
6043	715
6044	715
6048	715
6057	715
6059	715
6063	715
6065	715
6068	715
6069	715
6071	715
6074	715
6077	715
6078	715
6080	715
6088	715
6092	715
6098	715
6176	715
6177	715
6183	715
6185	715
6198	715
6204	715
6213	715
6244	715
6246	715
6255	715
6279	715
6286	715
6294	715
6306	715
6321	715
6383	715
6412	715
6519	715
6536	715
6537	715
6729	715
6734	715
6953	715
5956	716
5959	717
6008	717
5968	718
5975	718
5981	718
5985	718
6031	718
6038	718
6039	718
6066	718
5971	719
5993	719
6000	719
6114	719
6133	719
6138	719
6142	719
6151	719
6166	719
6169	719
5983	720
5984	720
6060	720
6064	720
6119	720
6375	720
5987	721
5989	721
5996	721
5990	722
5991	722
6003	722
6004	722
6007	722
6018	722
6021	722
6022	722
6026	722
6029	722
6055	722
6056	722
6072	722
5995	723
5999	723
6024	723
6005	724
6011	724
6033	724
6087	724
6089	724
6091	724
6093	724
6019	725
6020	726
6032	726
6058	726
6062	726
6030	727
6036	727
6053	727
6035	728
6040	729
6045	729
6094	729
6099	729
6100	729
6103	729
6107	729
6108	729
6112	729
6113	729
6046	730
6047	730
6079	730
6081	730
6381	730
6051	731
6075	731
6076	731
6082	731
6052	732
6054	733
6084	733
6086	733
6097	733
6104	733
6105	733
6116	733
6117	733
6122	733
6141	733
6061	734
6170	734
6190	734
6192	734
6202	734
6206	734
6208	734
6250	734
6251	734
6067	735
6083	735
6085	736
6120	736
6127	736
6129	736
6132	736
6134	736
6149	736
6172	736
6090	737
6096	738
6110	739
6111	739
6115	740
6121	740
6123	740
6118	741
6147	741
6152	741
6159	741
6124	742
6126	742
6128	742
6131	742
6148	742
6181	742
6125	743
6150	743
6189	743
6130	744
6146	744
6180	744
6187	744
6135	745
6137	745
6143	745
6156	745
6158	745
6167	745
6168	745
6171	745
6200	745
6207	745
6219	745
6223	745
6394	745
6136	746
6139	747
6144	747
6161	747
6162	747
6164	747
6247	747
6248	747
6287	747
6356	747
6368	747
6401	747
6410	747
6413	747
6445	747
6454	747
6457	747
6487	747
6544	747
6140	748
6372	748
6404	748
6145	749
6252	749
6153	750
6157	750
6160	751
6165	751
6186	751
6194	751
6197	751
6215	751
6235	751
6237	751
6267	751
6293	751
6555	751
6587	751
6602	751
6174	752
6175	752
6178	752
6184	752
6195	752
6196	752
6220	752
6222	752
6182	753
6240	753
6442	753
6199	754
6201	755
6203	755
6205	756
6209	757
6474	757
6480	757
6488	757
6210	758
6398	758
6407	758
6211	759
6218	759
6236	759
6575	759
6577	759
6212	760
6214	761
6217	762
6269	762
6271	762
6296	762
6405	762
6406	762
6437	762
6441	762
6494	762
6539	762
6572	762
6578	762
6642	762
6701	762
6718	762
6221	763
6224	763
6231	763
6232	763
6239	763
6243	763
6263	763
6265	763
6272	763
6280	763
6283	763
6292	763
6297	763
6301	763
6305	763
6227	764
6230	764
6242	764
6245	764
6254	764
6229	765
6233	766
6234	766
6249	766
6266	766
6299	766
6311	766
6313	766
6315	766
6319	766
6253	767
6257	767
6262	767
6264	767
6300	767
6256	768
6258	768
6260	768
6308	768
6314	768
6268	769
6270	769
6302	769
6303	769
6273	770
6275	770
6277	770
6278	771
6307	771
6312	771
6284	772
6285	772
6298	772
6316	773
6318	774
6320	775
6322	775
6324	775
6334	775
6345	775
6377	775
6325	776
6326	776
6336	776
6364	776
6365	776
6333	777
6335	778
6338	778
6340	778
6341	778
6342	778
6343	778
6346	778
6367	778
6369	778
6376	778
6414	778
6447	778
6455	778
6337	779
6344	779
6393	779
6459	779
6646	779
6339	780
6349	781
6350	781
6363	781
6400	781
6351	782
6352	782
6353	782
6436	782
6464	782
6562	782
6354	783
6355	783
6357	783
6359	783
6385	783
6388	783
6408	783
6440	783
6449	783
6452	783
6358	784
6431	784
6433	784
6450	784
6523	784
6361	785
6366	786
6374	787
6379	788
6382	788
6386	788
6392	788
6380	789
6384	790
6399	790
6472	790
6479	790
6501	790
6502	790
6516	790
6397	791
6402	792
6403	792
6409	793
6473	793
6411	794
6415	795
6423	795
6425	795
6432	795
6438	795
6439	795
6416	796
6418	796
6417	797
6465	797
6500	797
6419	798
6422	798
6510	798
6518	798
6420	799
6426	800
6428	800
6429	801
6529	801
6538	801
6547	801
6430	802
6461	802
6434	803
6463	803
6467	803
6482	803
6492	803
6496	803
6596	803
6611	803
6435	804
6443	805
6446	805
6448	805
6453	805
6491	805
6704	805
6705	805
6707	805
6711	805
6719	805
6720	805
6724	805
6725	805
6728	805
6732	805
6736	805
6741	805
6745	805
6746	805
6747	805
6748	805
6749	805
6750	805
6756	805
6762	805
6444	806
6451	806
6456	807
6458	807
6460	808
6625	808
6462	809
6468	809
6477	809
6466	810
6469	811
6471	812
6476	813
6499	813
6620	813
6478	814
6489	814
6571	814
6579	814
6483	815
6485	815
6554	815
6490	816
6493	817
6495	817
6498	817
6512	817
6513	817
6522	817
6503	818
6504	818
6505	818
6506	818
6507	818
6521	818
6564	818
6569	818
6582	818
6508	819
6511	819
6535	819
6509	820
6517	821
6543	821
6520	822
6532	822
6533	822
6534	822
6542	822
6524	823
6525	824
6526	824
6527	824
6528	824
6531	824
6549	824
6550	824
6551	824
6540	825
6541	826
6546	826
6548	826
6545	827
6552	827
6553	828
6557	828
6589	828
6591	828
6592	828
6593	828
6556	829
6559	830
6560	830
6561	831
6565	831
6567	831
6568	831
6570	831
6563	832
6566	833
6576	833
6573	834
6580	834
6584	834
6594	834
6600	834
6610	834
6574	835
6583	835
6586	835
6581	836
6585	837
6588	838
6590	839
6605	839
6612	839
6615	839
6629	839
6630	839
6670	839
6672	839
6673	839
6675	839
6677	839
6678	839
6688	839
6698	839
6722	839
6743	839
6786	839
6793	839
6803	839
6855	839
6856	839
6863	839
6871	839
6872	839
6873	839
6874	839
6879	839
6881	839
6890	839
6891	839
6893	839
6894	839
6895	839
6896	839
6901	839
6902	839
6903	839
6917	839
6919	839
7063	839
7081	839
7082	839
6598	840
6633	840
6599	841
6601	842
6622	842
6631	842
6644	842
6604	843
6606	844
6607	844
6608	844
6617	844
6618	844
6609	845
6613	845
6614	845
6616	845
6619	845
6621	845
6623	845
6628	845
6637	845
6639	845
6643	845
6653	845
6657	845
6658	845
6660	845
6671	845
6683	845
6684	845
6687	845
6689	845
6690	845
6692	845
6693	845
6697	845
6706	845
6708	845
6709	845
6721	845
6770	845
6788	845
6790	845
6795	845
6796	845
6799	845
6813	845
6834	845
6954	845
6973	845
6624	846
6626	846
6627	846
6632	846
6648	846
6650	846
6634	847
6635	847
6636	847
6638	847
6640	847
6647	847
6655	847
6656	847
6674	847
6676	847
6679	847
6760	847
7122	847
7123	847
7124	847
7133	847
7144	847
6641	848
6649	849
6651	850
6662	850
6665	850
6669	850
6652	851
6668	851
6659	852
6663	853
6667	853
6680	854
6681	854
6775	854
6777	854
6785	854
6949	854
6682	855
6716	855
6738	855
6685	856
6686	856
6691	856
6694	856
6695	856
6696	856
6699	856
6766	856
6700	857
6714	857
6715	857
6702	858
6703	859
6761	859
6779	859
6802	859
6810	859
6827	859
6712	860
6713	860
6717	860
6726	861
6751	861
6752	861
6759	861
6764	861
6774	861
6950	861
6727	862
6735	862
6730	863
6754	863
6758	863
7176	863
6733	864
6737	865
6816	865
6932	865
6742	866
6755	867
6765	868
6769	868
6780	868
6782	868
6787	868
6767	869
6768	869
6886	869
6887	869
6771	870
6772	870
6773	870
6792	870
6794	870
6776	871
6825	871
6783	872
6791	873
6797	873
6798	873
6801	873
6807	873
6808	873
6823	873
6824	873
6826	873
6828	873
6832	873
6851	873
6866	873
6897	873
6898	873
6899	873
6928	873
6956	873
6829	874
6833	874
6835	874
6836	874
6839	874
6840	874
6830	875
6831	875
6837	876
6838	876
6858	876
6951	876
6841	877
6842	878
6843	878
6844	878
6845	878
6846	878
6847	878
6848	878
6849	878
6850	878
6852	878
6853	878
6854	878
6918	878
6930	878
6931	878
6934	878
6937	878
6948	878
6966	878
6989	878
6999	878
7006	878
7013	878
7014	878
7015	878
7016	878
7017	878
7019	878
7020	878
7021	878
6857	879
6916	879
6862	880
6864	880
6865	880
6867	880
6869	880
6870	880
6875	880
6876	880
6882	880
6883	880
6885	880
6888	880
6889	880
6877	881
6878	881
6880	881
6884	881
6900	881
6904	881
6906	881
6914	881
6927	881
6947	881
7035	881
7052	881
7065	881
7136	881
7141	881
7156	881
6905	882
6911	882
6976	882
6988	882
6907	883
6908	883
6909	883
6912	883
6920	883
6921	883
6922	883
6923	883
6924	883
6926	883
6929	883
6933	883
6941	883
6943	883
6944	883
6963	883
6972	883
6974	883
6977	883
6978	883
6982	883
6983	883
6985	883
7000	883
7004	883
7008	883
7031	883
7039	883
7040	883
7048	883
7053	883
7060	883
7083	883
7084	883
7085	883
7087	883
7177	883
7183	883
6910	884
6913	885
6915	885
7103	885
6925	886
6936	886
6965	886
7041	886
7050	886
7055	886
7059	886
7061	886
7062	886
7064	886
7067	886
7068	886
7072	886
7073	886
7075	886
7076	886
7077	886
7078	886
7086	886
7109	886
7111	886
7112	886
7146	886
6935	887
6952	887
7032	887
6938	888
6939	889
6940	889
6942	889
6945	890
6946	890
6961	891
6962	892
6969	892
7034	892
7038	892
7042	892
7043	892
7045	892
7046	892
7047	892
7049	892
7051	892
7054	892
6964	893
7173	893
6967	894
6970	894
6968	895
6971	895
6975	896
6979	897
6980	897
6981	898
6984	899
6986	899
6987	900
7030	900
7036	900
7056	900
6990	901
6993	901
6998	901
7001	901
7002	901
7003	901
7005	901
7009	901
7012	901
7022	901
7025	901
7026	901
7057	901
7080	901
7091	901
7093	901
7094	901
7102	901
7104	901
6991	902
6994	902
6995	902
6996	902
7007	902
6992	903
7029	903
6997	904
7010	905
7011	905
7028	905
7018	906
7023	906
7024	906
7027	906
7071	906
7079	906
7110	906
7161	906
7037	907
7044	907
7058	908
7099	908
7100	908
7101	908
7066	909
7069	909
7070	909
7074	909
7088	910
7089	910
7090	910
7092	911
7098	911
7107	911
7147	911
7154	911
7157	911
7158	911
7159	911
7160	911
7162	911
7165	911
7095	912
7096	913
7097	914
7113	915
7114	915
7117	915
7118	915
7119	915
7120	915
7121	915
7129	915
7130	915
7145	915
7148	915
7150	915
7151	915
7152	915
7155	915
7115	916
7116	917
7125	918
7132	918
7126	919
7127	919
7128	920
7131	920
7134	920
7135	920
7142	920
7143	920
7149	920
7137	921
7138	921
7139	921
7140	921
7163	922
7164	922
7175	922
7166	923
7168	923
7170	923
7167	924
7188	924
7169	925
7171	925
7172	925
7174	926
7185	927
7189	927
7186	928
7187	928
7190	929
