4340	0.0
4678	0.0
4757	0.0
4822	0.0
6822	0.0
10023	0.0
10314	0.0
11461	0.0
12146	0.0
13868	0.0
15419	0.0
16209	0.0
17310	0.0
19129	0.0
20507	0.0
21231	0.0
21411	0.0
22797	0.0
22839	0.0
24156	0.0
24463	0.0
31008	0.0
31531	0.0
33776	0.0
37287	0.0
39031	0.0
44414	0.0
51578	0.0
58339	0.0
70330	0.0
71054	0.0
73739	0.0
93576	0.0
101512	0.0
101860	0.0
107962	0.0
111318	0.0
111337	0.0
113708	0.0
122452	0.0
124770	0.0
130644	0.0
131837	0.0
133456	0.0
135232	0.0
136395	0.0
140203	0.0
149132	0.0
149298	0.0
156427	0.0
158599	0.0
168432	0.0
175606	0.0
180245	0.0
181640	0.0
190487	0.0
201081	0.0
211111	0.0
215482	0.0
217874	0.0
218856	0.0
220667	0.0
224009	0.0
235889	0.0
236282	0.0
245594	0.0
253416	0.0
260147	0.0
268584	0.0
269027	0.0
269324	0.0
272391	0.0
273897	0.0
276884	0.0
285013	0.0
287954	0.0
288386	0.0
305950	0.0
311076	0.0
318256	0.0
319686	0.0
319785	0.0
323915	0.0
326229	0.0
334458	0.0
341210	0.0
345265	0.0
345895	0.0
353806	0.0
354211	0.0
359176	0.0
365651	0.0
367371	0.0
373552	0.0
389477	0.0
394664	0.0
398032	0.0
406444	0.0
411487	0.0
413072	0.0
418222	0.0
420826	0.0
425061	0.0
427146	0.0
432355	0.0
437036	0.0
441799	0.0
445335	0.0
445387	0.0
448079	0.0
449474	0.0
451620	0.0
452088	0.0
454507	0.0
459227	0.0
466395	0.0
468037	0.0
472183	0.0
472911	0.0
476419	0.0
480049	0.0
481504	0.0
483927	0.0
492590	0.0
493573	0.0
494138	0.0
496483	0.0
497116	0.0
504141	0.0
509670	0.0
509965	0.0
511613	0.0
518338	0.0
518545	0.0
521133	0.0
523710	0.0
525865	0.0
525910	0.0
530075	0.0
533390	0.0
533531	0.0
535458	0.0
544621	0.0
545783	0.0
548403	0.0
551928	0.0
554537	0.0
554585	0.0
557797	0.0
564764	0.0
565733	0.0
567791	0.0
570489	0.0
571485	0.0
577416	0.0
577426	0.0
581250	0.0
583153	0.0
585870	0.0
587867	0.0
590175	0.0
597390	0.0
599836	0.0
616397	0.0
618540	0.0
623247	0.0
629785	0.0
631105	0.0
646177	0.0
651593	0.0
652696	0.0
655017	0.0
672352	0.0
672473	0.0
673268	0.0
674073	0.0
676568	0.0
681042	0.0
689396	0.0
689763	0.0
691147	0.0
695734	0.0
700963	0.0
702528	0.0
702582	0.0
708162	0.0
709645	0.0
716811	0.0
723036	0.0
727454	0.0
730295	0.0
735667	0.0
736281	0.0
736680	0.0
736988	0.0
738009	0.0
738506	0.0
738991	0.0
740904	0.0
741393	0.0
743289	0.0
746252	0.0
748247	0.0
749575	0.0
750525	0.0
756531	0.0
758910	0.0
766654	0.0
767149	0.0
772874	0.0
773320	0.0
773785	0.0
774436	0.0
778732	0.0
782110	0.0
782913	0.0
793409	0.0
794674	0.0
795259	0.0
795615	0.0
795709	0.0
797897	0.0
798610	0.0
800303	0.0
802943	0.0
810685	0.0
813479	0.0
816058	0.0
818250	0.0
823747	0.0
829040	0.0
831656	0.0
834100	0.0
838420	0.0
841516	0.0
842177	0.0
847343	0.0
847489	0.0
853278	0.0
855264	0.0
857237	0.0
863900	0.0
863933	0.0
870578	0.0
873977	0.0
876347	0.0
882516	0.0
883096	0.0
889024	0.0
895608	0.0
896213	0.0
902638	0.0
903221	0.0
904094	0.0
904335	0.0
905614	0.0
908089	0.0
912525	0.0
915736	0.0
916158	0.0
919106	0.0
920214	0.0
923969	0.0
931303	0.0
935373	0.0
936578	0.0
939679	0.0
939897	0.0
941066	0.0
944968	0.0
946792	0.0
948217	0.0
950799	0.0
956542	0.0
971728	0.0
972945	0.0
976229	0.0
979824	0.0
980708	0.0
982303	0.0
985150	0.0
985450	0.0
986942	0.0
987618	0.0
996104	0.0
997778	0.0
997926	0.0
998998	0.0
1001543	0.0
1006166	0.0
1008900	0.0
1009583	0.0
1015805	0.0
1016275	0.0
1021081	0.0
1021393	0.0
1025370	0.0
1028578	0.0
1028814	0.0
1029139	0.0
1030750	0.0
1035191	0.0
1035746	0.0
1040916	0.0
1041752	0.0
1042045	0.0
1044474	0.0
1046407	0.0
1048478	0.0
1049309	0.0
1050054	0.0
1051862	0.0
1054529	0.0
1055905	0.0
1057911	0.0
1058284	0.0
1058634	0.0
1065395	0.0
1073532	0.0
1074067	0.0
1079550	0.0
1081105	0.0
1082538	0.0
1084924	0.0
1086644	0.0
1088169	0.0
1094381	0.0
1095583	0.0
1097019	0.0
1101493	0.0
1102002	0.0
1112442	0.0
1114627	0.0
1115745	0.0
1116629	0.0
1118157	0.0
1123156	0.0
1125798	0.0
1127194	0.0
1129755	0.0
1137719	0.0
1145209	0.0
1146894	0.0
1147530	0.0
1152561	0.0
1152704	0.0
1153452	0.0
1156727	0.0
1157672	0.0
1158571	0.0
1163251	0.0
1168809	0.0
1170860	0.0
1173815	0.0
1174225	0.0
1178619	0.0
1184554	0.0
1186969	0.0
1190029	0.0
1194061	0.0
1194219	0.0
1195509	0.0
1198843	0.0
1204560	0.0
1208008	0.0
1209945	0.0
1213247	0.0
1213884	0.0
1214747	0.0
1218343	0.0
1218997	0.0
1223720	0.0
1228554	0.0
1228822	0.0
1231030	0.0
1235011	0.0
1236996	0.0
1238142	0.0
1238390	0.0
1242180	0.0
1245482	0.0
1245728	0.0
1246472	0.0
1249627	0.0
1250428	0.0
1252259	0.0
1254059	0.0
1254796	0.0
1255622	0.0
1258378	0.0
1261588	0.0
1264252	0.0
1264301	0.0
1266156	0.0
1268230	0.0
1268260	0.0
1268835	0.0
1272546	0.0
1273360	0.0
1273510	0.0
1273955	0.0
1276606	0.0
1276639	0.0
1280240	0.0
1281236	0.0
1282490	0.0
1289331	0.0
1294311	0.0
1300978	0.0
1301112	0.0
1301680	0.0
1302449	0.0
1302492	0.0
1303711	0.0
1304010	0.0
1304323	0.0
1320996	0.0
1321084	0.0
1322734	0.0
1324915	0.0
1327813	0.0
1332368	0.0
1333122	0.0
1337467	0.0
1340019	0.0
1341413	0.0
1343216	0.0
1343603	0.0
1345769	0.0
1350378	0.0
1351440	0.0
1351612	0.0
1351790	0.0
1351934	0.0
1353168	0.0
1353462	0.0
1359457	0.0
1359806	0.0
1363426	0.0
1366804	0.0
1369379	0.0
1370804	0.0
1373786	0.0
1375047	0.0
1376091	0.0
1377094	0.0
1380257	0.0
1380936	0.0
1385921	0.0
1387299	0.0
1390138	0.0
1391176	0.0
1392133	0.0
1392571	0.0
1393740	0.0
1394952	0.0
1397155	0.0
1400022	0.0
1403213	0.0
1403482	0.0
1405201	0.0
1406192	0.0
1409351	0.0
1415065	0.0
1418610	0.0
1420221	0.0
1421114	0.0
1424632	0.0
1426025	0.0
1426953	0.0
1427433	0.0
1427442	0.0
1429068	0.0
1430704	0.0
1433286	0.0
1434354	0.0
1435918	0.0
1438341	0.0
1438466	0.0
1439956	0.0
1440865	0.0
1441657	0.0
1446380	0.0
1451221	0.0
1456108	0.0
1457263	0.0
1457524	0.0
1458001	0.0
1462512	0.0
1471700	0.0
1472558	0.0
1483221	0.0
1483487	0.0
1484313	0.0
1486588	0.0
1490263	0.0
1492555	0.0
1493443	0.0
1493469	0.0
1498975	0.0
1500698	0.0
1505880	0.0
1507832	0.0
1511368	0.0
1512381	0.0
1513061	0.0
1513843	0.0
1514261	0.0
1515696	0.0
1517723	0.0
1518078	0.0
1518351	0.0
1519716	0.0
1520126	0.0
1522548	0.0
1522654	0.0
1522940	0.0
1523439	0.0
1524701	0.0
1525485	0.0
1525810	0.0
1526655	0.0
1531907	0.0
1532391	0.0
1534280	0.0
1535258	0.0
1539943	0.0
1545052	0.0
1545724	0.0
1546081	0.0
1553611	0.0
1555309	0.0
1558835	0.0
1558858	0.0
1560917	0.0
1561081	0.0
1561890	0.0
1563738	0.0
1564898	0.0
1566039	0.0
1566755	0.0
1567642	0.0
1568708	0.0
1568802	0.0
1571146	0.0
1571447	0.0
1573411	0.0
1577914	0.0
1578252	0.0
1578599	0.0
1581673	0.0
1584367	0.0
1587140	0.0
1590803	0.0
1593736	0.0
1596572	0.0
1597310	0.0
1599443	0.0
1601706	0.0
1603918	0.0
1605230	0.0
1605646	0.0
1606234	0.0
1607056	0.0
1608895	0.0
1609427	0.0
1609593	0.0
1609685	0.0
1609842	0.0
1610203	0.0
1612645	0.0
1612812	0.0
1613026	0.0
1614215	0.0
1614582	0.0
1615120	0.0
1615244	0.0
1617805	0.0
1618141	0.0
1622659	0.0
1623190	0.0
1624268	0.0
1625916	0.0
1635638	0.0
1637882	0.0
1639351	0.0
1641767	0.0
1642379	0.0
1643785	0.0
1644376	0.0
1646655	0.0
1646828	0.0
1648333	0.0
1650412	0.0
1652721	0.0
1655758	0.0
1657867	0.0
1663158	0.0
1663365	0.0
1663394	0.0
1669615	0.0
1669743	0.0
1670419	0.0
1671910	0.0
1677542	0.0
1679573	0.0
1680417	0.0
1681252	0.0
1682206	0.0
1682654	0.0
1683701	0.0
1685798	0.0
1685880	0.0
1689626	0.0
1690782	0.0
1691821	0.0
1696094	0.0
1698553	0.0
1702499	0.0
1702767	0.0
1706002	0.0
1709994	0.0
1710992	0.0
1711257	0.0
1712486	0.0
1714669	0.0
1715051	0.0
1715805	0.0
1716775	0.0
1717616	0.0
1717667	0.0
1719203	0.0
1719732	0.0
1720871	0.0
1722563	0.0
1722895	0.0
1723371	0.0
1723887	0.0
1725483	0.0
1726019	0.0
1727224	0.0
1728570	0.0
1732272	0.0
1735731	0.0
1735832	0.0
1736387	0.0
1736402	0.0
1736736	0.0
1737127	0.0
1738449	0.0
1739290	0.0
1739611	0.0
1741868	0.0
1743126	0.0
1743825	0.0
1744837	0.0
1745110	0.0
1746324	0.0
1748518	0.0
1748868	0.0
1750831	0.0
1752969	0.0
1753021	0.0
1753151	0.0
1753847	0.0
1755639	0.0
1756939	0.0
1757081	0.0
1757191	0.0
1757788	0.0
1759428	0.0
1761530	0.0
1761739	0.0
1761809	0.0
1764250	0.0
1765724	0.0
1766062	0.0
1766134	0.0
1768870	0.0
1769029	0.0
1772695	0.0
1773515	0.0
1774844	0.0
1775341	0.0
1775728	0.0
1776023	0.0
1777755	0.0
1782417	0.0
1782991	0.0
1784815	0.0
1786195	0.0
1788458	0.0
1789123	0.0
1790583	0.0
1792187	0.0
1792560	0.0
1792647	0.0
1794225	0.0
1795622	0.0
1795725	0.0
1796626	0.0
1797357	0.0
1797910	0.0
1801947	0.0
1802667	0.0
1803838	0.0
1808135	0.0
1808655	0.0
1808727	0.0
1809886	0.0
1810275	0.0
1811201	0.0
1812635	0.0
1812941	0.0
1813216	0.0
1813564	0.0
1814556	0.0
1817008	0.0
1818997	0.0
1819881	0.0
1821485	0.0
1822315	0.0
1822518	0.0
1823282	0.0
1823706	0.0
1823770	0.0
1824946	0.0
1826048	0.0
1828347	0.0
1829958	0.0
1830065	0.0
1831933	0.0
1831979	0.0
1832397	0.0
1832413	0.0
1832708	0.0
1834335	0.0
1836312	0.0
1837463	0.0
1837469	0.0
1838243	0.0
1838708	0.0
1839511	0.0
1844754	0.0
1845027	0.0
1845372	0.0
1848729	0.0
1849055	0.0
1849380	0.0
1851004	0.0
1852877	0.0
1854119	0.0
1855204	0.0
1857858	0.0
1858959	0.0
1861641	0.0
1863442	0.0
1865862	0.0
1866644	0.0
1867616	0.0
1869829	0.0
1870526	0.0
1871081	0.0
1871764	0.0
1872796	0.0
1873418	0.0
1873430	0.0
1875858	0.0
1877331	0.0
1877841	0.0
1879057	0.0
1880586	0.0
1881721	0.0
1884494	0.0
1884594	0.0
1886557	0.0
1887060	0.0
1887312	0.0
1888262	0.0
1891781	0.0
1891959	0.0
1892794	0.0
1892976	0.0
1897438	0.0
1898644	0.0
1901731	0.0
1902962	0.0
1904050	0.0
1908767	0.0
1908826	0.0
1909265	0.0
1911693	0.0
1912592	0.0
1913040	0.0
1914022	0.0
1914619	0.0
1916584	0.0
1918244	0.0
1921031	0.0
1921555	0.0
1921633	0.0
1921839	0.0
1923052	0.0
1924400	0.0
1927976	0.0
1928174	0.0
1928394	0.0
1928854	0.0
1930938	0.0
1932205	0.0
1932381	0.0
1932422	0.0
1934282	0.0
1935063	0.0
1938931	0.0
1940802	0.0
1942564	0.0
1942807	0.0
1944532	0.0
1946742	0.0
1947768	0.0
1948605	0.0
1948890	0.0
1949067	0.0
1950444	0.0
1951069	0.0
1951207	0.0
1956455	0.0
1956646	0.0
1957313	0.0
1957800	0.0
1958949	0.0
1963484	0.0
1963504	0.0
1963666	0.0
1963876	0.0
1966195	0.0
1966348	0.0
1966717	0.0
1971637	0.0
1972443	0.0
1973611	0.0
1974779	0.0
1976217	0.0
1976483	0.0
1977505	0.0
1977871	0.0
1978731	0.0
1978931	0.0
1982135	0.0
1983384	0.0
1985693	0.0
1986055	0.0
1986291	0.0
1986434	0.0
1986955	0.0
1987134	0.0
1987331	0.0
1987511	0.0
1989433	0.0
1994626	0.0
1996170	0.0
1997309	0.0
1998286	0.0
1998553	0.0
2001128	0.0
2001962	0.0
2002158	0.0
2003449	0.0
2003936	0.0
2005168	0.0
2005718	0.0
2006817	0.0
2008007	0.0
2009042	0.0
2009319	0.0
2009470	0.0
2010312	0.0
2010913	0.0
2011051	0.0
2011160	0.0
2011194	0.0
2011334	0.0
2012161	0.0
2013265	0.0
2013911	0.0
2016269	0.0
2016996	0.0
2019019	0.0
2019724	0.0
2021056	0.0
2021819	0.0
2024834	0.0
2025209	0.0
2025668	0.0
2026547	0.0
2027678	0.0
2028072	0.0
2029053	0.0
2029157	0.0
2029272	0.0
2029486	0.0
2029806	0.0
2030293	0.0
2030526	0.0
2030956	0.0
2031013	0.0
2032767	0.0
2033865	0.0
2034635	0.0
2035464	0.0
2036126	0.0
2036303	0.0
2038175	0.0
2038322	0.0
2039213	0.0
2039959	0.0
2042137	0.0
2042238	0.0
2045597	0.0
2045783	0.0
2048394	0.0
2049082	0.0
2049324	0.0
2050199	0.0
2050359	0.0
2054994	0.0
2056181	0.0
2057180	0.0
2057734	0.0
2058715	0.0
2059006	0.0
2059825	0.0
2060281	0.0
2060860	0.0
2061241	0.0
2061563	0.0
2062042	0.0
2062694	0.0
2063709	0.0
2065380	0.0
2066318	0.0
2066577	0.0
2069256	0.0
2069778	0.0
2069845	0.0
2069863	0.0
2070414	0.0
2072278	0.0
2073874	0.0
2075020	0.0
2075116	0.0
2075993	0.0
2076995	0.0
2078164	0.0
2078301	0.0
2078860	0.0
2079112	0.0
2079344	0.0
2079854	0.0
2081072	0.0
2081077	0.0
2081182	0.0
2082205	0.0
2083176	0.0
2083607	0.0
2083718	0.0
2083903	0.0
2084604	0.0
2085388	0.0
2086258	0.0
2087791	0.0
2088050	0.0
2088351	0.0
2089229	0.0
2089668	0.0
2090844	0.0
2091006	0.0
2091373	0.0
2091827	0.0
2092649	0.0
2096153	0.0
2096249	0.0
2096610	0.0
2096944	0.0
2097673	0.0
2098804	0.0
2099535	0.0
2100191	0.0
2100329	0.0
2102207	0.0
2102495	0.0
2102812	0.0
2105503	0.0
2106478	0.0
2108865	0.0
2109731	0.0
2111970	0.0
2112360	0.0
2112825	0.0
2114675	0.0
2114950	0.0
2115925	0.0
2117427	0.0
2120314	0.0
2120729	0.0
2120927	0.0
2121840	0.0
2121907	0.0
2122330	0.0
2122532	0.0
2122892	0.0
2123926	0.0
2125054	0.0
2125111	0.0
2125197	0.0
2125427	0.0
2125511	0.0
2126132	0.0
2129146	0.0
2129844	0.0
2130846	0.0
2131755	0.0
2133993	0.0
2135513	0.0
2135940	0.0
2137188	0.0
2137241	0.0
2137540	0.0
2137941	0.0
2139930	0.0
2140144	0.0
2140325	0.0
2140854	0.0
2141037	0.0
2141904	0.0
2142317	0.0
2143589	0.0
2144603	0.0
2144751	0.0
2145897	0.0
2147360	0.0
2148941	0.0
2149900	0.0
2150757	0.0
2152712	0.0
2153172	0.0
2153711	0.0
2154294	0.0
2154408	0.0
2155986	0.0
2156012	0.0
2156617	0.0
2156776	0.0
2157156	0.0
2158094	0.0
2158243	0.0
2159763	0.0
2160317	0.0
2160521	0.0
2160668	0.0
2160717	0.0
2160905	0.0
2160964	0.0
2161093	0.0
2161674	0.0
2163584	0.0
2164133	0.0
2164501	0.0
2164503	0.0
2164903	0.0
2164907	0.0
2165460	0.0
2166106	0.0
2166118	0.0
2166636	0.0
2167103	0.0
2167317	0.0
2167460	0.0
2167644	0.0
2167963	0.0
2168492	0.0
2168522	0.0
2169273	0.0
2170160	0.0
2170558	0.0
2171070	0.0
2171305	0.0
2172732	0.0
2173032	0.0
2173187	0.0
2173324	0.0
2173562	0.0
2173932	0.0
2174385	0.0
2178034	0.0
2178226	0.0
2178658	0.0
2179543	0.0
2179689	0.0
2179737	0.0
2180266	0.0
2180283	0.0
2180363	0.0
2180466	0.0
2180616	0.0
2181421	0.0
2185686	0.0
2185716	0.0
2185737	0.0
2186660	0.0
2186916	0.0
2187329	0.0
2188699	0.0
2189208	0.0
2189549	0.0
2189918	0.0
2190465	0.0
2190594	0.0
2191008	0.0
2191028	0.0
2192243	0.0
2192526	0.0
2193055	0.0
2193271	0.0
2194450	0.0
2194640	0.0
2195761	0.0
2196237	0.0
2196360	0.0
2196633	0.0
2197117	0.0
2198585	0.0
2199052	0.0
2199495	0.0
2199989	0.0
2201265	0.0
2202219	0.0
2202325	0.0
2202383	0.0
2204429	0.0
2204722	0.0
2205052	0.0
2205133	0.0
2205342	0.0
2205602	0.0
2205749	0.0
2205997	0.0
2206558	0.0
2207320	0.0
2208904	0.0
2209054	0.0
2209713	0.0
2209883	0.0
2210014	0.0
2211406	0.0
2211412	0.0
2211555	0.0
2212914	0.0
2213126	0.0
2214052	0.0
2214139	0.0
2214228	0.0
2214572	0.0
2215686	0.0
2215975	0.0
2216305	0.0
2218726	0.0
2219332	0.0
2222144	0.0
2222210	0.0
2222370	0.0
2222947	0.0
2222965	0.0
2223553	0.0
2223656	0.0
2223794	0.0
2225043	0.0
2226942	0.0
2228186	0.0
2228536	0.0
2228955	0.0
2229786	0.0
2229930	0.0
2230052	0.0
2230491	0.0
2230883	0.0
2231240	0.0
2232292	0.0
2232573	0.0
2234455	0.0
2235437	0.0
2236025	0.0
2236119	0.0
2236321	0.0
2237115	0.0
2240727	0.0
2242356	0.0
2242542	0.0
2243225	0.0
2243494	0.0
2243799	0.0
2244633	0.0
2245881	0.0
2246147	0.0
2246903	0.0
2247890	0.0
2247892	0.0
2248399	0.0
2251851	0.0
2253038	0.0
2254179	0.0
2254234	0.0
2254546	0.0
2255693	0.0
2256443	0.0
2256693	0.0
2257196	0.0
2257345	0.0
2257444	0.0
2259218	0.0
2260231	0.0
2261482	0.0
2262504	0.0
2263001	0.0
2263801	0.0
2264287	0.0
2264457	0.0
2264497	0.0
2264950	0.0
2267496	0.0
2267508	0.0
2268153	0.0
2268454	0.0
2269023	0.0
2269458	0.0
2269621	0.0
2269734	0.0
2269969	0.0
2270815	0.0
2271762	0.0
2277665	0.0
2278614	0.0
2279949	0.0
2280064	0.0
2280414	0.0
2280900	0.0
2281210	0.0
2281726	0.0
2281808	0.0
2282615	0.0
2282625	0.0
2282930	0.0
2283249	0.0
2283632	0.0
2283857	0.0
2284523	0.0
2285172	0.0
2286765	0.0
2286903	0.0
2288124	0.0
2288859	0.0
2289249	0.0
2289564	0.0
2290592	0.0
2291386	0.0
2291946	0.0
2293606	0.0
2294479	0.0
2295161	0.0
2296393	0.0
2297152	0.0
2297373	0.0
2298131	0.0
2299317	0.0
2299935	0.0
2299972	0.0
2300423	0.0
2300593	0.0
2300674	0.0
2301894	0.0
2302116	0.0
2303118	0.0
2304086	0.0
2304562	0.0
2305020	0.0
2305254	0.0
2305398	0.0
2305670	0.0
2306355	0.0
2306563	0.0
2308022	0.0
2308388	0.0
2309494	0.0
2310033	0.0
2310220	0.0
2311909	0.0
2311964	0.0
2312894	0.0
2313251	0.0
2313461	0.0
2313763	0.0
2313822	0.0
2314168	0.0
2314565	0.0
2314672	0.0
2314842	0.0
2315759	0.0
2316176	0.0
2316303	0.0
2316780	0.0
2316988	0.0
2318083	0.0
2318315	0.0
2318442	0.0
2319739	0.0
2320013	0.0
2320074	0.0
2322189	0.0
2323247	0.0
2323473	0.0
2323984	0.0
2325198	0.0
2326329	0.0
2326810	0.0
2327023	0.0
2327621	0.0
2327717	0.0
2327955	0.0
2328589	0.0
2328798	0.0
2329560	0.0
2329682	0.0
2329921	0.0
2330073	0.0
2330639	0.0
2330939	0.0
2331199	0.0
2331787	0.0
2333607	0.0
2334079	0.0
2335703	0.0
2335771	0.0
2336162	0.0
2336718	0.0
2337049	0.0
2337398	0.0
2337544	0.0
2337845	0.0
2337983	0.0
2338525	0.0
2339702	0.0
2340054	0.0
2340075	0.0
2341172	0.0
2341285	0.0
2341693	0.0
2342496	0.0
2342719	0.0
2344579	0.0
2344743	0.0
2346208	0.0
2346344	0.0
2346345	0.0
2346769	0.0
2346910	0.0
2347704	0.0
2348216	0.0
2348312	0.0
2348769	0.0
2348824	0.0
2350592	0.0
2351348	0.0
2352799	0.0
2352908	0.0
2353090	0.0
2355227	0.0
2355688	0.0
2355746	0.0
2355915	0.0
2358661	0.0
2359162	0.0
2359745	0.0
2360895	0.0
2361064	0.0
2361394	0.0
2362125	0.0
2362224	0.0
2363774	0.0
2364467	0.0
2364568	0.0
2365384	0.0
2365629	0.0
2366069	0.0
2367322	0.0
2368025	0.0
2368882	0.0
2369060	0.0
2369761	0.0
2370441	0.0
2372242	0.0
2373026	0.0
2373316	0.0
2373488	0.0
2375443	0.0
2375761	0.0
2376409	0.0
2378902	0.0
2379275	0.0
2379335	0.0
2379375	0.0
2380003	0.0
2380951	0.0
2381792	0.0
2382110	0.0
2383445	0.0
2384400	0.0
2387779	0.0
2389037	0.0
2390751	0.0
2391015	0.0
2391729	0.0
2392457	0.0
2392613	0.0
2392750	0.0
2393064	0.0
2393068	0.0
2393257	0.0
2395641	0.0
2396416	0.0
2396591	0.0
2397307	0.0
2398168	0.0
2398746	0.0
2401364	0.0
2402496	0.0
2402505	0.0
2403049	0.0
2403673	0.0
2404174	0.0
2404252	0.0
2404714	0.0
2408246	0.0
2410204	0.0
2410406	0.0
2410915	0.0
2411016	0.0
2411533	0.0
2411643	0.0
2411923	0.0
2412700	0.0
2413497	0.0
2414016	0.0
2414603	0.0
2415259	0.0
2415307	0.0
2415320	0.0
2416268	0.0
2416895	0.0
2417157	0.0
2417268	0.0
2418017	0.0
2418806	0.0
2419936	0.0
2420065	0.0
2421026	0.0
2421042	0.0
2422384	0.0
2422777	0.0
2423262	0.0
2423286	0.0
2423819	0.0
2424296	0.0
2425227	0.0
2426062	0.0
2426328	0.0
2427396	0.0
2427876	0.0
2427903	0.0
2428024	0.0
2428264	0.0
2428553	0.0
2428775	0.0
2428949	0.0
2429070	0.0
2429170	0.0
2429727	0.0
2430315	0.0
2430664	0.0
2431192	0.0
2431345	0.0
2433287	0.0
2433785	0.0
2434463	0.0
2434533	0.0
2434563	0.0
2434997	0.0
2435115	0.0
2435230	0.0
2435348	0.0
2435871	0.0
2436996	0.0
2437225	0.0
2438090	0.0
2438228	0.0
2438322	0.0
2438324	0.0
2439076	0.0
2439576	0.0
2439632	0.0
2439842	0.0
2440267	0.0
2440361	0.0
2442240	0.0
2442453	0.0
2442839	0.0
2443264	0.0
2444168	0.0
2444691	0.0
2446331	0.0
2446391	0.0
2446684	0.0
2448476	0.0
2448769	0.0
2449661	0.0
2449913	0.0
2449942	0.0
2450620	0.0
2450948	0.0
2450962	0.0
2451773	0.0
2452023	0.0
2452411	0.0
2452683	0.0
2453621	0.0
2453754	0.0
2453808	0.0
2453850	0.0
2454223	0.0
2454691	0.0
2454751	0.0
2455999	0.0
2456932	0.0
2456963	0.0
2457098	0.0
2457469	0.0
2457905	0.0
2457919	0.0
2458972	0.0
2459235	0.0
2459271	0.0
2459590	0.0
2460582	0.0
2461165	0.0
2461371	0.0
2461583	0.0
2462221	0.0
2462551	0.0
2462609	0.0
2463915	0.0
2464033	0.0
2464279	0.0
2465944	0.0
2466044	0.0
2466170	0.0
2466682	0.0
2467087	0.0
2468534	0.0
2468794	0.0
2469463	0.0
2469639	0.0
2469820	0.0
2470115	0.0
2470299	0.0
2470780	0.0
2472273	0.0
2472575	0.0
2472731	0.0
2473022	0.0
2473080	0.0
2474794	0.0
2475095	0.0
2475894	0.0
2476566	0.0
2477279	0.0
2478185	0.0
2479283	0.0
2479494	0.0
2479969	0.0
2481092	0.0
2481147	0.0
2481287	0.0
2481316	0.0
2481326	0.0
2482400	0.0
2482755	0.0
2483567	0.0
2483579	0.0
2483714	0.0
2484992	0.0
2485059	0.0
2485171	0.0
2485303	0.0
2486694	0.0
2486989	0.0
2487377	0.0
2487687	0.0
2488230	0.0
2490626	0.0
2491230	0.0
2491717	0.0
2492028	0.0
2493037	0.0
2493491	0.0
2496165	0.0
2496333	0.0
2496448	0.0
2496528	0.0
2496543	0.0
2497209	0.0
2497714	0.0
2497844	0.0
2498200	0.0
2498587	0.0
2499485	0.0
2500732	0.0
2500876	0.0
2501005	0.0
2502020	0.0
2502415	0.0
2502765	0.0
2503248	0.0
2503645	0.0
2504415	0.0
2504423	0.0
2504794	0.0
2505996	0.0
2506429	0.0
2506856	0.0
2506895	0.0
2507236	0.0
2508666	0.0
2509180	0.0
2509695	0.0
2509819	0.0
2510368	0.0
2511794	0.0
2512727	0.0
2513672	0.0
2514476	0.0
2514559	0.0
2515033	0.0
2515134	0.0
2516272	0.0
2516459	0.0
2518197	0.0
2520314	0.0
2520977	0.0
2521286	0.0
2521702	0.0
2522901	0.0
2523072	0.0
2523468	0.0
2523743	0.0
2525476	0.0
2525571	0.0
2526591	0.0
2528090	0.0
2528981	0.0
2530567	0.0
2530867	0.0
2531098	0.0
2531106	0.0
2531370	0.0
2532040	0.0
2532406	0.0
2535822	0.0
2536264	0.0
2536799	0.0
2538272	0.0
2539720	0.0
2539886	0.0
2541184	0.0
2542897	0.0
2544967	0.0
2545321	0.0
2545400	0.0
2545463	0.0
2545884	0.0
2545888	0.0
2546057	0.0
2547417	0.0
2548580	0.0
2548842	0.0
2549146	0.0
2549383	0.0
2549967	0.0
2550199	0.0
2550249	0.0
2553165	0.0
2554074	0.0
2554418	0.0
2554486	0.0
2556751	0.0
2558086	0.0
2558473	0.0
2561696	0.0
2567724	0.0
2569693	0.0
2569695	0.0
2570680	0.0
2570829	0.0
2570868	0.0
2571870	0.0
2572059	0.0
2572211	0.0
2572731	0.0
2574076	0.0
2574993	0.0
2575063	0.0
2576496	0.0
2576796	0.0
2576969	0.0
2578062	0.0
2578133	0.0
2578287	0.0
2578456	0.0
2578481	0.0
2578994	0.0
2579703	0.0
2581870	0.0
2583150	0.0
2584627	0.0
2585140	0.0
2585591	0.0
2585940	0.0
2586608	0.0
2587306	0.0
2590544	0.0
2591532	0.0
2592453	0.0
2594500	0.0
2595539	0.0
2595561	0.0
2596067	0.0
2596734	0.0
2599929	0.0
2600172	0.0
2601819	0.0
2604091	0.0
2604596	0.0
2604833	0.0
2605029	0.0
2605409	0.0
2607250	0.0
2608435	0.0
2608685	0.0
2609052	0.0
2609523	0.0
2609537	0.0
2609713	0.0
2610089	0.0
2611720	0.0
2612969	0.0
2614038	0.0
2615040	0.0
2618681	0.0
2619598	0.0
2620196	0.0
2620325	0.0
2621515	0.0
2621867	0.0
2621948	0.0
2622645	0.0
2625319	0.0
2625338	0.0
2627273	0.0
2631780	0.0
2632737	0.0
2633855	0.0
2635080	0.0
2639876	0.0
2640803	0.0
2642121	0.0
2645287	0.0
2649834	0.0
2650520	0.0
2659768	0.0
2662167	0.0
2667771	0.0
2671544	0.0
2676678	0.0
2716276	0.0
2750337	0.0
2786560	0.0
2564	1.0
5260	1.0
5662	1.0
5669	1.0
6415	1.0
8474	1.0
12918	1.0
13688	1.0
13783	1.0
14799	1.0
14992	1.0
15044	1.0
16244	1.0
17039	1.0
20046	1.0
23418	1.0
23928	1.0
24018	1.0
26026	1.0
28271	1.0
28275	1.0
30776	1.0
37195	1.0
37993	1.0
39585	1.0
39686	1.0
41150	1.0
42550	1.0
43231	1.0
45461	1.0
46305	1.0
48986	1.0
50403	1.0
54607	1.0
54850	1.0
54910	1.0
55598	1.0
58928	1.0
66067	1.0
67706	1.0
72745	1.0
74768	1.0
80908	1.0
84143	1.0
85228	1.0
87286	1.0
91876	1.0
105708	1.0
106767	1.0
107310	1.0
107456	1.0
111012	1.0
118509	1.0
119206	1.0
119485	1.0
122885	1.0
123251	1.0
138712	1.0
139812	1.0
139841	1.0
140454	1.0
141292	1.0
141314	1.0
142482	1.0
146451	1.0
148428	1.0
149004	1.0
149407	1.0
152402	1.0
154506	1.0
156960	1.0
161218	1.0
164540	1.0
165020	1.0
166269	1.0
166468	1.0
173773	1.0
178658	1.0
189264	1.0
196472	1.0
204299	1.0
209959	1.0
213454	1.0
215240	1.0
222524	1.0
224366	1.0
227969	1.0
228282	1.0
232664	1.0
233657	1.0
234471	1.0
243988	1.0
247442	1.0
249699	1.0
249807	1.0
250349	1.0
254730	1.0
257284	1.0
262102	1.0
262795	1.0
265697	1.0
265796	1.0
269976	1.0
272807	1.0
275005	1.0
290735	1.0
296399	1.0
297270	1.0
298904	1.0
303908	1.0
304043	1.0
311739	1.0
312283	1.0
319770	1.0
322603	1.0
322670	1.0
322759	1.0
323100	1.0
327343	1.0
335216	1.0
335595	1.0
336827	1.0
337532	1.0
339728	1.0
342411	1.0
345235	1.0
363420	1.0
365268	1.0
365710	1.0
371385	1.0
373096	1.0
373132	1.0
384730	1.0
386146	1.0
387833	1.0
389345	1.0
389756	1.0
391703	1.0
396723	1.0
405819	1.0
410195	1.0
412192	1.0
413192	1.0
414463	1.0
415667	1.0
417321	1.0
423509	1.0
424361	1.0
430368	1.0
431912	1.0
434537	1.0
444074	1.0
444504	1.0
445327	1.0
450585	1.0
451355	1.0
460452	1.0
462747	1.0
465645	1.0
465656	1.0
469920	1.0
471937	1.0
477391	1.0
477602	1.0
479446	1.0
481565	1.0
488659	1.0
502177	1.0
503444	1.0
504857	1.0
506902	1.0
514075	1.0
514216	1.0
515918	1.0
516948	1.0
518895	1.0
524041	1.0
527843	1.0
532283	1.0
534577	1.0
534950	1.0
535075	1.0
535372	1.0
540600	1.0
540820	1.0
543490	1.0
546531	1.0
546823	1.0
547084	1.0
548742	1.0
552722	1.0
552889	1.0
552917	1.0
558403	1.0
558980	1.0
560064	1.0
561235	1.0
561492	1.0
564463	1.0
567910	1.0
567952	1.0
572422	1.0
572723	1.0
575447	1.0
583266	1.0
583314	1.0
583316	1.0
583510	1.0
585783	1.0
592191	1.0
599035	1.0
600587	1.0
601869	1.0
607210	1.0
614902	1.0
621527	1.0
623230	1.0
628544	1.0
635788	1.0
636593	1.0
639316	1.0
643808	1.0
646419	1.0
648674	1.0
650780	1.0
653610	1.0
654142	1.0
659511	1.0
660441	1.0
667457	1.0
672445	1.0
673961	1.0
674763	1.0
674961	1.0
676818	1.0
678872	1.0
679247	1.0
680273	1.0
681288	1.0
684546	1.0
688401	1.0
689806	1.0
690256	1.0
692361	1.0
692552	1.0
694230	1.0
696396	1.0
700504	1.0
700988	1.0
705200	1.0
705842	1.0
708658	1.0
708942	1.0
717382	1.0
718919	1.0
724077	1.0
724623	1.0
725429	1.0
726538	1.0
734144	1.0
736201	1.0
736948	1.0
738488	1.0
741246	1.0
748268	1.0
749405	1.0
751197	1.0
752461	1.0
754311	1.0
755306	1.0
761640	1.0
767875	1.0
769402	1.0
773262	1.0
776680	1.0
777580	1.0
781749	1.0
786916	1.0
789234	1.0
791105	1.0
792779	1.0
794190	1.0
794855	1.0
800879	1.0
801175	1.0
802193	1.0
805020	1.0
805554	1.0
808531	1.0
811784	1.0
813586	1.0
817937	1.0
822060	1.0
824072	1.0
824356	1.0
829091	1.0
830042	1.0
832135	1.0
833756	1.0
835237	1.0
836014	1.0
836263	1.0
838944	1.0
841511	1.0
842498	1.0
842726	1.0
849595	1.0
853125	1.0
861154	1.0
866621	1.0
867976	1.0
869696	1.0
870085	1.0
877420	1.0
882906	1.0
890246	1.0
894923	1.0
896562	1.0
906298	1.0
907889	1.0
910192	1.0
913620	1.0
915144	1.0
915148	1.0
919758	1.0
923467	1.0
927649	1.0
929415	1.0
936897	1.0
940732	1.0
942864	1.0
942929	1.0
944081	1.0
944426	1.0
945887	1.0
947863	1.0
949251	1.0
952043	1.0
952897	1.0
954035	1.0
955979	1.0
957849	1.0
958963	1.0
961425	1.0
961725	1.0
962083	1.0
965070	1.0
970425	1.0
971952	1.0
975217	1.0
977071	1.0
977704	1.0
980133	1.0
982575	1.0
982641	1.0
990294	1.0
991342	1.0
994311	1.0
995497	1.0
996082	1.0
998375	1.0
999172	1.0
999805	1.0
1008303	1.0
1009616	1.0
1010215	1.0
1010766	1.0
1011688	1.0
1012063	1.0
1012101	1.0
1018530	1.0
1019742	1.0
1021573	1.0
1022969	1.0
1025368	1.0
1027100	1.0
1027467	1.0
1028305	1.0
1029201	1.0
1029406	1.0
1032691	1.0
1034732	1.0
1035298	1.0
1036190	1.0
1039184	1.0
1039264	1.0
1040282	1.0
1040641	1.0
1041072	1.0
1042833	1.0
1044968	1.0
1045536	1.0
1049148	1.0
1052713	1.0
1054004	1.0
1054896	1.0
1057264	1.0
1063083	1.0
1067763	1.0
1068197	1.0
1070106	1.0
1071141	1.0
1072944	1.0
1073794	1.0
1074801	1.0
1075028	1.0
1077911	1.0
1081328	1.0
1084860	1.0
1086461	1.0
1089770	1.0
1089918	1.0
1096590	1.0
1098590	1.0
1099339	1.0
1102739	1.0
1103489	1.0
1103513	1.0
1106306	1.0
1108793	1.0
1110062	1.0
1115885	1.0
1116205	1.0
1116749	1.0
1121081	1.0
1124107	1.0
1125714	1.0
1127632	1.0
1134907	1.0
1134976	1.0
1135593	1.0
1136793	1.0
1139533	1.0
1142911	1.0
1143626	1.0
1149783	1.0
1150929	1.0
1151910	1.0
1152126	1.0
1161233	1.0
1164877	1.0
1169661	1.0
1170151	1.0
1171100	1.0
1171218	1.0
1174393	1.0
1174834	1.0
1177861	1.0
1181636	1.0
1184142	1.0
1187344	1.0
1187920	1.0
1189667	1.0
1190479	1.0
1190528	1.0
1193984	1.0
1195048	1.0
1195527	1.0
1196195	1.0
1199027	1.0
1199670	1.0
1199984	1.0
1200812	1.0
1203884	1.0
1204791	1.0
1205115	1.0
1205499	1.0
1205696	1.0
1205842	1.0
1208624	1.0
1210529	1.0
1211803	1.0
1213589	1.0
1213906	1.0
1215014	1.0
1216688	1.0
1217750	1.0
1218355	1.0
1226729	1.0
1227255	1.0
1227961	1.0
1230814	1.0
1230887	1.0
1234445	1.0
1234998	1.0
1235322	1.0
1237897	1.0
1239917	1.0
1240838	1.0
1241181	1.0
1242527	1.0
1243637	1.0
1243852	1.0
1245735	1.0
1246557	1.0
1246981	1.0
1247678	1.0
1248590	1.0
1250399	1.0
1252372	1.0
1256149	1.0
1256570	1.0
1258455	1.0
1260960	1.0
1262660	1.0
1262816	1.0
1263303	1.0
1264997	1.0
1265915	1.0
1266895	1.0
1269506	1.0
1270494	1.0
1271171	1.0
1273985	1.0
1274516	1.0
1280304	1.0
1282869	1.0
1283405	1.0
1284222	1.0
1284400	1.0
1285255	1.0
1288066	1.0
1291100	1.0
1291334	1.0
1292234	1.0
1293690	1.0
1297721	1.0
1299448	1.0
1299537	1.0
1301667	1.0
1302872	1.0
1303990	1.0
1309315	1.0
1309476	1.0
1312296	1.0
1312728	1.0
1314152	1.0
1315132	1.0
1315210	1.0
1315522	1.0
1316456	1.0
1316922	1.0
1318278	1.0
1318885	1.0
1319316	1.0
1319580	1.0
1320417	1.0
1323645	1.0
1325236	1.0
1326091	1.0
1326399	1.0
1331269	1.0
1331576	1.0
1335162	1.0
1336263	1.0
1337902	1.0
1337998	1.0
1338882	1.0
1340004	1.0
1342478	1.0
1342864	1.0
1342918	1.0
1346946	1.0
1348340	1.0
1348810	1.0
1352470	1.0
1354393	1.0
1356942	1.0
1357494	1.0
1358037	1.0
1359705	1.0
1359763	1.0
1360399	1.0
1360960	1.0
1361123	1.0
1363374	1.0
1363447	1.0
1365201	1.0
1366052	1.0
1367830	1.0
1371780	1.0
1371947	1.0
1371950	1.0
1373814	1.0
1379140	1.0
1387305	1.0
1388657	1.0
1388702	1.0
1392073	1.0
1395423	1.0
1396287	1.0
1398347	1.0
1398414	1.0
1399736	1.0
1399940	1.0
1401904	1.0
1403086	1.0
1403618	1.0
1403643	1.0
1405338	1.0
1409633	1.0
1410671	1.0
1420549	1.0
1421249	1.0
1424363	1.0
1424389	1.0
1424422	1.0
1426395	1.0
1429530	1.0
1429760	1.0
1430353	1.0
1433063	1.0
1434091	1.0
1434255	1.0
1436115	1.0
1436213	1.0
1436828	1.0
1437298	1.0
1437978	1.0
1438980	1.0
1439232	1.0
1440094	1.0
1442923	1.0
1442943	1.0
1443138	1.0
1443668	1.0
1443954	1.0
1445145	1.0
1445846	1.0
1446640	1.0
1446867	1.0
1447647	1.0
1448997	1.0
1449074	1.0
1449149	1.0
1449914	1.0
1450306	1.0
1455333	1.0
1457693	1.0
1458022	1.0
1458300	1.0
1458691	1.0
1461010	1.0
1461624	1.0
1462139	1.0
1462613	1.0
1463703	1.0
1464944	1.0
1468418	1.0
1470860	1.0
1473361	1.0
1474759	1.0
1474962	1.0
1475745	1.0
1478720	1.0
1480098	1.0
1480883	1.0
1481241	1.0
1482630	1.0
1483656	1.0
1484404	1.0
1484807	1.0
1486492	1.0
1487057	1.0
1487067	1.0
1488145	1.0
1488293	1.0
1488896	1.0
1489363	1.0
1489566	1.0
1490582	1.0
1491012	1.0
1492262	1.0
1497168	1.0
1498259	1.0
1498698	1.0
1500252	1.0
1501448	1.0
1504178	1.0
1504736	1.0
1508012	1.0
1508508	1.0
1510714	1.0
1511986	1.0
1513993	1.0
1514025	1.0
1515994	1.0
1516938	1.0
1517877	1.0
1519604	1.0
1521388	1.0
1522501	1.0
1524391	1.0
1524923	1.0
1529142	1.0
1529367	1.0
1529424	1.0
1532313	1.0
1532542	1.0
1534337	1.0
1535786	1.0
1536368	1.0
1539200	1.0
1540911	1.0
1542019	1.0
1542694	1.0
1542986	1.0
1546963	1.0
1548042	1.0
1548389	1.0
1552422	1.0
1554082	1.0
1555132	1.0
1556328	1.0
1557148	1.0
1559332	1.0
1560181	1.0
1560627	1.0
1562314	1.0
1565403	1.0
1568327	1.0
1568559	1.0
1570117	1.0
1570716	1.0
1570824	1.0
1575213	1.0
1578817	1.0
1580605	1.0
1580822	1.0
1580880	1.0
1582172	1.0
1582608	1.0
1583883	1.0
1584433	1.0
1585789	1.0
1586373	1.0
1586543	1.0
1586926	1.0
1587650	1.0
1587822	1.0
1590313	1.0
1590665	1.0
1591661	1.0
1594093	1.0
1594926	1.0
1595461	1.0
1596179	1.0
1596611	1.0
1598227	1.0
1598653	1.0
1600063	1.0
1600890	1.0
1601017	1.0
1601036	1.0
1604151	1.0
1604191	1.0
1604266	1.0
1604345	1.0
1605013	1.0
1606872	1.0
1607568	1.0
1608551	1.0
1608835	1.0
1613443	1.0
1614336	1.0
1619213	1.0
1628435	1.0
1631654	1.0
1632015	1.0
1632463	1.0
1633889	1.0
1636316	1.0
1637037	1.0
1638916	1.0
1640836	1.0
1642099	1.0
1642551	1.0
1644135	1.0
1644240	1.0
1644685	1.0
1647915	1.0
1649279	1.0
1650246	1.0
1650540	1.0
1651645	1.0
1651706	1.0
1651944	1.0
1651953	1.0
1652353	1.0
1653554	1.0
1658133	1.0
1659280	1.0
1659965	1.0
1661011	1.0
1662423	1.0
1663119	1.0
1666263	1.0
1666440	1.0
1666538	1.0
1666602	1.0
1666953	1.0
1670600	1.0
1670643	1.0
1676614	1.0
1677321	1.0
1677772	1.0
1680051	1.0
1680707	1.0
1680882	1.0
1680991	1.0
1681668	1.0
1681972	1.0
1682219	1.0
1682715	1.0
1683447	1.0
1683542	1.0
1686283	1.0
1689590	1.0
1691027	1.0
1691801	1.0
1692570	1.0
1693653	1.0
1693676	1.0
1694599	1.0
1694968	1.0
1695499	1.0
1696471	1.0
1697944	1.0
1701394	1.0
1701704	1.0
1702581	1.0
1702969	1.0
1704952	1.0
1705592	1.0
1708338	1.0
1709267	1.0
1710499	1.0
1711211	1.0
1713309	1.0
1713586	1.0
1715111	1.0
1715445	1.0
1720876	1.0
1722512	1.0
1723460	1.0
1724531	1.0
1726524	1.0
1727363	1.0
1727670	1.0
1729210	1.0
1730572	1.0
1730963	1.0
1732294	1.0
1732606	1.0
1732929	1.0
1735012	1.0
1735834	1.0
1737245	1.0
1737291	1.0
1738542	1.0
1739834	1.0
1740697	1.0
1741552	1.0
1741554	1.0
1742252	1.0
1742706	1.0
1742866	1.0
1743191	1.0
1743485	1.0
1743693	1.0
1744109	1.0
1745670	1.0
1746231	1.0
1746348	1.0
1746774	1.0
1748672	1.0
1749271	1.0
1749353	1.0
1750830	1.0
1751325	1.0
1752033	1.0
1752615	1.0
1753333	1.0
1753575	1.0
1753686	1.0
1754592	1.0
1756496	1.0
1756568	1.0
1756898	1.0
1757276	1.0
1758746	1.0
1760783	1.0
1765587	1.0
1767053	1.0
1767267	1.0
1768285	1.0
1770577	1.0
1772424	1.0
1772548	1.0
1773490	1.0
1774589	1.0
1774890	1.0
1774906	1.0
1777157	1.0
1777427	1.0
1778613	1.0
1779008	1.0
1780771	1.0
1783132	1.0
1783364	1.0
1783831	1.0
1785619	1.0
1785660	1.0
1786850	1.0
1788286	1.0
1788878	1.0
1789350	1.0
1791026	1.0
1794943	1.0
1796231	1.0
1796413	1.0
1800126	1.0
1801951	1.0
1803692	1.0
1805428	1.0
1805503	1.0
1805531	1.0
1805972	1.0
1807233	1.0
1807478	1.0
1808159	1.0
1808628	1.0
1809098	1.0
1810890	1.0
1813386	1.0
1814674	1.0
1816024	1.0
1816115	1.0
1816270	1.0
1817147	1.0
1818499	1.0
1819010	1.0
1819229	1.0
1819271	1.0
1819994	1.0
1820636	1.0
1821402	1.0
1822223	1.0
1822329	1.0
1823029	1.0
1823922	1.0
1825099	1.0
1825661	1.0
1826623	1.0
1827144	1.0
1829467	1.0
1831700	1.0
1833959	1.0
1836295	1.0
1836612	1.0
1838375	1.0
1839246	1.0
1840885	1.0
1842994	1.0
1843100	1.0
1843355	1.0
1845342	1.0
1847189	1.0
1848694	1.0
1848828	1.0
1848833	1.0
1848843	1.0
1848957	1.0
1849929	1.0
1852598	1.0
1852892	1.0
1853799	1.0
1854472	1.0
1855347	1.0
1856381	1.0
1856479	1.0
1858348	1.0
1858404	1.0
1859568	1.0
1860118	1.0
1861210	1.0
1861624	1.0
1862694	1.0
1862884	1.0
1864016	1.0
1864186	1.0
1867271	1.0
1869462	1.0
1870311	1.0
1873399	1.0
1873409	1.0
1874079	1.0
1874239	1.0
1875436	1.0
1875966	1.0
1876784	1.0
1879275	1.0
1881432	1.0
1882360	1.0
1883644	1.0
1884014	1.0
1884021	1.0
1885730	1.0
1886004	1.0
1886835	1.0
1888597	1.0
1889002	1.0
1891062	1.0
1891365	1.0
1891437	1.0
1893439	1.0
1893528	1.0
1896818	1.0
1898146	1.0
1900823	1.0
1900942	1.0
1904795	1.0
1904902	1.0
1906156	1.0
1906527	1.0
1908045	1.0
1908140	1.0
1909492	1.0
1909525	1.0
1911640	1.0
1912214	1.0
1913245	1.0
1913603	1.0
1913610	1.0
1913784	1.0
1913901	1.0
1915331	1.0
1915594	1.0
1915637	1.0
1915648	1.0
1915679	1.0
1916092	1.0
1916107	1.0
1918072	1.0
1918140	1.0
1918327	1.0
1919308	1.0
1920445	1.0
1921204	1.0
1921513	1.0
1921881	1.0
1922169	1.0
1923103	1.0
1923146	1.0
1923313	1.0
1923357	1.0
1924498	1.0
1924702	1.0
1925299	1.0
1926726	1.0
1927099	1.0
1928031	1.0
1930085	1.0
1930128	1.0
1930138	1.0
1931584	1.0
1932070	1.0
1933827	1.0
1935176	1.0
1937339	1.0
1937514	1.0
1937572	1.0
1937716	1.0
1940416	1.0
1940912	1.0
1944872	1.0
1945474	1.0
1946186	1.0
1946318	1.0
1947600	1.0
1947802	1.0
1948631	1.0
1951666	1.0
1954310	1.0
1954537	1.0
1955567	1.0
1955813	1.0
1956905	1.0
1957451	1.0
1957989	1.0
1958266	1.0
1960068	1.0
1960541	1.0
1961464	1.0
1963425	1.0
1965913	1.0
1968397	1.0
1969815	1.0
1970482	1.0
1972017	1.0
1975384	1.0
1975663	1.0
1976254	1.0
1978763	1.0
1980248	1.0
1981547	1.0
1981654	1.0
1984373	1.0
1985733	1.0
1986431	1.0
1992511	1.0
1994226	1.0
1994742	1.0
1995190	1.0
1995675	1.0
1996569	1.0
1997488	1.0
1997506	1.0
1998435	1.0
2000464	1.0
2000587	1.0
2000776	1.0
2001140	1.0
2001943	1.0
2002503	1.0
2002526	1.0
2003907	1.0
2004099	1.0
2004121	1.0
2004843	1.0
2004884	1.0
2005885	1.0
2009691	1.0
2010752	1.0
2013291	1.0
2013942	1.0
2016243	1.0
2016636	1.0
2019040	1.0
2019935	1.0
2022539	1.0
2022573	1.0
2022930	1.0
2024898	1.0
2025236	1.0
2026899	1.0
2027490	1.0
2028272	1.0
2030146	1.0
2030586	1.0
2031132	1.0
2031208	1.0
2031306	1.0
2031772	1.0
2032867	1.0
2033125	1.0
2033710	1.0
2033959	1.0
2034022	1.0
2034030	1.0
2034161	1.0
2037208	1.0
2038730	1.0
2040034	1.0
2041155	1.0
2041954	1.0
2045263	1.0
2045733	1.0
2047174	1.0
2048577	1.0
2049166	1.0
2051608	1.0
2054657	1.0
2054735	1.0
2055800	1.0
2056586	1.0
2057427	1.0
2057780	1.0
2058673	1.0
2058886	1.0
2061567	1.0
2062142	1.0
2062292	1.0
2063176	1.0
2063234	1.0
2063558	1.0
2063576	1.0
2064021	1.0
2064295	1.0
2064655	1.0
2065267	1.0
2066617	1.0
2067632	1.0
2069089	1.0
2069655	1.0
2070750	1.0
2071166	1.0
2071815	1.0
2072309	1.0
2072355	1.0
2072481	1.0
2072522	1.0
2072948	1.0
2073600	1.0
2075030	1.0
2075452	1.0
2076516	1.0
2078093	1.0
2079166	1.0
2079573	1.0
2080826	1.0
2081082	1.0
2081910	1.0
2082136	1.0
2082849	1.0
2083789	1.0
2084323	1.0
2084911	1.0
2087617	1.0
2087674	1.0
2088113	1.0
2090869	1.0
2090892	1.0
2091134	1.0
2091793	1.0
2092197	1.0
2092707	1.0
2093810	1.0
2093901	1.0
2093966	1.0
2094095	1.0
2094482	1.0
2094877	1.0
2094881	1.0
2095523	1.0
2097370	1.0
2097406	1.0
2097748	1.0
2098521	1.0
2098855	1.0
2099160	1.0
2099574	1.0
2101188	1.0
2101595	1.0
2101917	1.0
2102499	1.0
2102539	1.0
2104161	1.0
2104604	1.0
2107303	1.0
2107318	1.0
2107725	1.0
2109383	1.0
2109549	1.0
2109556	1.0
2110673	1.0
2110847	1.0
2110880	1.0
2112049	1.0
2112140	1.0
2113549	1.0
2113875	1.0
2113988	1.0
2114629	1.0
2114715	1.0
2115152	1.0
2117095	1.0
2117315	1.0
2117710	1.0
2117942	1.0
2118562	1.0
2120561	1.0
2121425	1.0
2121886	1.0
2122107	1.0
2122126	1.0
2122235	1.0
2122907	1.0
2122967	1.0
2123333	1.0
2124355	1.0
2124887	1.0
2126183	1.0
2126436	1.0
2126575	1.0
2126760	1.0
2126965	1.0
2127489	1.0
2127658	1.0
2128160	1.0
2128307	1.0
2129439	1.0
2129755	1.0
2130904	1.0
2131686	1.0
2131987	1.0
2131991	1.0
2134551	1.0
2135013	1.0
2135390	1.0
2135395	1.0
2136074	1.0
2136096	1.0
2136138	1.0
2136141	1.0
2136224	1.0
2136381	1.0
2136860	1.0
2136920	1.0
2138810	1.0
2140069	1.0
2140361	1.0
2141460	1.0
2141822	1.0
2142434	1.0
2143435	1.0
2143580	1.0
2143637	1.0
2144167	1.0
2147755	1.0
2148079	1.0
2148292	1.0
2149448	1.0
2149997	1.0
2155240	1.0
2155465	1.0
2156384	1.0
2156398	1.0
2159355	1.0
2159486	1.0
2159490	1.0
2159792	1.0
2160450	1.0
2160776	1.0
2161125	1.0
2161481	1.0
2162048	1.0
2162961	1.0
2163073	1.0
2163087	1.0
2164254	1.0
2164276	1.0
2164687	1.0
2164850	1.0
2165484	1.0
2166252	1.0
2167304	1.0
2168498	1.0
2169051	1.0
2169167	1.0
2169834	1.0
2169980	1.0
2170337	1.0
2170643	1.0
2170695	1.0
2171487	1.0
2171579	1.0
2171770	1.0
2172104	1.0
2172384	1.0
2172481	1.0
2172971	1.0
2174432	1.0
2176868	1.0
2177908	1.0
2178626	1.0
2178757	1.0
2178972	1.0
2179656	1.0
2179773	1.0
2180096	1.0
2180282	1.0
2181060	1.0
2181145	1.0
2181413	1.0
2181480	1.0
2181718	1.0
2181896	1.0
2182177	1.0
2182611	1.0
2182648	1.0
2182728	1.0
2183153	1.0
2184078	1.0
2184128	1.0
2184179	1.0
2184858	1.0
2185461	1.0
2186301	1.0
2186723	1.0
2188139	1.0
2188483	1.0
2188903	1.0
2191311	1.0
2191662	1.0
2192487	1.0
2192570	1.0
2192833	1.0
2193016	1.0
2193805	1.0
2194356	1.0
2195509	1.0
2195627	1.0
2197148	1.0
2197616	1.0
2197899	1.0
2197951	1.0
2198209	1.0
2198260	1.0
2199189	1.0
2199814	1.0
2200015	1.0
2200054	1.0
2200151	1.0
2200313	1.0
2200559	1.0
2201143	1.0
2201992	1.0
2202220	1.0
2202246	1.0
2203314	1.0
2203984	1.0
2204330	1.0
2204432	1.0
2205383	1.0
2207966	1.0
2208294	1.0
2208329	1.0
2208330	1.0
2209080	1.0
2209769	1.0
2210989	1.0
2211794	1.0
2212475	1.0
2212940	1.0
2213687	1.0
2213864	1.0
2215528	1.0
2215967	1.0
2216164	1.0
2216298	1.0
2217727	1.0
2218259	1.0
2219312	1.0
2219460	1.0
2219576	1.0
2220231	1.0
2221269	1.0
2221476	1.0
2221803	1.0
2221877	1.0
2222569	1.0
2222894	1.0
2225425	1.0
2225872	1.0
2226108	1.0
2227184	1.0
2227250	1.0
2227925	1.0
2228711	1.0
2228834	1.0
2228932	1.0
2229127	1.0
2229687	1.0
2229701	1.0
2229740	1.0
2230737	1.0
2231313	1.0
2231777	1.0
2232303	1.0
2233145	1.0
2233548	1.0
2234302	1.0
2234530	1.0
2236791	1.0
2237424	1.0
2237932	1.0
2239618	1.0
2241200	1.0
2242137	1.0
2243015	1.0
2243278	1.0
2243520	1.0
2244060	1.0
2244303	1.0
2245038	1.0
2246197	1.0
2246280	1.0
2246892	1.0
2247001	1.0
2247441	1.0
2247525	1.0
2247563	1.0
2247984	1.0
2248028	1.0
2249404	1.0
2249537	1.0
2250316	1.0
2250717	1.0
2251001	1.0
2251719	1.0
2252643	1.0
2255430	1.0
2255865	1.0
2255896	1.0
2256096	1.0
2256684	1.0
2256821	1.0
2258251	1.0
2258275	1.0
2259346	1.0
2260172	1.0
2261647	1.0
2262530	1.0
2263505	1.0
2263860	1.0
2264119	1.0
2265212	1.0
2265722	1.0
2265856	1.0
2266274	1.0
2266688	1.0
2267852	1.0
2268284	1.0
2268737	1.0
2269045	1.0
2269850	1.0
2270625	1.0
2273715	1.0
2274610	1.0
2274701	1.0
2274749	1.0
2274875	1.0
2275098	1.0
2275773	1.0
2276690	1.0
2276865	1.0
2277470	1.0
2278466	1.0
2278758	1.0
2278864	1.0
2279063	1.0
2280944	1.0
2281620	1.0
2282948	1.0
2283682	1.0
2284009	1.0
2284015	1.0
2284213	1.0
2284550	1.0
2284656	1.0
2284981	1.0
2286787	1.0
2288462	1.0
2288670	1.0
2289034	1.0
2289317	1.0
2289478	1.0
2290320	1.0
2290833	1.0
2291549	1.0
2291675	1.0
2291713	1.0
2292270	1.0
2292909	1.0
2293036	1.0
2293150	1.0
2294166	1.0
2294282	1.0
2295070	1.0
2295650	1.0
2295824	1.0
2296669	1.0
2299009	1.0
2299987	1.0
2300117	1.0
2300621	1.0
2301006	1.0
2301122	1.0
2301253	1.0
2301406	1.0
2301717	1.0
2302917	1.0
2302950	1.0
2303896	1.0
2304072	1.0
2304479	1.0
2305005	1.0
2305361	1.0
2305516	1.0
2305596	1.0
2305950	1.0
2306112	1.0
2306756	1.0
2307422	1.0
2307585	1.0
2308044	1.0
2310107	1.0
2310269	1.0
2311371	1.0
2311386	1.0
2311776	1.0
2313028	1.0
2313129	1.0
2313843	1.0
2315905	1.0
2316546	1.0
2318064	1.0
2318458	1.0
2318583	1.0
2319943	1.0
2320208	1.0
2321119	1.0
2321214	1.0
2321468	1.0
2322215	1.0
2322363	1.0
2322933	1.0
2323184	1.0
2323652	1.0
2324188	1.0
2324552	1.0
2325897	1.0
2325980	1.0
2326436	1.0
2326819	1.0
2327714	1.0
2328388	1.0
2328727	1.0
2330392	1.0
2330691	1.0
2331004	1.0
2331019	1.0
2331249	1.0
2331687	1.0
2331688	1.0
2332273	1.0
2333102	1.0
2333175	1.0
2333452	1.0
2333468	1.0
2333693	1.0
2333779	1.0
2333951	1.0
2334301	1.0
2335866	1.0
2335875	1.0
2336401	1.0
2336422	1.0
2336428	1.0
2336431	1.0
2336570	1.0
2336593	1.0
2336704	1.0
2338104	1.0
2339527	1.0
2339756	1.0
2340362	1.0
2340513	1.0
2340648	1.0
2341080	1.0
2341420	1.0
2341630	1.0
2341835	1.0
2342065	1.0
2342248	1.0
2342424	1.0
2342909	1.0
2342979	1.0
2343250	1.0
2344518	1.0
2344735	1.0
2346226	1.0
2346244	1.0
2346706	1.0
2346720	1.0
2346817	1.0
2347031	1.0
2347262	1.0
2347609	1.0
2347748	1.0
2348968	1.0
2350651	1.0
2352421	1.0
2353031	1.0
2353845	1.0
2354195	1.0
2354471	1.0
2354703	1.0
2355695	1.0
2356074	1.0
2357752	1.0
2358491	1.0
2359210	1.0
2359263	1.0
2359845	1.0
2360804	1.0
2361402	1.0
2361689	1.0
2362169	1.0
2362630	1.0
2363012	1.0
2363198	1.0
2363670	1.0
2365157	1.0
2365449	1.0
2365485	1.0
2365877	1.0
2367227	1.0
2367472	1.0
2367604	1.0
2367981	1.0
2368895	1.0
2369194	1.0
2369291	1.0
2369349	1.0
2369487	1.0
2370419	1.0
2370770	1.0
2372414	1.0
2373114	1.0
2373314	1.0
2373339	1.0
2373940	1.0
2374415	1.0
2375094	1.0
2376050	1.0
2376494	1.0
2376630	1.0
2378144	1.0
2379258	1.0
2379444	1.0
2381579	1.0
2381688	1.0
2382689	1.0
2382868	1.0
2383042	1.0
2383501	1.0
2384130	1.0
2384789	1.0
2384803	1.0
2384813	1.0
2384876	1.0
2386256	1.0
2386282	1.0
2386458	1.0
2387412	1.0
2389180	1.0
2389189	1.0
2389475	1.0
2390383	1.0
2390594	1.0
2391043	1.0
2392717	1.0
2393383	1.0
2393431	1.0
2394000	1.0
2395143	1.0
2399017	1.0
2399060	1.0
2399220	1.0
2399483	1.0
2400328	1.0
2400814	1.0
2400845	1.0
2401224	1.0
2401402	1.0
2401930	1.0
2402136	1.0
2402525	1.0
2403244	1.0
2403318	1.0
2404275	1.0
2404538	1.0
2404626	1.0
2405797	1.0
2407626	1.0
2408432	1.0
2408577	1.0
2408712	1.0
2408988	1.0
2410003	1.0
2412672	1.0
2412971	1.0
2414482	1.0
2415039	1.0
2415480	1.0
2416270	1.0
2417103	1.0
2417552	1.0
2417595	1.0
2417612	1.0
2418257	1.0
2418562	1.0
2418564	1.0
2419190	1.0
2419323	1.0
2420359	1.0
2420535	1.0
2420705	1.0
2421158	1.0
2422407	1.0
2422633	1.0
2422702	1.0
2422907	1.0
2422974	1.0
2423741	1.0
2424072	1.0
2424580	1.0
2424954	1.0
2425864	1.0
2426057	1.0
2426679	1.0
2427117	1.0
2427455	1.0
2427887	1.0
2428008	1.0
2428866	1.0
2428950	1.0
2429282	1.0
2429531	1.0
2429555	1.0
2429786	1.0
2430124	1.0
2430185	1.0
2430393	1.0
2430496	1.0
2430601	1.0
2431594	1.0
2432210	1.0
2432391	1.0
2434785	1.0
2435125	1.0
2435814	1.0
2436230	1.0
2436401	1.0
2436451	1.0
2438853	1.0
2439021	1.0
2439133	1.0
2439826	1.0
2439940	1.0
2439993	1.0
2440794	1.0
2441431	1.0
2442216	1.0
2442251	1.0
2442473	1.0
2442498	1.0
2443864	1.0
2443962	1.0
2444013	1.0
2444319	1.0
2444670	1.0
2445032	1.0
2445055	1.0
2445166	1.0
2445295	1.0
2445372	1.0
2446146	1.0
2446313	1.0
2446530	1.0
2447081	1.0
2447243	1.0
2447778	1.0
2448069	1.0
2448926	1.0
2450146	1.0
2450196	1.0
2451833	1.0
2452331	1.0
2452616	1.0
2452657	1.0
2453381	1.0
2453391	1.0
2453738	1.0
2453946	1.0
2454022	1.0
2454211	1.0
2454407	1.0
2454572	1.0
2454728	1.0
2455745	1.0
2457061	1.0
2457135	1.0
2457823	1.0
2458010	1.0
2458045	1.0
2458090	1.0
2458280	1.0
2458808	1.0
2458903	1.0
2458974	1.0
2459394	1.0
2459504	1.0
2459685	1.0
2461100	1.0
2461423	1.0
2461562	1.0
2461585	1.0
2461722	1.0
2461920	1.0
2462205	1.0
2463864	1.0
2464036	1.0
2464444	1.0
2465014	1.0
2465165	1.0
2465522	1.0
2465905	1.0
2466105	1.0
2466169	1.0
2466362	1.0
2466453	1.0
2466586	1.0
2466960	1.0
2467160	1.0
2467358	1.0
2468267	1.0
2468345	1.0
2468721	1.0
2468800	1.0
2469091	1.0
2469104	1.0
2469211	1.0
2469322	1.0
2469649	1.0
2470075	1.0
2470433	1.0
2471063	1.0
2471717	1.0
2472015	1.0
2472022	1.0
2472614	1.0
2473871	1.0
2474334	1.0
2474463	1.0
2474517	1.0
2475268	1.0
2475298	1.0
2475435	1.0
2475982	1.0
2476061	1.0
2476062	1.0
2476837	1.0
2477176	1.0
2477632	1.0
2478398	1.0
2479107	1.0
2479905	1.0
2480790	1.0
2480884	1.0
2482564	1.0
2482762	1.0
2483055	1.0
2483941	1.0
2484070	1.0
2484331	1.0
2485022	1.0
2485412	1.0
2487536	1.0
2487949	1.0
2488087	1.0
2488286	1.0
2488434	1.0
2488964	1.0
2492311	1.0
2492761	1.0
2493116	1.0
2494277	1.0
2494949	1.0
2495434	1.0
2495496	1.0
2497577	1.0
2498785	1.0
2498839	1.0
2499469	1.0
2499542	1.0
2499812	1.0
2499845	1.0
2499904	1.0
2500291	1.0
2500804	1.0
2501868	1.0
2502438	1.0
2503786	1.0
2503907	1.0
2504228	1.0
2504512	1.0
2504806	1.0
2505665	1.0
2506234	1.0
2506485	1.0
2506572	1.0
2506690	1.0
2508463	1.0
2508571	1.0
2508876	1.0
2509549	1.0
2511025	1.0
2511751	1.0
2512211	1.0
2512685	1.0
2512715	1.0
2513684	1.0
2514632	1.0
2515479	1.0
2515897	1.0
2516667	1.0
2517202	1.0
2518481	1.0
2518808	1.0
2519171	1.0
2523203	1.0
2525094	1.0
2525166	1.0
2525177	1.0
2525341	1.0
2525619	1.0
2526946	1.0
2527614	1.0
2527876	1.0
2528819	1.0
2529561	1.0
2530088	1.0
2530496	1.0
2531395	1.0
2531457	1.0
2532419	1.0
2532768	1.0
2532966	1.0
2534847	1.0
2536712	1.0
2536917	1.0
2538012	1.0
2539002	1.0
2540146	1.0
2540931	1.0
2541605	1.0
2542270	1.0
2543142	1.0
2544719	1.0
2546210	1.0
2547436	1.0
2547983	1.0
2548068	1.0
2548464	1.0
2548578	1.0
2548755	1.0
2551256	1.0
2551367	1.0
2553084	1.0
2553401	1.0
2553972	1.0
2556337	1.0
2556867	1.0
2557153	1.0
2557749	1.0
2560359	1.0
2562541	1.0
2562584	1.0
2562860	1.0
2562906	1.0
2563452	1.0
2564548	1.0
2564686	1.0
2566257	1.0
2566324	1.0
2567087	1.0
2568358	1.0
2568464	1.0
2569931	1.0
2570105	1.0
2570651	1.0
2570983	1.0
2571129	1.0
2572814	1.0
2573711	1.0
2574331	1.0
2574594	1.0
2574803	1.0
2575209	1.0
2576489	1.0
2577032	1.0
2577139	1.0
2577820	1.0
2578145	1.0
2578411	1.0
2579083	1.0
2579862	1.0
2580125	1.0
2581418	1.0
2581430	1.0
2582176	1.0
2583796	1.0
2585580	1.0
2586188	1.0
2587497	1.0
2587799	1.0
2587816	1.0
2588115	1.0
2588780	1.0
2589870	1.0
2590177	1.0
2590508	1.0
2590756	1.0
2591831	1.0
2592972	1.0
2593334	1.0
2593379	1.0
2594297	1.0
2594851	1.0
2594923	1.0
2596777	1.0
2597289	1.0
2600693	1.0
2602504	1.0
2603689	1.0
2604512	1.0
2608144	1.0
2608553	1.0
2610082	1.0
2611432	1.0
2612216	1.0
2612755	1.0
2612781	1.0
2617464	1.0
2617861	1.0
2617956	1.0
2618648	1.0
2620951	1.0
2621430	1.0
2624588	1.0
2626004	1.0
2628798	1.0
2633189	1.0
2637145	1.0
2639757	1.0
2639932	1.0
2640829	1.0
2642265	1.0
2643286	1.0
2645292	1.0
2647177	1.0
2650674	1.0
2652338	1.0
2655794	1.0
2656144	1.0
2656431	1.0
2662413	1.0
2665503	1.0
2666596	1.0
2672016	1.0
2673669	1.0
2674503	1.0
2682196	1.0
2690878	1.0
2833072	1.0
2844196	1.0
2891698	1.0
