553	0.0
547	0.2983404109527255
545	0.14265378968081086
517	0.021784030443311852
518	0.19562349504463492
507	0.0
503	0.0
625	0.09074768929758684
608	0.039524414775415136
612	0.40039871119512177
593	0.07327934915040919
585	0.0
576	0.0
579	0.501873253204232
687	0.18807809117313645
678	0.7496521152563842
652	0.3993274381139275
653	0.024186882053860034
661	0.5877987409315277
655	0.03668978789035369
743	0.0
729	0.501873253204232
727	0.17919169127892615
738	0.1588693667128948
699	0.085376473745514
799	0.014361068571222728
772	0.0
785	0.040854099612845675
19	0.08824591723311917
0	0.8821450593680167
40	0.06546934025125767
43	0.0
25	0.5114021521864656
79	0.5624802061555667
75	0.7071866075268435
118	0.014940681697653495
110	0.07876082516402882
91	0.8733457981445353
135	0.8616529558082815
122	0.501873253204232
129	0.501873253204232
167	0.21961472919559197
158	0.45144449279719934
205	0.5066203789385465
206	0.5125067872757608
188	0.5601429965517981
196	0.6680499898287843
239	0.023787694663772778
221	0.03373739300253163
219	0.501873253204232
230	0.09315185023238547
226	0.8510046977520405
223	0.501873253204232
248	0.60940247371852
287	0.004492546036083275
282	0.8636360395798262
310	0.0
315	0.8389438700826873
333	0.08462254296248561
330	0.6509458288094853
328	0.730299888792965
346	0.023965046357352766
364	0.8048190909086496
366	0.0
380	0.0
398	0.3581898059471692
399	0.7894176608875889
413	0.11236429627506381
443	0.26005146281100455
439	0.03921109339421584
450	0.085376473745514
461	0.6166806178826443
468	0.4729865168370775
466	0.00796990425657699
483	0.0
492	0.8359018167950689
489	0.001242562084896422
543	0.0
541	0.24943236875310368
540	0.0
538	0.0
527	0.0
504	0.06813393443713553
628	0.765502742753146
621	0.505076715588194
605	0.024592913469434277
598	0.01632621572276336
584	0.0666115883732272
573	0.3933505612623377
681	0.5859924216119492
682	0.0
690	0.1798217035014394
665	0.5003107892577879
677	0.6493753880771268
674	0.04592621866437081
672	0.8815124279571662
749	0.495639403306028
748	0.03550633096386237
742	0.5769451657912812
711	0.8508992282766132
804	0.8704848880099536
795	0.0
793	0.6863909372788741
821	0.0
773	0.0871679722549628
770	0.0
787	0.6084525305317574
781	0.046439790019990775
777	0.5003107892577879
825	0.0
18	0.9480121245111703
7	0.6529849602828837
6	0.042833297439214504
45	0.08990780740033026
73	0.08990780740033026
66	0.08990780740033026
117	0.15100468967605965
113	0.6448173220261862
106	0.6751659870906488
99	0.031126466544115966
89	0.8237734670332262
88	0.8967023133821381
141	0.42390790986795013
142	0.46509966998703395
147	0.5003107892577879
149	0.034351069308963984
120	0.5003107892577879
119	0.5003107892577879
134	0.06857892950709182
168	0.10092753748057605
173	0.7055000079239437
177	0.5003107892577879
181	0.9075371068974307
179	0.0653494522261254
183	0.5980048646361971
193	0.5282613516504823
274	0.4707594082392301
291	0.6455821347532535
286	0.129528962000264
304	0.5547641172103052
303	0.7964132770281604
326	0.5003107892577879
314	0.012922389410053898
329	0.014567824725245503
344	0.7459178592808987
345	0.0
386	0.08455928914392336
384	0.0
390	0.0037874442279637772
397	0.006880451932957539
415	0.01675045288779468
418	0.9086390011365044
417	0.004082074528089594
420	0.0011394427432089487
419	0.011457216650850578
422	0.42390790986795013
425	0.08455928914392336
441	0.5098426846109164
469	0.003058560077528398
485	0.495639403306028
491	0.03690064598483117
555	0.0
514	0.0
616	0.018437406023690865
592	0.0
568	0.11696578708060018
569	0.7312614621453168
664	0.4339421578450491
648	0.43608628130967725
660	0.03194765236857739
656	0.03690694383021686
646	0.48047734882841175
645	0.07787805143535795
696	0.3267446401414406
701	0.43608628130967725
803	0.848879489834943
802	0.0033334267314885386
792	0.14194677829241542
817	0.4339421578450491
812	0.06057215498516534
811	0.035848424320310754
814	0.0
779	0.23422113834179104
823	0.32506768164203026
13	0.024160718545362378
49	0.02416071854536242
48	0.7850916590371044
34	0.8237734353124501
35	0.9180195002141417
24	0.43608628130967725
27	0.03793778705613978
28	0.43608628130967725
85	0.1654660132111034
77	0.38427921228616096
71	0.7327740535004468
97	0.43608628130967725
137	0.6904149068707419
128	0.6068266397052583
127	0.43608628130967725
171	0.6480366092812886
178	0.07222772393739481
201	0.0
212	0.8929587249716752
209	0.01687672109084622
187	0.4339421578450491
190	0.4124217257125015
195	0.4399306689092938
232	0.7749919821491933
246	0.5500131908126659
241	0.17820708417226744
215	0.7884585901659529
229	0.4390094741465151
225	0.794474877431646
224	0.43608628130967725
267	0.8713176350033135
293	0.0692249804022976
281	0.26068970611749487
285	0.8042823990427175
306	0.19774434570484165
299	0.8823714513167286
301	0.8408399226396397
338	0.7645566279487204
357	0.4399306689092938
358	0.2942065484053732
350	0.05696904051328339
372	0.4063189148598822
362	0.12717407871256217
387	0.013136208129938182
393	0.07787805143535795
401	0.24405928367082422
414	0.0
424	0.42128206112987676
436	0.0
440	0.15065846607683342
454	0.4339421578450491
452	0.14195945114755532
458	0.005259286233653041
455	0.7048252595673934
474	0.20560527196432177
497	0.2010758351712062
498	0.18185250217117044
556	0.0
531	0.0
534	0.20336799567790287
522	0.0
512	0.045236492301425305
624	0.0
623	0.8421883714134802
610	0.04916105548766686
614	0.0
606	0.27553445718053576
596	0.027281950252014138
595	0.020961733622292394
583	0.0
587	0.0
578	0.48501162781617324
580	0.9135826820588062
649	0.4804408255474022
662	0.7915809430104975
637	0.0824332542060209
644	0.0
643	0.892641076423884
640	0.7134747547933854
745	0.0
753	0.4763306027084709
752	0.0824332542060209
733	0.0
718	0.3442675477098809
720	0.5760645645340381
695	0.0824332542060209
798	0.25018180322780215
813	0.08537560642210781
810	0.08537560642210781
774	8.443927992687621E-4
767	0.0
764	0.0
789	0.08537560642210781
780	0.029951374605657284
775	0.0
20	0.4786050696387598
12	0.6647307105277286
5	0.030902919480384795
37	0.2387401246957505
26	0.01126346303057284
29	0.031843078564269184
81	8.443927992687621E-4
58	0.08537560642210781
109	0.4804408255474022
103	0.9145876036543619
95	0.48501162781617324
90	0.720913032450444
87	0.029238466074763332
143	0.7190988678764137
131	0.8817644479660868
152	0.4763306027084709
151	0.15599181205838883
166	0.08537560642210781
208	0.02907521829976615
189	0.48501162781617324
185	0.8261974427153825
192	0.4565047584928892
194	0.0824332542060209
235	0.8723729962457322
236	0.8215339812544473
245	0.18352597278663604
220	0.0846191377260154
227	0.38803204570757166
266	0.0878633417771132
265	0.45194133468861736
264	0.4432578071812327
308	0.6892703189377493
307	0.38789719443254916
298	0.22272976773030104
342	0.827959693044874
334	0.8618917508719948
349	0.48501162781617324
367	0.030552275919747747
360	0.7309925584670502
381	0.4804408255474022
400	0.0824332542060209
421	0.48501162781617324
428	0.31241310071887596
434	0.08537560642210781
438	0.4803630788613302
453	0.0024919507678604607
475	0.0
482	0.0
502	8.443927992687621E-4
561	0.0
560	0.6513300331115925
558	0.014076268536963022
557	0.5014436467369331
551	0.293645721548587
548	0.8506181776326585
542	0.5014436467369331
535	0.47080784990424973
530	0.0
508	0.20983372191491245
509	0.12485827183916193
618	0.0347954894677272
601	0.061065194144952824
582	0.04434627251522967
567	0.3419255709830583
691	0.19884859553867668
689	0.4966553992994641
676	0.8506184746331382
657	0.5269191807337114
744	0.08771145791482335
755	0.5014436467369331
734	0.3546738862231937
722	0.7597564616865968
725	0.4965858443888422
706	0.5014436467369331
818	0.42577701310579696
763	0.0
790	0.041287689200010004
16	0.5014436467369331
15	0.8196014950644119
22	0.0
9	0.008313831994383658
46	0.0
93	0.0
138	0.29942607953284484
121	0.0
126	0.260395908301147
125	0.1866203083563463
211	0.012086329734369483
210	0.8380005217434892
184	0.4966553992994641
198	0.9164235909795425
197	0.31119410957152877
217	0.5014436467369331
228	0.8214580294801248
261	0.72488212768528
262	0.1643927783785396
250	0.5068610207017316
252	0.6715871933089562
271	0.29327950427133365
276	0.7266581766918204
269	0.7036594892313791
279	0.27177432143058905
295	0.0905269950002825
325	0.6766482298903971
339	0.021947477106285567
331	0.021947477106285567
355	0.8362910845011974
348	0.4612162062026303
368	0.00975927769103179
378	0.0015767540283509907
426	0.08771145791482335
446	0.4966553992994641
449	0.5595958945796438
470	0.10600202394336346
463	0.003515796494522168
476	0.0
484	0.0015767540283509907
494	0.0028970981986839554
496	0.5240483172145755
565	0.04400012479995512
562	0.09090853397369639
559	0.0
550	0.0660869390153739
546	0.8735064660311243
537	0.0
528	0.3339580100957469
521	0.0
505	0.021630096070883627
626	0.9110450340334064
615	0.32441991030297923
599	0.0
588	0.0020367869154074986
590	0.6782702697402445
572	0.05722386243004231
683	0.5141837237741977
688	0.5141929397243847
668	0.0
671	0.09090853397369639
651	0.5852252227131829
654	0.8959520129954864
641	0.01713348756345138
756	0.5046313240323671
712	0.022544314415156537
713	0.07830269114034846
724	0.7085444964701164
726	0.0
697	0.468596439512991
708	0.509416861938311
801	0.09334624148483847
760	0.0
778	0.2883498859938646
17	0.21780842705027287
14	0.09090853397369639
4	0.7901209549495278
42	0.08809031583837833
41	0.509416861938311
39	0.0033800198357357295
31	0.09090853397369639
36	0.09334624148483847
30	0.1132140944852399
84	0.4373283111961953
78	0.020953252882143045
62	0.3388019637918427
111	0.006904924064391705
101	0.3652263933042806
98	0.4946228640814759
136	0.0
148	0.5096875341625717
123	0.7290846864712139
133	0.531899628559435
161	0.09334624148483847
160	0.8528649918305787
159	0.4373214619813447
165	0.5046372106910971
164	0.44210435084703614
200	0.055473951905966025
191	0.09090853397369639
233	0.060636090794687306
234	0.0020367869154074986
242	0.8655331721414674
218	0.890568287869968
257	0.24832173853050354
249	0.7445874985756273
272	0.03466137627103309
270	0.0
294	0.20475882163890727
284	0.1543461275037094
300	0.6144804823143337
321	0.2713643591567363
322	0.6843691072490015
319	0.08809031583837833
327	0.7285568424141122
385	0.01713348756345138
391	0.0
405	0.509416861938311
433	0.009801443946943484
435	0.0033800198357357295
447	0.09090853397369639
464	0.6138332583937103
479	0.0332640732805326
493	0.0
499	0.4733725335199063
566	6.991424393776749E-4
549	0.0
532	0.7263134461731158
520	0.019015553944028003
515	0.4022676794224511
511	0.7117110800896214
630	0.8754237798233547
617	0.430792307810724
620	0.0
619	0.622277346739915
607	0.2332461772631847
613	0.0
611	0.0
589	0.002946599065023121
581	0.05909845262954517
685	0.0
680	0.08162880211283181
692	0.5671242775117789
669	0.0
663	0.07057421954104924
650	0.7240515350146723
635	0.07904748258123409
631	0.0
634	0.7542219910197148
746	0.0
750	0.8195913393208092
747	0.002946599065023121
754	0.07598293843283985
751	0.010832727041810361
758	0.018626494077429737
731	0.17170129675977788
737	0.43446352184892006
736	0.46227646966401487
739	0.2772779007340624
714	0.13190012915430313
716	0.4659117637971276
707	0.02824235578774205
710	0.8261033345054223
709	0.46227646966401487
800	0.042317387872695934
796	0.3742578671055379
797	0.0
794	0.0
820	0.03533595992911394
819	0.02702164645826409
822	6.991424393776749E-4
769	0.46227646966401487
761	0.07276877832954846
759	0.8584534150596945
784	0.1775464768732491
47	0.4703040943565526
53	0.8588349859757328
52	0.002946599065023121
74	0.4031006703941809
55	0.0
116	0.3091608536729172
100	0.23307450777293326
94	0.4659117637971276
146	0.8513012529456064
150	0.07904748258123409
124	0.26936082613840345
169	0.8494382721877181
156	0.08162880211283181
207	0.46227646966401476
231	0.8046747212469634
243	0.4592724584215814
240	0.08162880211283181
258	0.7809043631653867
259	0.01992930053516136
251	0.02824235578774205
273	0.3487011963206087
268	0.7417259192360106
288	0.43885585240834624
292	0.7104658810494573
305	0.4577464665475497
297	0.03909120093745745
323	0.46855583002517825
324	0.4927532134851791
318	0.4703040943565526
337	0.49690037243160823
351	0.5973528033825624
347	0.003972094236552174
373	0.20285111399776748
365	0.8604401229257972
377	0.0294708925745749
376	0.0
382	0.8600886538054466
379	0.03129979244974679
388	0.5850630292925316
392	0.4592724584215814
431	0.6037109911666578
437	0.4659117637971276
445	0.0
459	0.05179502636009822
471	0.028448939078696396
486	0.0023378548270454854
481	0.007624441132887863
488	0.8341532183231808
554	0.0
539	0.49218283125008366
536	0.012655450120697858
523	0.0
526	0.05934473133510526
519	0.011811866884370064
513	0.0
629	0.4827236115950772
609	0.3801553015639445
594	0.8363184059216354
575	0.7021521000102211
577	0.07782516964812353
574	0.03795602505659752
679	0.8596567665814562
675	0.3506872623802891
638	0.4827236115950772
757	0.0190507925189743
732	0.10715786656064452
741	0.4873833234643516
721	0.08085191033138618
723	0.4822277331700039
698	0.06298890286492927
700	0.3511829152433644
702	0.004345616351224067
705	0.4868570717985471
805	0.07782516964812353
816	0.07782516964812353
815	0.0
808	0.020425210584179083
807	0.4873833234643516
768	0.0
766	0.6658198917203839
788	0.01727914188123284
783	0.023191531143596733
782	0.07782516964812353
824	0.0
10	0.42095420701618913
11	0.4873833234643516
3	0.9069855960460145
54	0.7595991550684105
51	0.08085191033138618
33	0.028497645715283224
32	0.08094878236707931
23	0.03369834637833311
80	0.585371613008141
82	0.35674716716228877
76	0.4827236115950772
72	0.4531856779891114
65	0.49218283125008366
59	0.8190306637245628
60	0.0
57	0.8870251845584926
115	0.49218283125008366
114	0.49218283125008366
107	0.08085191033138618
105	0.3848299102376474
104	0.0
96	0.16613189689335986
140	0.5968162762414786
144	0.02392589175910231
174	0.07782516964812353
180	0.26703015587735385
153	0.4485179194383372
238	0.08338995942857402
222	0.6975661214558835
260	0.4873833234643516
247	0.47717824805960135
278	0.00409398224679517
277	0.04310121272435466
275	0.8711325199121013
296	0.03752725434833281
320	0.7220891662450779
317	0.8355573932709645
336	0.4531856779891114
335	0.004062379292347857
332	0.08308854022026127
353	0.041826892856670767
354	0.4873833234643516
371	0.08474362419941124
359	0.2447683559165223
395	0.07782516964812353
402	0.0
406	0.07782516964812353
404	0.692837717378116
407	0.02001615971837758
416	0.8000603651539692
423	0.0
432	0.001139680084946785
451	0.07782516964812353
460	0.001139680084946785
467	0.6228936120044553
478	0.8649468901166976
477	0.19820468316016188
472	0.8900155300019528
473	0.5955314818541053
487	0.70752142004438
490	0.7847974504664184
564	0.2128584881280919
563	0.6098448632597497
552	0.04416941595488408
533	0.0
524	0.0
510	0.0
602	0.0
600	0.750809065630953
603	0.07221736819182134
604	0.06111503571034227
591	0.09185945106229276
570	0.048882914188120206
693	0.025287344894169138
694	0.3905403163010591
670	0.2888547921832086
667	0.08165369942485184
666	0.8532088322152291
647	0.037355528437148976
659	0.4664557968718525
636	0.5067026842866343
632	0.09185945106229276
730	0.0640914644997729
719	0.1862573379738084
703	0.16535820353566927
806	0.6793509563151072
771	0.002399946783582741
765	0.0
762	0.4970521237559547
786	0.0
776	0.09457285709408039
21	0.0
1	0.5067026842866343
44	0.4663736581628001
38	0.8431824135164665
67	0.1785416675176663
68	0.5018776258685594
69	0.471198716580875
70	0.4663736581628001
63	0.18010930809320097
64	0.6098448632597497
61	0.5067033545934887
56	0.4970521237559547
112	0.9167800052247308
108	0.5018776258685594
92	0.054787326164424124
145	0.6815576830625677
130	0.8411923780143733
170	0.36877068157287785
172	0.181258750418801
182	0.5019665524911364
154	0.2092131787850986
157	0.08052598731842894
155	0.06453706454297993
162	0.09457285709408039
203	0.06210783600336206
204	0.6753275404190056
199	0.5018776258685594
213	0.3953664823767012
237	0.5018776258685594
255	0.05873594417478274
256	0.61355868451419
253	0.4260442528596855
289	0.09457285709408039
283	0.7995108705039276
309	0.7872580563981039
302	0.02433085903382308
313	0.6136241928220164
311	0.5067026842866343
340	0.0031624708034313324
352	0.4970521237559547
343	0.0
374	0.040002866306116804
370	0.002399946783582741
361	0.025522916286537585
383	0.1468385702679551
389	0.5054598917219342
396	0.2092131787850986
410	0.02433085903382308
409	0.0
427	0.0
430	0.4970521237559547
462	0.5018776258685594
480	0.017513875544052076
544	0.004611623446269115
529	0.006971304126074954
525	0.8379065962049765
516	0.0
506	0.08264307846990593
627	0.5045263432035436
622	0.1564534907209485
597	0.08402434113035298
586	0.0
571	0.0
686	0.05000009176515195
684	0.058605696669507476
673	0.677060566426333
658	0.40225270921543654
633	0.7615674917500616
639	0.8155669984827587
642	0.0939706494284116
728	0.0
735	0.7256627003202715
740	0.0
715	0.5045263432035436
717	0.39264028285934377
704	0.42833343118255096
791	0.002035741438785671
809	0.0310237943191643
8	0.8939270179997465
2	0.0939706494284116
50	0.4997200149723412
83	0.5045263432035436
86	0.05570635785284486
102	0.8395983493439967
139	0.5635346660308549
132	0.06908270178443238
175	0.5045263432035436
176	0.02423504270195467
163	0.5045263432035436
202	0.7628328040368264
214	0.5045263432035436
186	0.8232425591888861
244	0.8520684359715801
216	0.4736391463792087
254	0.8838757191155269
263	0.7622363421573312
290	0.2546783138761396
280	0.6739310710092957
316	0.8390778399769127
312	0.14419656229414246
341	0.0
356	0.25465939514304986
369	0.09898155095959643
363	0.4997200149723412
375	0.0
394	0.46883062283602916
403	0.0
408	0.32124387497161677
412	0.0
411	0.034905884199651745
429	0.04973991461610834
444	0.0031443477613995285
442	0.5045263432035436
448	0.0939706494284116
457	0.0939706494284116
456	0.0
465	0.0
500	0.0
501	0.03981232793067537
495	0.5045263432035436
