1
2
5
6
8
11
13
20
22
25
36
42
54
216
241
254
371
376
492
493
603
606
642
647
653
699
721
1377
1380
1387
1437
1492
3
4
29
7
9
12
16
10
19
14
15
17
26
33
43
44
65
117
135
145
169
172
271
341
1395
1673
18
24
38
39
47
60
142
173
247
250
325
333
423
463
644
678
686
689
724
736
774
812
816
818
907
909
934
943
1052
1072
1106
1149
1232
1355
1359
1594
1641
21
236
23
27
28
230
30
31
68
80
97
104
120
128
140
157
190
196
197
198
204
219
224
251
291
301
323
331
355
357
384
420
537
673
737
759
2327
2334
2419
2551
2553
32
34
237
238
242
243
35
119
37
40
69
71
78
86
87
41
45
49
127
176
194
208
232
309
352
359
360
362
396
474
512
523
526
528
534
554
563
575
578
589
630
682
796
808
824
836
873
895
918
953
957
1056
1095
1215
1276
1596
1598
1624
1627
1628
1639
1650
1686
1721
2194
2202
2220
2233
2361
2362
2744
2867
2883
3158
46
48
51
57
316
1239
1805
2375
50
52
53
96
259
260
312
1194
55
56
3555
58
59
61
72
75
77
79
90
92
93
94
100
101
103
106
107
109
111
112
114
121
123
124
125
134
138
141
143
146
152
154
155
156
158
159
162
178
181
185
186
187
206
209
210
211
218
222
233
244
245
253
268
272
281
282
293
296
297
302
304
306
310
315
317
326
337
338
356
364
369
382
385
391
392
418
421
424
425
426
427
432
434
437
440
441
442
444
447
454
456
460
461
465
470
479
480
485
496
499
500
501
504
506
509
517
519
544
549
552
557
558
560
564
565
566
569
574
577
582
585
592
597
600
611
614
616
629
635
655
660
663
666
690
707
709
710
711
713
718
729
733
749
754
765
766
767
772
779
780
789
794
813
821
831
858
862
865
870
881
883
896
898
900
915
917
939
942
954
967
968
991
993
1000
1001
1015
1018
1025
1028
1038
1055
1062
1068
1078
1081
1086
1138
1162
1166
1183
1187
1190
1234
1288
1332
1336
1338
1415
1433
1434
1438
1440
1443
1452
1453
1454
1467
1536
1606
1620
1637
1644
1646
1648
1652
1676
1687
1699
1734
1742
1773
1795
1802
2530
3157
62
164
166
167
170
171
174
175
177
235
262
263
266
345
361
363
375
63
105
180
195
200
239
264
64
83
66
81
255
308
530
596
636
672
683
734
739
755
834
856
937
984
1064
1067
1161
1828
1871
67
73
88
70
74
84
85
76
735
738
82
670
871
89
91
95
98
126
129
131
133
149
1410
1419
1448
99
102
108
110
234
265
1587
1589
113
165
358
1089
115
116
118
122
246
694
743
814
130
148
201
217
567
132
1412
1413
136
137
191
207
229
387
428
435
449
457
514
139
144
147
1313
1487
1531
150
153
151
189
160
161
182
184
1109
1124
1158
1176
1277
1278
1891
2018
2023
2032
3156
163
168
179
287
183
188
192
193
286
640
646
649
199
202
261
343
203
205
212
213
214
422
215
374
378
394
414
433
438
439
571
768
778
798
941
945
1324
1425
1445
1460
1466
1482
1494
3295
3509
220
221
314
395
399
403
455
471
494
510
561
620
628
722
936
1050
1054
1061
1096
1151
1361
1388
1393
1449
1450
1472
1478
2256
2258
2312
2365
2378
2431
2499
2501
2517
2555
2561
2565
2571
2587
2736
2900
3023
3059
3258
3283
223
225
335
226
227
228
231
252
579
854
1301
1305
1308
1841
1953
1960
240
2164
248
267
294
334
407
700
748
770
828
1029
1160
1167
249
2027
2059
256
257
332
354
258
269
279
270
295
298
303
305
319
322
389
466
468
541
546
559
587
621
639
657
661
741
803
868
944
989
1093
1351
1378
1417
1573
1580
1697
273
275
276
277
274
278
280
1360
2165
283
284
285
292
288
353
373
386
289
290
311
568
1145
299
328
339
397
443
609
641
802
846
908
1268
1658
1905
2064
2065
300
307
2026
3489
313
318
409
320
330
340
372
381
430
467
473
475
476
481
503
515
524
532
547
553
576
584
692
752
784
875
946
958
1022
1071
1079
1200
1226
1241
1243
1250
1296
321
324
327
329
336
342
344
350
346
347
348
349
351
365
366
367
2427
368
370
377
379
380
383
408
477
388
415
390
393
398
489
507
1512
1848
1858
1864
400
401
402
419
429
450
451
452
453
531
539
404
518
2028
2030
405
406
411
638
1323
1328
1335
1526
1551
410
412
413
1457
416
417
431
458
545
799
829
897
436
445
602
732
446
459
469
483
487
490
491
522
1076
1610
1611
3236
448
508
1013
462
464
472
521
478
482
516
484
486
488
1727
495
497
669
498
502
555
505
1246
1248
1651
511
513
520
615
623
525
536
527
538
542
626
529
1430
1574
533
535
540
543
1005
1007
1008
548
550
551
556
562
570
572
581
573
610
622
580
586
588
583
590
591
593
594
595
627
753
975
598
662
599
601
605
608
634
637
604
619
2188
2200
2240
2308
607
704
763
769
1535
1539
612
613
617
771
790
811
819
851
864
885
891
893
933
1073
1157
618
631
648
624
1632
625
632
714
727
888
633
1164
1312
643
671
747
758
645
650
656
658
665
651
820
652
664
654
684
932
659
667
842
1009
1159
1168
1182
1253
1255
1398
1401
668
674
675
677
687
719
726
740
773
777
787
853
860
998
1003
1127
676
679
906
680
688
952
955
978
1024
1026
1027
1131
1204
1285
1320
1546
1565
2363
2625
2660
2684
2692
2699
681
685
691
693
695
696
697
698
701
702
806
815
703
745
705
706
708
839
712
715
927
986
716
792
717
725
720
723
728
731
1066
1101
1150
1155
1468
1653
1665
1786
2380
2397
730
742
760
926
744
746
840
841
843
1047
1083
1133
750
751
872
886
894
902
973
996
1063
1125
1134
1140
1220
1222
1238
1240
1550
1716
1720
1725
1751
1808
1809
1821
1894
1975
2151
2619
2621
756
757
912
1555
1616
1663
1754
1772
1819
1839
761
805
869
762
776
781
764
775
782
830
783
785
786
788
795
810
791
793
797
800
809
801
804
807
817
822
823
825
826
827
890
832
833
835
837
857
838
849
913
919
844
848
845
847
892
1347
850
852
1806
855
859
1497
1500
1501
1508
1509
861
863
866
867
887
874
876
921
877
880
878
879
882
920
923
1362
1408
1429
884
889
1020
1141
899
901
916
903
904
905
910
911
914
922
924
925
949
961
928
1228
1294
929
930
931
1058
1358
935
1075
938
947
950
960
994
940
951
964
965
1390
948
956
977
981
983
987
1010
1077
1080
1175
1192
1201
1279
1298
1640
959
962
963
1012
1016
1021
1202
1206
1282
966
988
992
969
970
982
999
1002
1040
971
990
972
974
979
1017
1019
1233
1270
1289
1299
1302
1304
1307
1309
1383
976
980
1037
1909
985
995
997
1011
1337
1529
1530
1004
1006
1014
1023
1265
1030
1031
1231
1032
1036
1042
1051
1847
1852
1033
1034
1035
1039
1180
1041
1043
1048
1099
1113
1044
1400
1045
1046
1154
1184
1199
1221
1291
1353
1365
1367
1049
1331
1569
1053
1065
1126
1333
1057
1128
1130
1447
1059
1411
1060
1082
1069
1427
1818
1070
1085
1074
1084
1087
1108
1118
1120
1123
1088
1090
1091
1092
1100
1111
1112
1094
1097
1098
1104
1152
1170
1102
1103
1105
1110
1405
3246
1107
1116
1121
1177
1181
1225
1235
1249
1251
1264
1266
1267
1297
1341
1349
1350
1369
1373
1382
1385
1391
1396
3393
3396
3466
3467
3468
1114
1115
1207
1303
1117
1119
1122
1144
1188
1196
1198
1205
1259
1129
1132
1135
1136
1137
1171
1174
1178
1185
1193
1139
1143
1456
1142
1146
1147
1148
1153
1156
1189
1163
1165
1169
1172
1173
1203
1179
1340
1371
1375
1394
1423
1431
1498
1585
2938
2967
3001
3009
3018
3327
3334
3390
3670
1186
1286
1290
1315
2081
1191
1195
1197
1812
1208
1209
1275
1283
1210
1211
1212
1213
1214
1216
1258
1260
1217
1218
1219
1274
1223
1236
1237
1329
1224
1227
1339
1348
1356
1229
1230
1242
1244
1245
1272
1421
1422
1247
2012
1252
1256
2049
1254
1257
1262
1300
1261
1379
1810
1814
1831
1874
1969
1974
2004
2007
2010
2011
2015
2036
2283
3463
3653
3687
3689
3714
3716
1263
1269
1271
1273
1280
1281
1662
1284
1295
1310
1287
1432
1292
1436
1441
1293
1306
1311
1314
1319
1322
1325
1407
1496
1502
1534
3064
3065
3066
3072
3082
3404
3411
3412
1316
1327
1342
1389
1402
1446
1608
1317
1318
1321
1334
1326
1330
1343
1344
1345
1357
1346
1372
1352
1354
1363
1370
1392
1364
1366
1368
1404
1510
1513
1552
1374
1381
1484
1747
1376
1420
1384
1386
1989
1997
2328
1397
1399
1403
1426
1406
1493
1717
1409
1414
1442
1469
1416
1499
1418
1424
1428
1713
1435
1439
1504
1711
2732
1444
1451
1455
1682
1793
1458
1459
1791
1461
1471
1476
1495
1618
1626
1666
1462
1475
1505
1463
1578
1464
1465
1470
1474
1507
1548
1823
2038
2039
1473
1506
1477
1479
1488
1490
1491
1503
1681
1780
1803
1813
1816
1822
1830
1928
1930
1931
1986
2025
2034
2035
2044
1480
1481
1489
1483
1485
1718
1730
1732
1486
1600
2074
2090
2101
2118
2147
1511
1514
1516
1532
1547
1590
1515
1517
1579
1518
1519
1556
1575
1591
1612
1613
1614
1671
2122
1520
1528
1829
1521
1524
1525
1527
1965
1522
1926
1523
1533
1537
1558
1538
1540
1542
1541
1543
1545
1549
1563
1544
1557
1553
1570
1576
1554
1562
1568
1571
1572
1559
1577
1560
1564
1561
1581
1633
1645
1566
1567
1582
1603
1583
1584
1595
1670
1706
1824
1951
1586
1588
1788
1798
1592
1604
1593
1601
1607
1597
1609
1988
1599
1638
1602
1605
1615
1936
1617
1679
1619
1625
1621
1629
1631
1649
1622
1636
1623
1630
1634
1635
2002
2003
1642
1643
1647
1661
1667
1678
1654
1655
1664
1669
1672
2110
2136
2137
2138
2139
2657
2889
2890
3732
3748
1656
1825
1657
1659
1668
2134
2135
1660
1883
1674
1685
1675
1677
1680
1691
1694
1698
1701
1709
1719
1736
1683
1692
1702
1684
1704
1688
1724
1740
1741
2187
2253
3081
3083
3303
1689
1690
1693
1700
1728
1695
1696
1703
1705
1707
1708
1710
1712
1715
1714
1722
1877
1878
1889
1723
1729
1731
1726
1733
1735
1949
2077
1737
1738
2099
2128
1739
1762
1775
1743
1744
1820
1870
1955
1745
1746
1785
1748
1755
1777
1749
1752
1753
1750
1771
1797
2085
2091
2117
1756
1776
1757
1769
1853
1854
1758
1766
1774
1759
1760
1925
1935
1939
1940
1761
1763
1764
1781
1790
1792
1845
1851
1860
1765
1767
1888
1892
2182
2213
1768
1770
1778
1779
1783
1784
1923
1782
1787
1789
1815
1842
1794
1796
1799
1800
1801
1804
1807
1827
2094
2095
2096
2132
2411
2412
2413
2415
2547
2548
2562
2577
2626
2627
1811
1817
1956
1826
1859
3735
1832
1833
1834
1835
1836
1837
1838
1840
1873
1875
1882
1967
1984
1843
1844
1869
1872
1982
1846
1920
1927
1929
1934
1938
1972
1849
1850
1856
3036
3052
1855
1978
2050
1857
1861
1862
1866
1893
2016
1863
1865
1867
1880
1868
1876
2402
1879
1881
1885
1886
1884
2526
2557
1887
1890
1895
1911
1917
1921
1957
1958
1968
1991
1994
1996
2000
2184
1896
1898
1901
1902
1904
1907
1912
1987
1897
1899
1903
1900
1914
1918
2388
2395
2396
2417
2432
1906
2069
2079
2080
1908
1910
1913
1915
1916
1924
1942
1948
1950
1919
1922
1932
1943
1985
2195
2196
2205
2207
2211
2214
2216
2228
2235
2249
2251
2490
2500
2507
2554
2579
1933
2056
1937
2116
1941
1944
1945
1946
1947
1952
1961
1962
2005
2006
2008
1954
1959
1963
1971
1973
1964
1966
1970
1976
1977
1998
2058
3074
3086
1979
1980
2076
2082
1981
1983
1990
1992
3047
1993
1995
1999
2029
2031
2667
2775
2777
2001
3048
2009
2013
2014
2017
2055
2083
2148
2340
2414
2019
2021
2061
2063
2068
2070
2078
2558
2560
2563
2597
2618
2694
2700
2702
2978
2988
2997
3130
2020
2024
2022
2067
2299
2349
2033
2037
2098
2167
2232
2040
2046
2047
2084
2092
2478
2727
2041
2093
2042
2043
2045
2711
2726
2741
2743
2757
2760
2774
2778
2808
2821
2873
2904
2910
2977
2985
2048
3049
3055
3063
2051
2060
2062
2086
2127
2154
2052
2097
2159
2472
2053
2054
3046
3125
2057
2075
2066
2071
2087
2089
2104
2072
2073
2088
2100
2102
2103
2105
2106
2107
2108
2109
2111
2112
2113
2114
2123
2124
2125
2126
2129
2130
2160
2162
2178
2181
2210
2444
2446
2447
2449
2451
2115
2119
2120
2121
2144
2146
2267
2131
2133
2142
2150
2497
2498
2140
2145
2141
2143
2149
2155
2156
2157
2163
2168
2171
2152
2170
2174
2177
2459
2153
2158
2166
2173
2161
2209
2169
2179
2189
2226
2324
2331
2333
2172
2175
2176
2180
2183
2185
2186
3088
3089
3105
3106
3113
3122
3144
2190
2191
2192
2193
2221
2227
2237
2250
2197
2198
2199
2201
2239
2203
2208
2236
2643
2204
2206
2268
2273
2275
2279
2284
2285
2287
2291
2294
2212
2217
2218
2224
2225
2234
2244
2247
2286
2289
2290
2307
2313
2314
2315
2319
2320
2325
2332
2215
2222
3354
2219
2238
2223
2242
2243
2246
2271
2229
2231
2230
2241
2573
2245
2248
2252
2254
2263
2255
2260
2261
2281
2282
2344
2474
2488
2257
2259
2799
2802
2806
2831
2891
2262
2266
2272
2288
2264
2265
2425
3313
2269
2270
2276
2274
2278
2296
2366
2369
2477
2277
2293
2295
2297
2351
2386
2391
2434
2436
2454
2485
2556
2609
2636
2640
2649
2655
2659
2662
2669
2680
2697
2724
2731
3249
2280
2399
2400
2292
2318
2322
2323
2338
2298
2321
2329
2300
2302
2305
2301
2310
2326
2336
2341
2356
2357
2358
2359
2360
2376
2398
2403
2404
2407
2420
2465
2468
2857
2303
2471
2920
2304
2342
2345
2346
2347
2350
2355
2364
2368
2377
2381
2383
2385
2393
2401
2405
2406
2306
2309
2311
2316
2317
2330
2335
2348
2801
2827
2834
2848
3120
3233
3240
3304
3363
3366
3378
3406
3422
3441
3452
3476
3482
3483
3488
2337
2339
2352
2503
2343
2584
2353
2354
2367
2384
2418
2370
2372
2373
2374
2371
2379
2429
2456
3196
3208
3245
3254
3256
3262
3267
3270
3271
3272
3273
3274
3276
3277
3284
3289
3293
3300
3314
3315
3320
3322
3329
3332
3389
3391
3394
3398
3402
3423
3425
3427
3429
3440
3446
3450
3496
3504
3506
3561
3562
3563
3564
3704
3706
3727
3733
3734
3736
3744
3751
3752
2382
2387
2389
2844
2390
2394
2392
2620
2408
2458
2509
2409
2426
2433
2442
2443
2467
2470
2481
2482
2527
2528
2410
2416
2424
2437
2455
2462
2534
2559
2572
2593
3073
3352
3374
3413
2421
2422
2457
2423
2428
2430
2843
2435
2473
2438
2453
2439
2440
2441
2461
2445
2448
2450
2452
2460
2463
2464
2466
2469
2475
2476
2479
2492
2480
2493
2483
2484
2486
2522
2487
2489
2491
2494
2496
2495
2502
2505
2506
2531
2535
2545
2595
2504
2508
2510
2512
2529
2540
2541
2542
2543
2575
2578
2683
2723
2725
2730
2746
2748
2767
2511
2519
2566
2513
2523
2524
2525
2546
2549
2550
2586
2622
2514
2740
2515
2521
2516
2518
2520
2532
2533
2536
2537
2539
2538
2552
2851
2980
2544
2807
2842
2845
2564
2568
2570
2580
2581
2567
2576
2569
2592
2574
2582
2589
3248
2583
2591
2981
3244
3257
3624
3630
2585
2588
2610
2617
2668
2863
2972
2590
2611
2594
2602
2966
3045
3060
2596
2601
2604
2606
2624
2632
2634
2635
2598
2599
2672
2600
2607
2603
2608
2645
2605
2612
2615
2623
2613
2614
2616
2666
2628
2738
2629
2631
3024
3025
2630
2633
2637
2919
2638
2639
2641
2661
2642
2644
2646
2647
2648
2650
2656
2663
2651
2652
2654
2701
2704
2708
2653
2673
2677
2797
2800
2810
2658
2664
2665
2675
2670
2674
2742
2671
2753
2676
2690
2678
2685
2687
2679
2681
2932
2934
2682
2686
2688
2691
2712
2689
2693
2695
2698
2696
2715
2703
2721
2705
2706
2717
2719
2722
2707
2739
2769
2770
2771
2772
2789
2822
2709
2713
2714
2716
2718
2710
2733
2734
3108
2720
2728
2729
2735
2737
2745
2763
3328
2747
2749
2752
2805
2858
2750
2751
2765
2773
2783
2754
2755
2756
2758
2782
2759
2762
2761
2766
2768
2764
2776
2791
2796
2803
2835
2837
2847
2850
2859
2897
2779
2784
2798
2804
2813
2814
2815
2840
2853
2856
2864
2865
2870
2871
2874
2875
2876
2881
2885
2898
2907
2909
2923
2930
2780
2786
2788
2790
2793
2795
2781
2785
2787
2792
2794
3370
2809
2826
2828
2830
2811
2812
2816
2817
2824
2818
2819
2854
2820
2823
2825
2829
2838
2839
2911
2916
2979
2832
2836
2833
2841
3126
2846
3119
2849
2903
2905
2852
2855
2860
2861
2862
2880
2914
2921
3004
3022
3094
3099
3228
2866
2868
2869
2872
2877
2878
2882
2957
2960
2973
2976
2998
3027
3038
3068
3078
3227
2879
2884
2887
2894
2886
2888
2892
2893
2895
2896
2899
2902
3421
2901
2906
2908
2931
2935
2912
2933
2913
2917
2940
2915
2918
2943
2922
2924
2929
2975
2925
2926
2927
2954
2928
2936
2937
2946
2939
2941
2948
2969
2970
3085
3095
2942
2944
2945
3084
3091
3100
3101
3102
3104
3117
2947
2949
2953
2959
2964
2974
2950
2963
2951
2952
2955
2956
2958
2961
2962
2982
2996
3033
2965
3044
3299
3495
3500
3566
3570
2968
2971
2983
2986
2984
2987
2994
2999
3020
3030
3203
3226
3238
3239
2989
2991
2990
2993
3032
3214
3223
2992
3021
2995
3053
3069
3000
3026
3002
3003
3006
3008
3011
3014
3015
3016
3005
3007
3010
3012
3017
3031
3034
3040
3061
3071
3013
3019
3037
3204
3209
3028
3054
3029
3050
3051
3070
3035
3039
3041
3042
3062
3043
3056
3057
3058
3173
3067
3269
3287
3075
3076
3092
3077
3079
3080
3087
3098
3179
3181
3090
3166
3250
3093
3096
3097
3103
3116
3124
3107
3109
3111
3139
3110
3112
3114
3127
3141
3115
3654
3118
3121
3123
3128
3129
3140
3142
3151
3159
3164
3169
3171
3190
3225
3237
3241
3260
3131
3134
3153
3155
3160
3132
3133
3137
3148
3135
3136
3150
3152
3154
3168
3176
3218
3219
3221
3285
3292
3294
3297
3316
3335
3345
3355
3367
3369
3407
3409
3416
3439
3445
3448
3490
3138
3266
3143
3146
3147
3149
3145
3161
3162
3163
3165
3175
3177
3178
3194
3198
3199
3200
3167
3174
3205
3210
3170
3172
3180
3185
3186
3187
3188
3189
3192
3193
3195
3197
3202
3182
3183
3184
3201
3206
3191
3207
3253
3211
3224
3243
3212
3213
3215
3216
3242
3275
3217
3234
3281
3220
3222
3229
3230
3232
3261
3263
3337
3470
3479
3669
3231
3235
3247
3255
3268
3333
3251
3264
3265
3252
3259
3278
3279
3282
3280
3288
3395
3400
3419
3424
3672
3286
3291
3290
3399
3403
3444
3296
3302
3321
3298
3301
3305
3312
3324
3362
3306
3307
3340
3341
3462
3491
3498
3505
3511
3530
3531
3558
3567
3573
3586
3308
3311
3309
3317
3319
3358
3368
3375
3310
3336
3339
3318
3323
3342
3343
3325
3326
3349
3330
3331
3338
3344
3357
3376
3346
3347
3348
3350
3397
3431
3351
3359
3364
3392
3410
3442
3443
3449
3457
3459
3460
3464
3469
3472
3484
3499
3502
3528
3529
3532
3534
3536
3537
3540
3550
3552
3559
3576
3594
3596
3605
3607
3616
3648
3649
3662
3713
3721
3723
3726
3353
3383
3433
3356
3360
3361
3414
3497
3508
3365
3592
3371
3379
3372
3373
3380
3388
3377
3453
3513
3515
3516
3518
3519
3523
3524
3541
3543
3547
3549
3551
3556
3565
3569
3631
3635
3637
3640
3381
3385
3415
3557
3603
3382
3384
3386
3387
3432
3474
3492
3493
3401
3405
3408
3418
3438
3417
3420
3426
3428
3430
3434
3435
3437
3436
3454
3447
3520
3522
3571
3451
3458
3517
3455
3465
3473
3475
3477
3456
3461
3610
3471
3478
3579
3480
3481
3503
3485
3486
3487
3494
3618
3622
3623
3628
3501
3507
3572
3510
3512
3521
3642
3643
3514
3526
3568
3525
3535
3538
3527
3533
3539
3542
3548
3544
3545
3604
3546
3553
3554
3560
3574
3575
3577
3588
3590
3591
3593
3595
3597
3600
3608
3609
3578
3581
3582
3583
3584
3585
3598
3599
3601
3606
3611
3612
3646
3651
3655
3656
3661
3663
3668
3722
3728
3739
3741
3743
3580
3587
3621
3589
3613
3614
3617
3629
3650
3671
3694
3697
3698
3699
3700
3705
3602
3760
3615
3620
3634
3619
3625
3626
3627
3632
3633
3636
3638
3657
3676
3639
3641
3644
3645
3724
3647
3652
3658
3659
3660
3673
3664
3665
3666
3667
3674
3684
3717
3675
3677
3678
3686
3679
3680
3681
3682
3688
3690
3692
3695
3701
3683
3685
3691
3693
3696
3702
3703
3709
3710
3711
3712
3718
3719
3707
3708
3715
3730
3720
3725
3729
3731
3737
3738
3740
3750
3742
3745
3764
3765
3746
3747
3756
3761
3762
3766
3749
3753
3754
3755
3757
3758
3759
3763
