1	1
459	1
1115	1
1129	1
2884	1
2911	1
3614	1
4211	1
6341	1
6348	1
2	2
13	2
16	2
3	3
4	3
3591	3
6435	3
5	4
449	4
485	4
501	4
706	4
832	4
6	5
19	5
7	6
23	6
343	6
346	6
8	7
9	8
14	8
34	8
37	8
51	8
57	8
72	8
76	8
85	8
104	8
138	8
150	8
172	8
175	8
208	8
216	8
219	8
226	8
255	8
257	8
260	8
269	8
288	8
289	8
385	8
412	8
529	8
561	8
562	8
563	8
587	8
609	8
693	8
743	8
749	8
815	8
836	8
844	8
935	8
948	8
986	8
1082	8
1262	8
1279	8
1333	8
1362	8
1462	8
1466	8
1512	8
1529	8
1576	8
1608	8
1626	8
1913	8
1965	8
2035	8
2046	8
2051	8
2241	8
2425	8
2426	8
2476	8
2482	8
2483	8
2506	8
2598	8
2619	8
2647	8
2674	8
2680	8
2694	8
2749	8
2789	8
2827	8
2914	8
3006	8
3051	8
3053	8
3126	8
3217	8
3474	8
3478	8
3774	8
4025	8
4191	8
10	9
18	9
22	9
334	9
11	10
15	10
45	10
48	10
91	10
12	11
84	11
155	11
222	11
243	11
313	11
322	11
352	11
379	11
381	11
445	11
486	11
488	11
527	11
536	11
548	11
555	11
586	11
633	11
729	11
745	11
834	11
837	11
852	11
908	11
1072	11
1116	11
1119	11
1319	11
1440	11
1453	11
1459	11
1515	11
2073	11
2235	11
2279	11
2365	11
2412	11
2477	11
2642	11
3384	11
3768	11
17	12
227	12
245	12
311	12
426	12
596	12
799	12
20	13
2390	13
21	14
50	14
70	14
96	14
108	14
157	14
210	14
259	14
290	14
294	14
318	14
380	14
441	14
468	14
479	14
491	14
516	14
541	14
551	14
620	14
631	14
639	14
648	14
670	14
682	14
701	14
760	14
805	14
811	14
843	14
847	14
848	14
905	14
909	14
925	14
944	14
999	14
1028	14
1058	14
1073	14
1086	14
1092	14
1093	14
1133	14
1136	14
1143	14
1145	14
1156	14
1168	14
1196	14
1205	14
1206	14
1211	14
1213	14
1217	14
1229	14
1244	14
1260	14
1269	14
1284	14
1285	14
1305	14
1332	14
1339	14
1341	14
1400	14
1402	14
1408	14
1418	14
1419	14
1461	14
1503	14
1517	14
1527	14
1544	14
1639	14
1644	14
1646	14
1659	14
1664	14
1725	14
1795	14
1799	14
1809	14
1824	14
1838	14
1934	14
1937	14
1940	14
1966	14
1969	14
1976	14
1977	14
1978	14
1981	14
1986	14
1990	14
2009	14
2078	14
2114	14
2140	14
2152	14
2156	14
2184	14
2197	14
2221	14
2258	14
2318	14
2335	14
2424	14
2427	14
2455	14
2504	14
2563	14
2568	14
2573	14
2651	14
2660	14
2685	14
2713	14
2735	14
2742	14
2799	14
2818	14
2819	14
2861	14
2876	14
2895	14
2932	14
2937	14
2953	14
2978	14
2984	14
3004	14
3025	14
3100	14
3125	14
3146	14
3191	14
3505	14
3544	14
3616	14
3643	14
3655	14
3833	14
3836	14
3845	14
3865	14
3940	14
3950	14
4028	14
4096	14
4209	14
4263	14
4364	14
4995	14
5029	14
5030	14
5169	14
5218	14
5254	14
5338	14
5394	14
6159	14
6537	14
24	15
59	15
93	15
123	15
146	15
353	15
507	15
1037	15
1040	15
1078	15
1404	15
4114	15
25	16
2974	16
6462	16
26	17
56	17
78	17
1650	17
27	18
41	18
43	18
60	18
99	18
573	18
592	18
600	18
714	18
1354	18
1476	18
28	19
29	19
33	19
62	19
2130	19
30	20
105	20
206	20
256	20
324	20
606	20
31	21
38	21
110	21
177	21
413	21
703	21
785	21
800	21
860	21
904	21
32	22
203	22
35	23
1111	23
1121	23
2261	23
3246	23
5500	23
5795	23
36	24
39	24
684	24
2092	24
40	25
489	25
556	25
42	26
44	27
1113	27
46	28
8402	28
47	29
54	29
97	29
141	29
194	29
270	29
349	29
363	29
371	29
377	29
608	29
646	29
1803	29
1854	29
1987	29
49	30
58	30
52	31
80	31
83	31
205	31
53	32
67	32
55	33
64	33
71	33
89	33
1585	33
61	34
66	34
1796	34
1845	34
63	35
90	35
149	35
154	35
164	35
258	35
309	35
317	35
326	35
328	35
355	35
387	35
450	35
492	35
554	35
560	35
572	35
591	35
616	35
624	35
705	35
750	35
773	35
787	35
824	35
874	35
996	35
1013	35
1061	35
1125	35
1197	35
1202	35
1263	35
1309	35
1363	35
1397	35
1441	35
1442	35
1619	35
1748	35
1839	35
2211	35
2250	35
2264	35
2297	35
2399	35
2528	35
2533	35
2583	35
2617	35
2769	35
3627	35
4246	35
4305	35
4556	35
5630	35
5822	35
65	36
98	36
111	36
124	36
167	36
179	36
192	36
211	36
212	36
235	36
268	36
661	36
752	36
753	36
788	36
1036	36
1388	36
1526	36
1533	36
1534	36
1536	36
1630	36
1753	36
1793	36
1826	36
1827	36
2301	36
2447	36
2606	36
2609	36
2610	36
2728	36
2729	36
2823	36
3072	36
3088	36
3156	36
3272	36
3517	36
68	37
69	38
74	38
73	39
88	39
1553	39
75	40
143	40
225	40
77	41
87	41
102	41
79	42
803	42
81	43
82	44
1401	44
1542	44
1567	44
86	45
2963	45
92	46
107	46
116	46
406	46
452	46
94	47
100	47
2548	47
2559	47
2698	47
95	48
101	49
113	49
118	49
2011	49
103	50
106	51
112	51
117	51
120	51
125	51
169	51
276	51
286	51
298	51
308	51
662	51
673	51
676	51
797	51
907	51
967	51
1053	51
1071	51
1075	51
1109	51
1215	51
1411	51
1420	51
1426	51
1446	51
1582	51
1591	51
1637	51
1656	51
1766	51
1820	51
1825	51
1995	51
2034	51
2632	51
2646	51
2750	51
2991	51
3218	51
3426	51
109	52
114	53
115	54
522	54
590	54
119	55
121	56
145	56
176	56
178	56
202	56
316	56
374	56
419	56
660	56
122	57
127	57
367	57
1064	57
1255	57
1259	57
1676	57
126	58
131	58
140	58
128	59
129	60
135	60
147	60
159	60
370	60
1179	60
1489	60
2567	60
3423	60
3767	60
130	61
132	62
136	62
137	62
182	62
271	62
323	62
354	62
356	62
408	62
493	62
526	62
552	62
601	62
619	62
1084	62
133	63
578	63
1301	63
4648	63
134	64
273	64
139	65
144	65
153	65
734	65
142	66
187	66
148	67
320	67
151	68
611	68
612	68
623	68
1090	68
1106	68
1108	68
1384	68
1960	68
4460	68
5117	68
5127	68
5493	68
5929	68
152	69
156	70
2067	70
158	71
165	71
160	72
180	72
183	72
196	72
223	72
246	72
161	73
1881	73
162	74
477	74
163	75
166	76
2739	76
3385	76
168	77
170	78
1378	78
8075	78
171	79
173	80
329	80
415	80
1738	80
174	81
181	82
204	82
224	82
184	83
261	83
185	84
499	84
186	85
207	85
232	85
237	85
3711	85
3789	85
188	86
1248	86
1452	86
1478	86
1497	86
189	87
2692	87
190	88
364	88
191	89
193	90
201	90
195	91
197	92
234	92
515	92
198	93
199	94
233	94
236	94
238	94
284	94
295	94
712	94
826	94
947	94
1038	94
1186	94
1480	94
1736	94
1808	94
1813	94
1889	94
1932	94
1967	94
200	95
209	96
250	96
724	96
213	97
214	98
215	99
217	100
218	101
347	101
376	101
220	102
1495	102
1507	102
221	103
369	103
1048	103
228	104
244	104
229	105
299	105
305	105
325	105
230	106
558	106
618	106
842	106
915	106
1204	106
1216	106
1359	106
1371	106
1399	106
2213	106
3533	106
4120	106
4131	106
4938	106
231	107
514	107
960	107
1029	107
239	108
344	108
1946	108
240	109
420	109
241	110
242	111
251	111
267	111
281	111
310	111
469	111
679	111
688	111
699	111
776	111
810	111
1110	111
1139	111
1192	111
1460	111
1657	111
1866	111
1988	111
2090	111
2195	111
2302	111
2319	111
2757	111
2924	111
2934	111
3316	111
3344	111
247	112
252	112
393	112
954	112
248	113
1798	113
249	114
254	114
253	115
262	115
263	116
338	116
416	116
829	116
845	116
866	116
870	116
981	116
1221	116
1484	116
1727	116
1812	116
2177	116
2242	116
2436	116
2445	116
264	117
2593	117
2746	117
265	118
373	118
266	119
272	120
287	120
331	120
906	120
914	120
931	120
1091	120
1144	120
1481	120
3548	120
3551	120
3567	120
3589	120
274	121
2154	121
2178	121
2192	121
275	122
307	122
312	122
315	122
342	122
1155	122
277	123
278	124
686	124
1717	124
279	125
282	125
283	125
280	126
1933	126
285	127
1797	127
291	128
292	129
336	129
747	129
762	129
293	130
3418	130
296	131
302	131
2666	131
2681	131
2704	131
297	132
303	132
300	133
340	133
383	133
458	133
508	133
575	133
652	133
719	133
814	133
892	133
990	133
1039	133
1120	133
1403	133
1570	133
1629	133
1634	133
1654	133
1720	133
2253	133
2362	133
2457	133
2507	133
2511	133
301	134
304	134
3923	134
306	135
360	135
314	136
321	136
319	137
330	137
337	137
339	137
348	137
351	137
357	137
644	137
738	137
798	137
1076	137
1256	137
1364	137
1521	137
1649	137
327	138
335	138
361	138
439	138
481	138
490	138
820	138
849	138
921	138
1022	138
332	139
333	140
341	141
545	141
345	142
350	143
399	143
436	143
358	144
470	144
540	144
1042	144
1443	144
1454	144
2133	144
2226	144
2881	144
2890	144
2894	144
5475	144
359	145
2117	145
362	146
365	147
409	147
433	147
565	147
672	147
1034	147
366	148
368	148
372	149
375	150
715	150
726	150
378	151
503	151
645	151
651	151
1491	151
382	152
532	152
384	153
3237	153
3823	153
3826	153
386	154
388	155
872	155
878	155
389	156
428	156
390	157
421	157
391	158
434	158
467	158
924	158
392	159
395	159
425	159
437	159
440	159
472	159
521	159
577	159
635	159
641	159
1739	159
1814	159
394	160
535	160
4027	160
396	161
402	161
405	161
430	161
438	161
460	161
397	162
637	162
674	162
725	162
735	162
736	162
841	162
858	162
1074	162
1081	162
1094	162
1095	162
1510	162
2008	162
2801	162
3225	162
3234	162
3560	162
3571	162
4853	162
5336	162
398	163
465	163
400	164
432	164
401	165
956	165
1141	165
1377	165
403	166
414	166
423	166
404	167
407	168
410	169
411	170
417	171
771	171
1124	171
1128	171
1398	171
1623	171
4236	171
4386	171
418	172
626	172
691	172
422	173
424	174
1100	174
1492	174
1538	174
1540	174
1546	174
1547	174
427	175
702	175
1207	175
1258	175
429	176
2157	176
431	177
1105	177
2885	177
435	178
442	179
443	180
497	180
506	180
444	181
447	181
448	181
605	181
2663	181
2752	181
446	182
451	183
453	184
462	184
476	184
454	185
455	186
569	186
1292	186
1692	186
1858	186
1868	186
2162	186
2496	186
2508	186
2721	186
3451	186
3821	186
6601	186
456	187
457	188
461	189
520	189
542	189
1228	189
1240	189
1312	189
1331	189
1750	189
2054	189
463	190
546	190
946	190
958	190
1151	190
1242	190
1250	190
1488	190
1578	190
1787	190
1811	190
1852	190
1863	190
1882	190
1915	190
2263	190
2556	190
3153	190
3429	190
3715	190
3840	190
464	191
466	192
1925	192
471	193
473	194
3082	194
3203	194
474	195
496	195
500	195
509	195
513	195
537	195
553	195
598	195
603	195
615	195
621	195
659	195
681	195
1280	195
475	196
478	197
482	197
1926	197
2059	197
480	198
483	199
484	200
487	201
613	201
627	201
658	201
675	201
678	201
697	201
2053	201
2065	201
494	202
495	203
498	204
502	205
504	206
580	206
505	207
510	208
861	208
1189	208
1613	208
2880	208
3029	208
3299	208
3310	208
511	209
1801	209
1878	209
1928	209
512	210
530	210
539	210
1971	210
517	211
518	212
519	213
1800	213
523	214
524	215
525	216
528	217
531	218
1769	218
2875	218
533	219
534	220
2652	220
538	221
550	221
649	221
2915	221
543	222
547	222
544	223
549	224
557	225
559	226
568	226
564	227
566	228
567	229
571	229
570	230
657	230
780	230
574	231
576	232
579	233
2306	233
2758	233
3021	233
581	234
582	235
583	236
584	237
585	238
588	239
759	239
992	239
589	240
593	241
594	242
595	243
597	244
628	244
599	245
602	246
604	247
607	248
654	248
610	249
629	249
723	249
741	249
850	249
902	249
1004	249
1107	249
3010	249
3062	249
3103	249
3129	249
3230	249
3270	249
614	250
617	251
632	251
638	251
650	251
622	252
625	253
630	254
683	254
869	254
929	254
634	255
932	255
636	256
640	257
642	258
1722	258
1901	258
1950	258
2039	258
2047	258
2061	258
2173	258
2210	258
643	259
647	260
1726	260
653	261
4609	261
655	262
1772	262
656	263
663	264
664	265
665	266
666	267
667	268
710	268
1051	268
1247	268
1266	268
1302	268
1356	268
1575	268
1605	268
1671	268
1683	268
1745	268
1756	268
1906	268
1941	268
2207	268
4468	268
4976	268
5163	268
5468	268
5820	268
6549	268
6652	268
668	269
694	269
913	269
1050	269
1439	269
1541	269
669	270
1200	270
2160	270
2331	270
671	271
680	271
716	271
677	272
689	272
685	273
687	274
985	274
1049	274
2170	274
2175	274
2370	274
2374	274
2387	274
2428	274
2489	274
2505	274
2775	274
2887	274
2949	274
3240	274
3305	274
3660	274
3899	274
5645	274
6069	274
7028	274
7575	274
690	275
1335	275
692	276
707	276
695	277
696	278
698	279
857	279
2976	279
3003	279
700	280
704	281
708	282
709	283
711	284
839	284
1688	284
2105	284
713	285
961	285
717	286
722	286
728	286
1706	286
718	287
737	287
748	287
782	287
2727	287
3607	287
3753	287
3756	287
720	288
721	289
755	289
769	289
777	289
1007	289
1140	289
727	290
1183	290
4115	290
4121	290
4233	290
730	291
731	292
732	293
742	293
733	294
756	294
739	295
751	295
768	295
2004	295
6915	295
740	296
744	297
746	298
754	299
757	300
6891	300
758	301
778	301
784	301
761	302
763	303
764	304
1096	304
1198	304
1297	304
1545	304
1625	304
1829	304
2439	304
2625	304
3245	304
3296	304
5078	304
765	305
766	306
767	307
772	307
770	308
774	309
2270	309
775	310
779	311
934	311
781	312
868	312
783	313
786	314
1862	314
789	315
894	315
790	316
791	317
792	318
793	319
794	320
933	320
795	321
818	321
1936	321
796	322
801	323
802	324
938	324
804	325
806	326
807	327
808	328
809	329
812	330
816	330
813	331
817	332
896	332
951	332
819	333
821	334
822	335
823	336
856	336
3844	336
825	337
835	337
827	338
989	338
1273	338
7893	338
828	339
830	340
831	341
833	342
838	343
840	344
846	345
851	345
853	346
962	346
966	346
854	347
855	347
890	347
928	347
940	347
859	348
877	348
862	349
1888	349
863	350
880	350
864	351
865	352
1975	352
867	353
871	354
919	354
930	354
945	354
983	354
1023	354
1102	354
873	355
2222	355
875	356
895	356
876	357
879	358
949	358
881	359
984	359
882	360
885	360
883	361
884	362
886	363
887	364
1627	364
888	365
889	366
891	367
982	367
1025	367
1159	367
1239	367
893	368
897	369
898	370
899	371
941	371
1101	371
2639	371
2650	371
900	372
901	372
903	373
910	374
980	374
911	375
912	376
918	376
955	376
916	377
917	378
920	379
922	380
926	380
923	381
1002	381
1008	381
927	382
936	383
937	384
975	384
939	385
942	386
943	387
953	387
1487	387
950	388
952	389
970	389
957	390
959	391
964	391
963	392
965	392
968	393
1518	393
969	394
971	395
1166	395
972	396
1785	396
973	397
976	397
974	398
977	399
1163	399
1281	399
978	400
979	401
1381	401
1445	401
1447	401
987	402
988	403
1011	403
1030	403
1290	403
1366	403
1595	403
1679	403
1707	403
991	404
995	404
3720	404
993	405
994	406
1060	406
997	407
998	408
1005	408
1006	408
1009	408
1012	408
1015	408
1019	408
1027	408
1066	408
1174	408
1175	408
1181	408
1210	408
1348	408
1475	408
1593	408
1665	408
1832	408
2237	408
1000	409
1150	409
1709	409
1949	409
2463	409
2509	409
2586	409
1001	410
2418	410
1003	411
1010	412
1018	412
1020	412
1043	412
1014	413
1016	414
1059	414
1067	414
1017	415
1021	416
1024	417
1237	417
1389	417
1393	417
1026	418
1032	418
1099	418
1104	418
1132	418
1158	418
1180	418
1235	418
1317	418
1594	418
1763	418
1773	418
1776	418
1835	418
2012	418
2300	418
2304	418
2311	418
2357	418
2372	418
2405	418
2697	418
2747	418
4307	418
4345	418
5132	418
5172	418
5175	418
5203	418
5223	418
5240	418
5289	418
5400	418
5437	418
5438	418
5439	418
5444	418
1031	419
1033	420
1035	421
1041	422
1276	422
1737	422
6312	422
1044	423
1045	424
1055	424
1080	424
1097	424
1118	424
1130	424
1157	424
1187	424
1209	424
1225	424
1498	424
1532	424
1588	424
1046	425
1843	425
1047	426
1182	426
1203	426
1365	426
1379	426
1508	426
2086	426
2139	426
2254	426
2502	426
2514	426
2839	426
2971	426
3630	426
3825	426
1052	427
1054	428
1056	429
1057	430
1062	431
1063	432
1065	433
1068	434
1069	435
1070	436
1077	437
1079	438
1535	438
1083	439
1085	440
1087	441
1088	442
1089	443
1098	444
1103	445
1112	446
1114	447
1117	447
1122	447
2332	447
4160	447
5474	447
7144	447
7165	447
7177	447
7285	447
7286	447
7289	447
1123	448
1126	449
1195	449
1127	450
1160	450
1131	451
1162	451
1134	452
1135	453
1170	453
1171	453
1185	453
1137	454
1138	455
1161	455
1142	456
1154	456
1146	457
1152	457
1147	458
1227	458
1148	459
1149	460
1169	460
1153	461
1295	461
1164	462
1165	463
1173	463
1167	464
1172	465
1176	466
1177	467
1178	468
1184	469
1236	469
1188	470
1191	470
1190	471
1193	472
1194	473
1234	473
1243	473
2829	473
1199	474
1201	475
1208	476
1597	476
1212	477
1214	478
1218	479
1223	479
1345	479
1414	479
1219	480
1220	481
1222	482
1224	483
1238	483
1267	483
1329	483
1372	483
1382	483
1501	483
1574	483
1841	483
2707	483
1226	484
1289	484
1318	484
1230	485
1278	485
1286	485
1321	485
1325	485
1328	485
1231	486
1232	487
1233	488
1241	489
2084	489
1245	490
1246	491
1249	491
1257	491
1251	492
1252	493
1261	493
2430	493
1253	494
1254	495
1270	495
1264	496
1265	497
1268	498
1271	499
1272	500
1274	501
1275	502
1277	503
1291	503
1282	504
1415	504
1283	505
1421	505
1423	505
1427	505
1287	506
1288	507
1293	508
1687	508
1695	508
1294	509
1308	509
1311	509
1353	509
1296	510
1298	511
1299	512
1300	513
1490	513
1303	514
1304	515
1306	516
1336	516
1307	517
1320	517
2423	517
1310	518
1326	518
4050	518
4153	518
1313	519
1323	519
1429	519
1433	519
1435	519
1523	519
1561	519
1833	519
1886	519
1970	519
2062	519
2103	519
2106	519
2193	519
2246	519
2322	519
2358	519
2360	519
2363	519
2394	519
2396	519
2467	519
2569	519
2690	519
2700	519
2703	519
2812	519
3201	519
3247	519
3275	519
3714	519
3766	519
1314	520
1361	520
1369	520
1315	521
1316	522
1370	522
4052	522
1322	523
1324	524
4051	524
1327	525
1330	526
1334	527
1337	528
1338	529
1340	530
1342	531
1343	531
1344	532
1346	533
1347	534
2803	534
1349	535
1821	535
1828	535
1350	536
1744	536
1351	537
1368	537
2223	537
1352	538
1416	538
1355	539
1394	539
1357	540
1360	540
1358	541
1387	541
1367	542
1373	543
1374	544
1375	545
1437	545
1376	546
1380	547
1438	547
1383	548
1385	549
1386	550
1390	551
1392	551
3314	551
3315	551
3457	551
1391	552
1395	553
1449	553
1396	554
1405	555
1506	555
1406	556
1409	556
1436	556
1407	557
1410	558
1412	559
1451	559
2901	559
3206	559
1413	560
2292	560
2294	560
1417	561
1422	562
1424	563
1425	564
1428	565
1430	566
1431	567
1432	568
1434	569
1444	570
1471	570
1448	571
1450	572
1455	573
1456	574
1457	575
1458	576
1463	577
1470	577
1504	577
1464	578
1465	579
1599	579
1612	579
1614	579
2199	579
2203	579
1467	580
1468	581
1551	581
1701	581
1943	581
1469	582
1472	583
3163	583
1473	584
1474	585
1477	586
1479	587
1482	588
1483	589
1494	589
1485	590
1486	591
1493	592
1520	592
1496	593
1499	594
1500	595
1675	595
2328	595
2334	595
2345	595
1502	596
1505	597
1509	598
1511	599
1513	600
1514	601
1516	602
1519	603
1522	604
1524	605
1543	605
1525	606
1586	606
1528	607
1616	607
1810	607
1954	607
2002	607
2150	607
2317	607
2336	607
2340	607
2376	607
2437	607
2484	607
2628	607
3176	607
3192	607
3194	607
3204	607
3432	607
3450	607
3472	607
3585	607
3609	607
3770	607
3910	607
3943	607
4054	607
4212	607
4306	607
1530	608
1557	608
1531	609
1552	609
1592	609
1537	610
1539	611
1548	612
1549	613
1550	614
1569	614
1700	614
1554	615
1705	615
1555	616
1556	617
1558	617
1559	618
1562	618
1600	618
1632	618
1560	619
1563	620
1564	621
1572	621
1565	622
1566	623
1568	624
1571	625
1573	626
1577	627
1579	628
1580	629
1604	629
1581	630
1583	631
1584	632
1587	633
1589	634
1590	635
4540	635
1596	636
1598	637
1601	638
1602	638
1603	639
1606	640
1607	641
1609	642
1674	642
1610	643
2043	643
2050	643
2074	643
2183	643
1611	644
1615	645
1617	646
1618	647
1624	647
1680	647
1713	647
1927	647
1972	647
2021	647
2025	647
2083	647
1620	648
2268	648
1621	649
1622	650
1628	651
1653	651
1670	651
1678	651
1816	651
1909	651
2238	651
2252	651
2401	651
2615	651
2616	651
1631	652
1669	652
1731	652
1633	653
1635	654
1636	655
1638	656
1640	657
2040	657
2041	657
1641	658
1642	659
1643	660
1645	661
1672	661
1777	661
2007	661
1647	662
1648	663
1710	663
1651	664
1652	665
1655	666
1658	667
1660	668
1661	669
1662	670
1667	670
1663	671
1666	672
1684	672
1690	672
1668	673
1673	674
2733	674
1677	675
1681	676
1742	676
1682	677
1685	678
1686	679
3535	679
1689	680
1691	681
1693	682
1694	683
1696	684
1704	684
3094	684
1697	685
1734	685
1804	685
1698	686
1723	686
1951	686
1699	687
1728	687
1730	687
1702	688
1703	689
1708	690
1711	691
1712	692
1714	693
1715	694
1948	694
1716	695
1947	695
1718	696
1945	696
1719	697
1721	698
1724	699
2416	699
1729	700
1746	700
1851	700
1856	700
2320	700
2368	700
2393	700
2550	700
2975	700
1732	701
1733	702
1735	703
1846	703
1859	703
2255	703
2596	703
2611	703
2627	703
2917	703
1740	704
3039	704
3066	704
1741	705
1743	706
6430	706
6653	706
1747	707
1955	707
1956	707
1749	708
1751	709
1790	709
1752	710
2089	710
1754	711
1755	712
1757	713
1929	713
1758	714
1759	715
1765	715
1849	715
1903	715
2094	715
1760	716
1761	717
1762	718
1771	718
1764	719
1767	720
1875	720
1896	720
1768	721
1770	722
1774	723
1792	723
1775	724
1778	725
1783	725
3406	725
3408	725
3661	725
5145	725
5148	725
5665	725
1779	726
1944	726
1780	727
1781	728
1782	729
1786	729
1784	730
1788	730
1789	731
2323	731
2435	731
2469	731
2532	731
2537	731
2552	731
2560	731
2942	731
3735	731
3961	731
1791	732
1855	732
1794	733
1802	734
1805	735
2450	735
2490	735
1806	736
1807	737
1815	738
2987	738
1817	739
1818	740
1819	740
1921	740
1822	741
1918	741
1823	742
1912	742
1830	743
1831	744
1887	744
1893	744
1908	744
1834	745
1883	745
1836	746
1877	746
1880	746
1885	746
1898	746
1837	747
1865	747
1873	747
1840	748
1850	748
3407	748
1842	749
1895	749
3124	749
3813	749
7529	749
1844	750
1847	751
1892	751
1848	752
1871	752
1920	752
1924	752
2580	752
1853	753
1869	753
2180	753
2930	753
2998	753
1857	754
1860	755
1867	755
1861	756
1864	757
1870	758
1953	758
1872	759
1874	760
1876	761
1904	761
1879	762
1891	762
1884	763
1899	763
1890	764
1894	765
1897	766
1900	767
1902	768
1905	769
1907	770
1930	770
1910	771
1916	771
1911	772
1938	772
1914	773
1919	773
1917	774
1922	775
2151	775
1923	776
1961	776
2019	776
1931	777
2814	777
1935	778
1939	779
1942	780
2429	780
1952	781
2326	781
1957	782
1958	783
1963	783
1959	784
1962	785
1974	785
1964	786
1982	786
1968	787
1973	788
1980	788
1979	789
1983	790
2276	790
1984	791
1985	792
2448	792
2570	792
1989	793
1991	794
1992	795
1996	795
3080	795
1993	796
1994	797
1997	798
1998	799
1999	800
2001	800
2024	800
2033	800
2000	801
2003	802
2005	803
2006	804
2010	805
2029	805
2013	806
2014	807
2028	807
2030	807
2015	808
2017	808
2918	808
3223	808
2016	809
2020	809
2018	810
2023	810
2022	811
2026	812
2761	812
2027	813
2031	814
2148	814
3035	814
3040	814
2032	815
2036	816
2058	816
2037	817
2038	818
2044	818
2042	819
2291	819
2045	820
2048	821
5325	821
2049	822
2271	822
2052	823
2104	823
2055	824
2060	824
2056	825
2149	825
2057	826
2167	826
2280	826
2063	827
2064	828
2066	829
2459	829
2068	830
2069	831
2122	831
2392	831
2070	832
2071	833
2179	833
2072	834
2075	835
2087	835
2076	836
2077	837
2079	838
2080	839
2081	840
2082	841
2085	842
2088	843
2091	844
2099	844
2289	844
2093	845
2097	845
2101	845
2108	845
2111	845
2112	845
2115	845
3623	845
2095	846
2100	846
2266	846
2343	846
2420	846
2480	846
2096	847
2119	847
2132	847
2230	847
2275	847
2278	847
3579	847
4643	847
5092	847
2098	848
2260	848
2102	849
2107	850
2109	851
2135	851
2523	851
3447	851
2110	852
2113	853
2116	854
2118	855
2128	855
2141	855
2120	856
2134	856
2121	857
2123	858
2124	859
2125	860
2284	860
2330	860
2126	861
2127	862
2181	862
2129	863
2138	863
2131	864
2145	864
2136	865
2161	865
2172	865
2137	866
2768	866
2142	867
2143	868
2144	869
2146	870
2147	871
2153	872
2155	873
2403	873
2408	873
2158	874
2244	874
2247	874
2249	874
2333	874
2159	875
2163	876
2164	877
2165	878
2188	878
2493	878
2495	878
2525	878
2574	878
2166	879
2168	880
2174	880
2208	880
2220	880
2169	881
2171	882
2198	882
2176	883
2185	883
2265	883
2182	884
2186	885
2187	886
2189	887
2190	888
2191	889
2194	890
2196	891
2200	892
2762	892
2201	893
2206	893
2202	894
2204	895
2205	896
2209	897
2655	897
2689	897
2718	897
2755	897
4276	897
4641	897
4670	897
5312	897
5321	897
5337	897
6425	897
2212	898
2214	899
2273	899
2215	900
2229	900
2248	900
2316	900
2410	900
2411	900
2453	900
2553	900
2708	900
2766	900
2781	900
3238	900
5340	900
6379	900
6384	900
2216	901
2240	901
2415	901
2217	902
2218	903
2219	904
2224	905
2225	906
2227	907
2228	908
2462	908
2487	908
2231	909
2232	910
2313	910
2233	911
2234	912
2315	912
2236	913
2239	914
2243	915
2256	915
2245	916
3462	916
2251	917
2257	918
2259	919
2310	919
2444	919
2262	920
2267	921
2269	922
2665	922
2711	922
2725	922
2272	923
2274	924
2277	925
2308	925
2281	926
2860	926
4359	926
4701	926
2282	927
2288	927
2283	928
2285	929
2293	929
2296	929
2286	930
2287	931
2295	931
2732	931
3141	931
2290	932
2298	933
5856	933
2299	934
2342	934
2386	934
2667	934
2683	934
2303	935
2385	935
2305	936
2307	937
3222	937
2309	938
2314	938
2312	939
2321	940
2324	941
2325	942
2327	943
2329	944
2377	944
2381	944
2383	944
2391	944
2395	944
2337	945
2338	946
2672	946
2339	947
2341	948
2344	948
2346	949
2442	949
2347	950
2414	950
2348	951
2349	952
2350	953
2351	954
2375	954
2710	954
2744	954
2903	954
3015	954
3181	954
2352	955
2353	956
2422	956
2354	957
2355	958
2576	958
2659	958
2356	959
2359	960
2361	961
2364	962
2366	963
2479	963
2367	964
3444	964
3676	964
3937	964
4256	964
4324	964
2369	965
2371	966
3624	966
4093	966
4149	966
4179	966
2373	967
2503	967
2378	968
2379	969
2397	969
2380	970
2384	970
2456	970
2382	971
2388	972
2389	973
2398	974
2413	974
2400	975
2402	976
2404	977
2406	978
2407	979
2458	979
2565	979
3187	979
3301	979
2409	980
2492	980
2531	980
2417	981
2419	982
3333	982
2421	983
2777	983
2778	983
2431	984
2564	984
2432	985
2433	986
2434	987
2438	988
2440	989
2441	990
2443	991
2486	991
2491	991
2446	992
2449	993
2451	994
2452	995
2466	995
2454	996
2460	997
2461	998
2465	998
2585	998
2464	999
2468	1000
2471	1000
2485	1000
2470	1001
2472	1001
2517	1001
2473	1002
2481	1002
2512	1002
2474	1003
2475	1004
2478	1005
2488	1006
2494	1007
2497	1008
2498	1009
2499	1009
2500	1010
2706	1010
2501	1011
2510	1012
2520	1012
2513	1013
2515	1014
2516	1015
2518	1015
2581	1015
2582	1015
2519	1016
2676	1016
2691	1016
2907	1016
2521	1017
2522	1017
2524	1018
2588	1018
2526	1019
3312	1019
3752	1019
2527	1020
2529	1021
2547	1021
2530	1022
2534	1023
2557	1023
2535	1024
2536	1025
2538	1026
2544	1026
2539	1027
2540	1028
2603	1028
2541	1029
2542	1030
2543	1031
2545	1032
2546	1033
2549	1034
2551	1035
2554	1036
2555	1037
2558	1038
2561	1039
2562	1040
2566	1041
4012	1041
4081	1041
2571	1042
2572	1043
2575	1044
2684	1044
2779	1044
2577	1045
2618	1045
2578	1046
2587	1046
2638	1046
2579	1047
2584	1048
2589	1049
2595	1049
2590	1050
2868	1050
3049	1050
3147	1050
2591	1051
2592	1052
2594	1053
2597	1054
2599	1055
2600	1056
2601	1057
2602	1058
2882	1058
3055	1058
2604	1059
2614	1059
3182	1059
3698	1059
3728	1059
3797	1059
2605	1060
2607	1061
2608	1062
2636	1062
2612	1063
2645	1063
2670	1063
2613	1064
2654	1064
2662	1064
2677	1064
2620	1065
2621	1066
2622	1067
3005	1067
2623	1068
2624	1069
2626	1070
2822	1070
2836	1070
2973	1070
2629	1071
2634	1071
2630	1072
2649	1072
2631	1073
2633	1074
2635	1075
2637	1076
2640	1077
2641	1078
2643	1079
2644	1080
2648	1081
2669	1081
2653	1082
2656	1083
2657	1084
2658	1085
2661	1086
2664	1087
2668	1088
2871	1088
2671	1089
2673	1090
2675	1091
2678	1092
2679	1093
2688	1093
2682	1094
2686	1095
2687	1096
2693	1097
2716	1097
2695	1098
2696	1099
2760	1099
2699	1100
2720	1100
2701	1101
2702	1102
2807	1102
2705	1103
2709	1104
2712	1105
2726	1105
2714	1106
2715	1107
2717	1108
2719	1109
2722	1110
2723	1111
2724	1112
2730	1113
2731	1114
2734	1114
2736	1115
2737	1116
2751	1116
2759	1116
2788	1116
2796	1116
3319	1116
2738	1117
2740	1118
2741	1119
2743	1120
2745	1121
2756	1121
2748	1122
2753	1123
4432	1123
2754	1124
2763	1125
3468	1125
5298	1125
5319	1125
2764	1126
2765	1127
2767	1128
2770	1128
2771	1128
2772	1128
2821	1128
2840	1128
2849	1128
3804	1128
4005	1128
4055	1128
4057	1128
4300	1128
4410	1128
4475	1128
4651	1128
4697	1128
6295	1128
2773	1129
2774	1130
2776	1131
2780	1132
3470	1132
2782	1133
2783	1134
4586	1134
6453	1134
2784	1135
2785	1136
3052	1136
3085	1136
2786	1137
2787	1138
2790	1139
2816	1139
2820	1139
2826	1139
2791	1140
2792	1141
2793	1142
2794	1142
2795	1142
2797	1143
2798	1144
2800	1145
2802	1146
2808	1146
2804	1147
2832	1147
4489	1147
6539	1147
2805	1148
2806	1149
2809	1150
2810	1151
2811	1152
2813	1153
2815	1153
2837	1153
3019	1153
2817	1154
2824	1155
2825	1156
2828	1157
2830	1157
2835	1157
2831	1158
2833	1159
2834	1160
2863	1160
2904	1160
2838	1161
2841	1162
2842	1163
2843	1164
2940	1164
3030	1164
3172	1164
2844	1165
2853	1165
3046	1165
2845	1166
2846	1167
2847	1168
2850	1168
2848	1169
2851	1169
2858	1169
2896	1169
2925	1169
3009	1169
3033	1169
3083	1169
3777	1169
3919	1169
2852	1170
2859	1170
2869	1170
2926	1170
2943	1170
2970	1170
2972	1170
3007	1170
3014	1170
3018	1170
3020	1170
3045	1170
3069	1170
3075	1170
3092	1170
3099	1170
3159	1170
3169	1170
3174	1170
3185	1170
3214	1170
3224	1170
3231	1170
3269	1170
3282	1170
3323	1170
3341	1170
3355	1170
3361	1170
3368	1170
3389	1170
3401	1170
3440	1170
3498	1170
3510	1170
3568	1170
3587	1170
3602	1170
3606	1170
3642	1170
3662	1170
3737	1170
3738	1170
3761	1170
3762	1170
3763	1170
3783	1170
3807	1170
3827	1170
3851	1170
3866	1170
3894	1170
3895	1170
3933	1170
3971	1170
3995	1170
4059	1170
4135	1170
4156	1170
4163	1170
4257	1170
4281	1170
4304	1170
4329	1170
4332	1170
4361	1170
4399	1170
4448	1170
4591	1170
4676	1170
4700	1170
4723	1170
4792	1170
4794	1170
4876	1170
4914	1170
5344	1170
5586	1170
5603	1170
5750	1170
5933	1170
5944	1170
6771	1170
2854	1171
2864	1171
2865	1171
2908	1171
2855	1172
4279	1172
4334	1172
2856	1173
2857	1174
2906	1174
2862	1175
2879	1175
2893	1175
2941	1175
2946	1175
2951	1175
2866	1176
2867	1177
2877	1177
3105	1177
3171	1177
3211	1177
3216	1177
3241	1177
3288	1177
3332	1177
3435	1177
3438	1177
3592	1177
3634	1177
3656	1177
3746	1177
3772	1177
3872	1177
3966	1177
3992	1177
4161	1177
4227	1177
4253	1177
4501	1177
4587	1177
4596	1177
4616	1177
4861	1177
5090	1177
5243	1177
5262	1177
5279	1177
2870	1178
2886	1178
2872	1179
2873	1180
2874	1181
2878	1182
2883	1183
2889	1183
3219	1183
3816	1183
2888	1184
2891	1185
2892	1186
2897	1187
3179	1187
3507	1187
3799	1187
3805	1187
2898	1188
2899	1189
2900	1190
2929	1190
3208	1190
3228	1190
3248	1190
2902	1191
2905	1192
2910	1192
2909	1193
3340	1193
3439	1193
3453	1193
2912	1194
2933	1194
2936	1194
2913	1195
2923	1195
2916	1196
2921	1196
2928	1196
2919	1197
2920	1198
2922	1199
3480	1199
2927	1200
2959	1200
3077	1200
3086	1200
2931	1201
2935	1202
2944	1202
2938	1203
2957	1203
2939	1204
2945	1205
2947	1206
2948	1207
2950	1208
3178	1208
3190	1208
3622	1208
2952	1209
2954	1210
2955	1211
3189	1211
3215	1211
2956	1212
2958	1213
2980	1213
2960	1214
2961	1215
2962	1216
2966	1216
2969	1216
2964	1217
2965	1218
2996	1218
3107	1218
3267	1218
3448	1218
7756	1218
2967	1219
2968	1220
2983	1220
3096	1220
3196	1220
2977	1221
2979	1222
2981	1223
3197	1223
3249	1223
2982	1224
2985	1225
2989	1225
3028	1225
3142	1225
3144	1225
3173	1225
3186	1225
3199	1225
3289	1225
3493	1225
3504	1225
3536	1225
3543	1225
3565	1225
3730	1225
3795	1225
3829	1225
3832	1225
3881	1225
3884	1225
3917	1225
3996	1225
4143	1225
2986	1226
2988	1227
2990	1228
2994	1228
2992	1229
2993	1230
2995	1231
2997	1231
2999	1232
3000	1233
3001	1234
3164	1234
3002	1235
3008	1236
3011	1237
3076	1237
3012	1238
3013	1239
3023	1239
3016	1240
3017	1241
3022	1242
3024	1243
3026	1244
3038	1244
3027	1245
3031	1246
3032	1247
3464	1247
3631	1247
3034	1248
3949	1248
3994	1248
3036	1249
3157	1249
3037	1250
3041	1251
3042	1252
3050	1252
3071	1252
3073	1252
3043	1253
3044	1254
3047	1255
3048	1256
3054	1257
3056	1258
3063	1258
3065	1258
3057	1259
3060	1259
3058	1260
3059	1261
3061	1262
3064	1263
3067	1264
3068	1265
3070	1266
3078	1266
3106	1266
3074	1267
3138	1267
3209	1267
3079	1268
3081	1269
3084	1270
3087	1271
3175	1271
3220	1271
3577	1271
3582	1271
3600	1271
3629	1271
3699	1271
3755	1271
3784	1271
3796	1271
3857	1271
3871	1271
3938	1271
3948	1271
3951	1271
3974	1271
4031	1271
4036	1271
4047	1271
4061	1271
4064	1271
4094	1271
4104	1271
4255	1271
4280	1271
4294	1271
4311	1271
4315	1271
4333	1271
4339	1271
4365	1271
4370	1271
4371	1271
4375	1271
4451	1271
4499	1271
4502	1271
4652	1271
4672	1271
4736	1271
4803	1271
4809	1271
4875	1271
4881	1271
5081	1271
5205	1271
5241	1271
5303	1271
5509	1271
5564	1271
5608	1271
5785	1271
6090	1271
6183	1271
6266	1271
6660	1271
6955	1271
7148	1271
7447	1271
7524	1271
3089	1272
3122	1272
3090	1273
3097	1273
3117	1273
3140	1273
3091	1274
3093	1275
3095	1276
3098	1277
3116	1277
3101	1278
3119	1278
3739	1278
3102	1279
3167	1279
3277	1279
3281	1279
3810	1279
3104	1280
3113	1280
3108	1281
3112	1281
3121	1281
3123	1281
3127	1281
3109	1282
3110	1283
3133	1283
4033	1283
4930	1283
5056	1283
3111	1284
3130	1284
3114	1285
3115	1286
3154	1286
3118	1287
3280	1287
3120	1288
3128	1289
3131	1290
3137	1290
3132	1291
3134	1292
3135	1293
3136	1294
3139	1295
3150	1295
3165	1295
3143	1296
3155	1296
3336	1296
3145	1297
3148	1298
3149	1299
3736	1299
3151	1300
3180	1300
3284	1300
3287	1300
3349	1300
3372	1300
3471	1300
3514	1300
3615	1300
3775	1300
3900	1300
4072	1300
4145	1300
4174	1300
4248	1300
4258	1300
4522	1300
4759	1300
5118	1300
5140	1300
3152	1301
3158	1302
3160	1303
3161	1304
3177	1304
3162	1305
3252	1305
3166	1306
3812	1306
3168	1307
3170	1308
3183	1309
3193	1309
3184	1310
3188	1311
3195	1312
3198	1313
3200	1314
3202	1315
3205	1316
3207	1317
3210	1318
3212	1319
3260	1319
3279	1319
3291	1319
3374	1319
3381	1319
3213	1320
3226	1320
3221	1321
3262	1321
3227	1322
3243	1322
3553	1322
3229	1323
3263	1323
3266	1323
3232	1324
3233	1325
3276	1325
3235	1326
3236	1327
3239	1328
3242	1329
3442	1329
3244	1330
3250	1331
4576	1331
3251	1332
3253	1333
3254	1334
3308	1334
3328	1334
3255	1335
3256	1336
3376	1336
3561	1336
3257	1337
3258	1338
3259	1339
3271	1339
3261	1340
3264	1341
3265	1342
3268	1343
3273	1344
3292	1344
3298	1344
3334	1344
3274	1345
3278	1346
3283	1347
4880	1347
3285	1348
3286	1349
3290	1350
3293	1351
3294	1352
3295	1353
3297	1354
3300	1355
3302	1356
3303	1357
3329	1357
3304	1358
3441	1358
3526	1358
3594	1358
3306	1359
3322	1359
3307	1360
3309	1361
3321	1361
3311	1362
3367	1362
3375	1362
3377	1362
3501	1362
3515	1362
3542	1362
3545	1362
3546	1362
3564	1362
3572	1362
3625	1362
3958	1362
3313	1363
3317	1364
3320	1364
3318	1365
3326	1365
3850	1365
4039	1365
4086	1365
4126	1365
3324	1366
3495	1366
3679	1366
3750	1366
3325	1367
3404	1367
3327	1368
3330	1369
3331	1370
3335	1371
3672	1371
3337	1372
3353	1372
3732	1372
4799	1372
4879	1372
3338	1373
3339	1374
3342	1375
3343	1376
3345	1377
3354	1377
4021	1377
4295	1377
4463	1377
3346	1378
3347	1379
3348	1380
3352	1380
3373	1380
3398	1380
3403	1380
3645	1380
3652	1380
3858	1380
3935	1380
3957	1380
4202	1380
4222	1380
4228	1380
4328	1380
3350	1381
3351	1381
3397	1381
3356	1382
3357	1383
3360	1383
3358	1384
3359	1385
3362	1386
3363	1387
3396	1387
3415	1387
3364	1388
3365	1389
3460	1389
3366	1390
3369	1391
3370	1392
3371	1393
3378	1394
3391	1394
3379	1395
3436	1395
3380	1396
3383	1396
3411	1396
3527	1396
3382	1397
3386	1397
3393	1397
3387	1398
3390	1398
3388	1399
3392	1400
3394	1401
3395	1402
3399	1403
3400	1404
3424	1404
3445	1404
3402	1405
3405	1406
3409	1407
3413	1407
3452	1407
3506	1407
3556	1407
3410	1408
3412	1409
3414	1410
3428	1410
3416	1411
3419	1411
3417	1412
3512	1412
3626	1412
3628	1412
3635	1412
3420	1413
3742	1413
3748	1413
3749	1413
3781	1413
3964	1413
4092	1413
4099	1413
4108	1413
4111	1413
4182	1413
4208	1413
4215	1413
4266	1413
4287	1413
4291	1413
4346	1413
4353	1413
4464	1413
4521	1413
3421	1414
3422	1415
3425	1416
3427	1417
3430	1418
3847	1418
3431	1419
3433	1420
3434	1421
3437	1422
3443	1423
3446	1424
3449	1425
3469	1425
3454	1426
3455	1427
3667	1427
3697	1427
3456	1428
3473	1428
3518	1428
3523	1428
3539	1428
3557	1428
3558	1428
4239	1428
4379	1428
3458	1429
3459	1430
3500	1430
3511	1430
3586	1430
3461	1431
3463	1432
3492	1432
3734	1432
3465	1433
3888	1433
3466	1434
3467	1435
3683	1435
3685	1435
3722	1435
3475	1436
3488	1436
3476	1437
3477	1438
3479	1439
3481	1440
3519	1440
3541	1440
3562	1440
3570	1440
3601	1440
3620	1440
3659	1440
3482	1441
3483	1442
3619	1442
3484	1443
4148	1443
5543	1443
5565	1443
5821	1443
3485	1444
3486	1445
3487	1446
3489	1447
3490	1448
5419	1448
5640	1448
5647	1448
6156	1448
3491	1449
3494	1449
3496	1450
3497	1451
3499	1452
3502	1453
4944	1453
3503	1454
3508	1455
3725	1455
3802	1455
3509	1456
3513	1457
3516	1458
3520	1459
3521	1460
3522	1461
3524	1462
3525	1463
3528	1464
3654	1464
3529	1465
3538	1465
3530	1466
3531	1467
3532	1468
3534	1469
3790	1469
3811	1469
3537	1470
3540	1471
3547	1472
4007	1472
4261	1472
4262	1472
3549	1473
3555	1473
3550	1474
3552	1474
3554	1475
3559	1476
3563	1477
3566	1478
3641	1478
3647	1478
3569	1479
3573	1480
3574	1481
3575	1482
3576	1483
3578	1484
3580	1485
3581	1486
3583	1487
4078	1487
3584	1488
3604	1488
3588	1489
3646	1489
3695	1489
3718	1489
3590	1490
3677	1490
3680	1490
3696	1490
3593	1491
3729	1491
3595	1492
3596	1493
3818	1493
3834	1493
3835	1493
3838	1493
3597	1494
3598	1495
3694	1495
3703	1495
3705	1495
3599	1496
3853	1496
3603	1497
3605	1498
6596	1498
6597	1498
3608	1499
3610	1499
3648	1499
3611	1500
3612	1500
3613	1501
3617	1502
3637	1502
3618	1503
3621	1504
3723	1504
3632	1505
3633	1506
3638	1506
3671	1506
3686	1506
3828	1506
3636	1507
3707	1507
3710	1507
3639	1508
3651	1508
3657	1508
3665	1508
3640	1509
3644	1510
3649	1511
3650	1512
3803	1512
4385	1512
5402	1512
5429	1512
3653	1513
3658	1514
3663	1515
3664	1516
3666	1516
3668	1517
3669	1518
3670	1519
3673	1520
3689	1520
3801	1520
3806	1520
3809	1520
4800	1520
5257	1520
5339	1520
3674	1521
4797	1521
3675	1522
3678	1523
3681	1524
3822	1524
3682	1525
3684	1526
3687	1527
3688	1528
3690	1529
3926	1529
3985	1529
4001	1529
4091	1529
3691	1530
3692	1531
3693	1532
3700	1533
3701	1534
3702	1535
3727	1535
3704	1536
3820	1536
3887	1536
3706	1537
3719	1537
3708	1538
3716	1538
3741	1538
3758	1538
3709	1539
3712	1540
3713	1541
3717	1542
3721	1543
3731	1543
3724	1544
3744	1544
3726	1545
3733	1546
3740	1547
3773	1547
3793	1547
3743	1548
3882	1548
3745	1549
4637	1549
3747	1550
3751	1551
3754	1552
3757	1553
3759	1553
4090	1553
3760	1554
3764	1555
3765	1556
3769	1557
3771	1558
3776	1559
3870	1559
3877	1559
3916	1559
3778	1560
3883	1560
3913	1560
3779	1561
3780	1561
3782	1562
3905	1562
3911	1562
3785	1563
3981	1563
4046	1563
4048	1563
4101	1563
4117	1563
4252	1563
4293	1563
4762	1563
3786	1564
4022	1564
4079	1564
4109	1564
4158	1564
3787	1565
3788	1566
3791	1567
3792	1568
3794	1569
3859	1569
3869	1569
3878	1569
3880	1569
3902	1569
3927	1569
3955	1569
4043	1569
4067	1569
4075	1569
4150	1569
4157	1569
4296	1569
4349	1569
4770	1569
4793	1569
4813	1569
5072	1569
5204	1569
5287	1569
5806	1569
7563	1569
3798	1570
3800	1570
4019	1570
3808	1571
3814	1572
3815	1573
3817	1573
3824	1573
3819	1574
3830	1575
3990	1575
3831	1576
4231	1576
4234	1576
4282	1576
4288	1576
4327	1576
4350	1576
4774	1576
4899	1576
5096	1576
3837	1577
3839	1578
3842	1578
3846	1578
3975	1578
4299	1578
3841	1579
3843	1580
3875	1580
3848	1581
3849	1582
3852	1583
3854	1584
5091	1584
5105	1584
3855	1585
3874	1585
3983	1585
3856	1586
3860	1587
4378	1587
4380	1587
4383	1587
4411	1587
3861	1588
3862	1589
3863	1590
3965	1590
3969	1590
3864	1591
3867	1592
3868	1593
3873	1594
4016	1594
4032	1594
3876	1595
3879	1595
3914	1595
3885	1596
3891	1596
4960	1596
5089	1596
3886	1597
3889	1598
3890	1599
3892	1600
4014	1600
3893	1601
3896	1602
3897	1603
3915	1603
4270	1603
4274	1603
4389	1603
3898	1604
4103	1604
4178	1604
3901	1605
3903	1606
3904	1607
3912	1607
3924	1607
4013	1607
3906	1608
5265	1608
3907	1609
3908	1610
3909	1611
4298	1611
3918	1612
3920	1613
3921	1614
3922	1615
3925	1616
3929	1616
3934	1616
3984	1616
3987	1616
3997	1616
4994	1616
5114	1616
5116	1616
5357	1616
3928	1617
3930	1618
3939	1618
4042	1618
3931	1619
3936	1619
3932	1620
4449	1620
4455	1620
4479	1620
3941	1621
3942	1622
4268	1622
4321	1622
3944	1623
3945	1624
3947	1624
5062	1624
6548	1624
3946	1625
3952	1626
3976	1626
3998	1626
3953	1627
3979	1627
3980	1627
3954	1628
4010	1628
4015	1628
4045	1628
3956	1629
3959	1629
4119	1629
4129	1629
4130	1629
4140	1629
4170	1629
3960	1630
4060	1630
3962	1631
3963	1631
4065	1631
4788	1631
3967	1632
3970	1632
4133	1632
3968	1633
4009	1633
4581	1633
3972	1634
3973	1635
3977	1636
3978	1637
4000	1637
4069	1637
3982	1638
3986	1639
3988	1640
3989	1641
3999	1641
3991	1642
4008	1642
3993	1643
4002	1644
4035	1644
4003	1645
4038	1645
4049	1645
4066	1645
4073	1645
4087	1645
4447	1645
4461	1645
4466	1645
4481	1645
4525	1645
4635	1645
4657	1645
4694	1645
4704	1645
4004	1646
4011	1646
4372	1646
4403	1646
4006	1647
4220	1647
4017	1648
4018	1649
4020	1650
4023	1651
4024	1652
4026	1653
4820	1653
4931	1653
4029	1654
4076	1654
4097	1654
4105	1654
4167	1654
4190	1654
4030	1655
4058	1655
4185	1655
4034	1656
4037	1657
4040	1658
4041	1659
4044	1660
4053	1661
4168	1661
4056	1662
4118	1662
5636	1662
4062	1663
4504	1663
4063	1664
4068	1665
4070	1666
4071	1667
4074	1668
4085	1668
4077	1669
4080	1670
4082	1671
4138	1671
4225	1671
4083	1672
4084	1673
4088	1674
4173	1674
4176	1674
4180	1674
4183	1674
4089	1675
4095	1676
4206	1676
4956	1676
5292	1676
4098	1677
4106	1677
6070	1677
4100	1678
4102	1679
4116	1679
4123	1679
4219	1679
4107	1680
4243	1680
4110	1681
4112	1682
4113	1683
4132	1683
4122	1684
4124	1685
4125	1686
4137	1686
4142	1686
4127	1687
4177	1687
4128	1688
4134	1688
4141	1688
4136	1689
4396	1689
4434	1689
4450	1689
4574	1689
4139	1690
4144	1691
4146	1692
4155	1692
4165	1692
7093	1692
4147	1693
4151	1694
4356	1694
4588	1694
4152	1695
4171	1695
4154	1696
4159	1697
4162	1698
4189	1698
4194	1698
4240	1698
4251	1698
4164	1699
4166	1700
4169	1701
4172	1702
4175	1703
4181	1704
4184	1705
4186	1706
5115	1706
4187	1707
4188	1708
4363	1708
4192	1709
4241	1709
4278	1709
4193	1710
4217	1710
4195	1711
4264	1711
4196	1712
4230	1712
4412	1712
4197	1713
7402	1713
4198	1714
4199	1715
4200	1716
4201	1717
4203	1718
4216	1718
4235	1718
4272	1718
4204	1719
4207	1719
4292	1719
4205	1720
4271	1720
4388	1720
4210	1721
4286	1721
4213	1722
4214	1723
4218	1724
4221	1725
4223	1726
4224	1727
4226	1728
4229	1729
4232	1730
4249	1730
4260	1730
4237	1731
4238	1732
4242	1733
4244	1734
4245	1735
4247	1736
4250	1737
4254	1738
4259	1739
4265	1740
4267	1740
4722	1740
4862	1740
4269	1741
4369	1741
4273	1742
4275	1743
4338	1743
4277	1744
4283	1745
4312	1745
4343	1745
4428	1745
4626	1745
4674	1745
4688	1745
4284	1746
4285	1747
4289	1748
4341	1748
4290	1749
4348	1749
4354	1749
4362	1749
4384	1749
4405	1749
4297	1750
4301	1751
4302	1752
4303	1753
4308	1754
4437	1754
4309	1755
4310	1756
4314	1756
4320	1756
4330	1756
4337	1756
4368	1756
4439	1756
5151	1756
4313	1757
4316	1758
4317	1759
4318	1760
4377	1760
4382	1760
4387	1760
4398	1760
4441	1760
4443	1760
5146	1760
5421	1760
5566	1760
4319	1761
4326	1761
4351	1761
4322	1762
4323	1763
4325	1764
4331	1765
4335	1766
4336	1767
4340	1768
4342	1769
4367	1769
4394	1769
4344	1770
4347	1771
4404	1771
4352	1772
4355	1773
4551	1773
4357	1774
4358	1775
4407	1775
4360	1776
4366	1777
4373	1778
4374	1779
4376	1780
4381	1781
4390	1782
4391	1783
4397	1783
4430	1783
4446	1783
4471	1783
4473	1783
4534	1783
4662	1783
4392	1784
4393	1785
4819	1785
4395	1786
4400	1787
4406	1787
4661	1787
4714	1787
4729	1787
4732	1787
4756	1787
4779	1787
4782	1787
4896	1787
5010	1787
5023	1787
5047	1787
5401	1787
7914	1787
8076	1787
4401	1788
4409	1788
4402	1789
4620	1789
4408	1790
4445	1790
4413	1791
4656	1791
4414	1792
4459	1792
4498	1792
4500	1792
4415	1793
4416	1794
4417	1795
4426	1795
4418	1796
4429	1796
4503	1796
5021	1796
4419	1797
4791	1797
4810	1797
5113	1797
5208	1797
5351	1797
4420	1798
4421	1798
4458	1798
4422	1799
4423	1799
4424	1800
4425	1801
4427	1801
4435	1801
4493	1801
4664	1801
4705	1801
4715	1801
4431	1802
4433	1803
5053	1803
5210	1803
4436	1804
4438	1805
4454	1805
4440	1806
4474	1806
4442	1807
4444	1808
4452	1808
4453	1809
4818	1809
4456	1810
4487	1810
4497	1810
4457	1811
4462	1812
4465	1813
4467	1814
4469	1815
4470	1816
4472	1816
4476	1817
4477	1818
4478	1819
4480	1820
4482	1821
4483	1822
5119	1822
4484	1823
4519	1823
4485	1824
4486	1825
4488	1826
4490	1827
4817	1827
5378	1827
5712	1827
4491	1828
4514	1828
4523	1828
4492	1829
4515	1829
4585	1829
4494	1830
4506	1830
4495	1831
4496	1832
4505	1833
4507	1834
4719	1834
5015	1834
5026	1834
5106	1834
4508	1835
4509	1836
4599	1836
4634	1836
4642	1836
4654	1836
4692	1836
4713	1836
4737	1836
4751	1836
4761	1836
4763	1836
4790	1836
5074	1836
5076	1836
5135	1836
5136	1836
5156	1836
4510	1837
4511	1838
4849	1838
4920	1838
5007	1838
5390	1838
4512	1839
5777	1839
4513	1840
4520	1840
4516	1841
4537	1841
4517	1842
4529	1842
4619	1842
5157	1842
5182	1842
5230	1842
4518	1843
5522	1843
5523	1843
5537	1843
5544	1843
4524	1844
4527	1844
4547	1844
4549	1844
4554	1844
4560	1844
4572	1844
4604	1844
4613	1844
4621	1844
4639	1844
4669	1844
4684	1844
4730	1844
4748	1844
4773	1844
4833	1844
4839	1844
4893	1844
4924	1844
4929	1844
4940	1844
4942	1844
5006	1844
5017	1844
5050	1844
5060	1844
5080	1844
5086	1844
5110	1844
5133	1844
5149	1844
5164	1844
5171	1844
5231	1844
5270	1844
5275	1844
5277	1844
5304	1844
5322	1844
5349	1844
5359	1844
5418	1844
5453	1844
5512	1844
5518	1844
5529	1844
5549	1844
5556	1844
5591	1844
5601	1844
5650	1844
5651	1844
5656	1844
5680	1844
5685	1844
5687	1844
5692	1844
5717	1844
5754	1844
5831	1844
5834	1844
5848	1844
5911	1844
6084	1844
6105	1844
6178	1844
6225	1844
6229	1844
6250	1844
4526	1845
4528	1846
4530	1847
4536	1847
4542	1847
4531	1848
4563	1848
4707	1848
4831	1848
4877	1848
4921	1848
5038	1848
5052	1848
5075	1848
5125	1848
5155	1848
5158	1848
5167	1848
5198	1848
5282	1848
5284	1848
5309	1848
5329	1848
5335	1848
5373	1848
5387	1848
5746	1848
5811	1848
5886	1848
6011	1848
6142	1848
6188	1848
4532	1849
4533	1850
4535	1850
4546	1850
4570	1850
4538	1851
4552	1851
4562	1851
4567	1851
4584	1851
4605	1851
4623	1851
4633	1851
4640	1851
4647	1851
4671	1851
4742	1851
4750	1851
4777	1851
4824	1851
4848	1851
4890	1851
4894	1851
4947	1851
5251	1851
5377	1851
5551	1851
5552	1851
5571	1851
5576	1851
5579	1851
5583	1851
4539	1852
4603	1852
4630	1852
4541	1853
4544	1853
4548	1853
4733	1853
4747	1853
4752	1853
4979	1853
5037	1853
5353	1853
4543	1854
5446	1854
5562	1854
4545	1855
4550	1856
4709	1856
4553	1857
6068	1857
6299	1857
4555	1858
5064	1858
4557	1859
4594	1859
4558	1860
4650	1860
4787	1860
4559	1861
4624	1861
4561	1862
4564	1863
4568	1863
4602	1863
4614	1863
4682	1863
4699	1863
4883	1863
4887	1863
5138	1863
5168	1863
4565	1864
7671	1864
4566	1865
4569	1865
4577	1865
4913	1865
4916	1865
4918	1865
4941	1865
4946	1865
4959	1865
4571	1866
4573	1867
4600	1867
4628	1867
4703	1867
5049	1867
5068	1867
5214	1867
5330	1867
5333	1867
5350	1867
5412	1867
5423	1867
4575	1868
4578	1869
4825	1869
4834	1869
4835	1869
4856	1869
4898	1869
4937	1869
5281	1869
4579	1870
4622	1870
4677	1870
4681	1870
4780	1870
4580	1871
4582	1872
4601	1872
4583	1873
4589	1874
4658	1874
4660	1874
4668	1874
4769	1874
4900	1874
4590	1875
4592	1875
4593	1876
4595	1877
5004	1877
5126	1877
4597	1878
4598	1879
4606	1880
4607	1881
4608	1882
4631	1882
4644	1882
5005	1882
5042	1882
5102	1882
5153	1882
5219	1882
4610	1883
4789	1883
5020	1883
5147	1883
4611	1884
4612	1884
4617	1884
4615	1885
4618	1886
4649	1886
4666	1886
4679	1886
4691	1886
4693	1886
4695	1886
4718	1886
4740	1886
4816	1886
4822	1886
4826	1886
4836	1886
4846	1886
4851	1886
4865	1886
4866	1886
4888	1886
4915	1886
4926	1886
4945	1886
4968	1886
4972	1886
4980	1886
5014	1886
5024	1886
5032	1886
5045	1886
5046	1886
5077	1886
5095	1886
5097	1886
5131	1886
5161	1886
5190	1886
5194	1886
5199	1886
5207	1886
5217	1886
5229	1886
5232	1886
5246	1886
5247	1886
5272	1886
5285	1886
5301	1886
5306	1886
5323	1886
5327	1886
5354	1886
5372	1886
5374	1886
5385	1886
5393	1886
5396	1886
5432	1886
5442	1886
5445	1886
5486	1886
5487	1886
5488	1886
5497	1886
5498	1886
5502	1886
5515	1886
5554	1886
5572	1886
5573	1886
5575	1886
5582	1886
5588	1886
5598	1886
5618	1886
5631	1886
5632	1886
5648	1886
5657	1886
5668	1886
5673	1886
5675	1886
5679	1886
5683	1886
5707	1886
5714	1886
5728	1886
5730	1886
5739	1886
5748	1886
5761	1886
5786	1886
5793	1886
5794	1886
5824	1886
5852	1886
5885	1886
5898	1886
6185	1886
6209	1886
6212	1886
6226	1886
6286	1886
6525	1886
6635	1886
7004	1886
4625	1887
4629	1887
4627	1888
4632	1889
4636	1890
4638	1891
4645	1892
4665	1892
4646	1893
4653	1894
5538	1894
5548	1894
5589	1894
4655	1895
5762	1895
4659	1896
4663	1897
4667	1898
4726	1898
4744	1898
5770	1898
4673	1899
4675	1900
4680	1900
4702	1900
4734	1900
4741	1900
4784	1900
5422	1900
5669	1900
5696	1900
5733	1900
5747	1900
4678	1901
4706	1901
4725	1901
4683	1902
4685	1903
4686	1904
5226	1904
4687	1905
4689	1906
5189	1906
4690	1907
4811	1907
4696	1908
4783	1908
4806	1908
4698	1909
4870	1909
4871	1909
4897	1909
4708	1910
4710	1911
4712	1911
4765	1911
4815	1911
4845	1911
4868	1911
4878	1911
4927	1911
4952	1911
5071	1911
5142	1911
5297	1911
5310	1911
5342	1911
5361	1911
4711	1912
4977	1912
4992	1912
4716	1913
4727	1913
4743	1913
4753	1913
4758	1913
4798	1913
4717	1914
4746	1914
5716	1914
4720	1915
4721	1916
4760	1916
4786	1916
4724	1917
4728	1918
4731	1919
4735	1920
4738	1921
4775	1921
4802	1921
4804	1921
4842	1921
4889	1921
4912	1921
4970	1921
4971	1921
5002	1921
4739	1922
5700	1922
5724	1922
4745	1923
4749	1924
4754	1925
4755	1926
4757	1927
4764	1928
4884	1928
4895	1928
4903	1928
4908	1928
5003	1928
4766	1929
4767	1930
4768	1931
4771	1932
5174	1932
4772	1933
4776	1933
4778	1934
4781	1935
4910	1935
4990	1935
5051	1935
5057	1935
5061	1935
5123	1935
5345	1935
5443	1935
4785	1936
4795	1936
4807	1936
4796	1937
4801	1938
4805	1939
4808	1940
5034	1940
5331	1940
4812	1941
4814	1942
4821	1943
4823	1944
4827	1945
4830	1945
4974	1945
5949	1945
4828	1946
4829	1947
4860	1947
4832	1948
4854	1948
4858	1948
4905	1948
4917	1948
5252	1948
4837	1949
4838	1950
4840	1951
4841	1952
4892	1952
4963	1952
4843	1953
4852	1953
4936	1953
4844	1954
4969	1954
4847	1955
4850	1956
4855	1957
4857	1958
4859	1958
4863	1959
4864	1960
4867	1961
5018	1961
4869	1962
4872	1963
4873	1964
4874	1965
4882	1966
4885	1967
4886	1968
4901	1968
5028	1968
5094	1968
7841	1968
4891	1969
4902	1970
4904	1971
4906	1971
4909	1971
4961	1971
4982	1971
4983	1971
4987	1971
5027	1971
5221	1971
4907	1972
5490	1972
5807	1972
4911	1973
4978	1973
4919	1974
4922	1975
5019	1975
5187	1975
5244	1975
4923	1976
4951	1976
5082	1976
4925	1977
4935	1977
4928	1978
4932	1978
4962	1978
4999	1978
5048	1978
5100	1978
5120	1978
5122	1978
5130	1978
4933	1979
4934	1980
4939	1981
4943	1982
4948	1983
4949	1984
4950	1985
4953	1986
4954	1987
4955	1988
4957	1989
4958	1990
4964	1991
4965	1992
5031	1992
5975	1992
6001	1992
6022	1992
6098	1992
6106	1992
6116	1992
6118	1992
6145	1992
6446	1992
6486	1992
6493	1992
6494	1992
6507	1992
6608	1992
6641	1992
6645	1992
4966	1993
4967	1994
4973	1995
4975	1996
4981	1996
4989	1996
4984	1997
4985	1998
4986	1999
4988	2000
4991	2001
5022	2001
5040	2001
5083	2001
5280	2001
4993	2002
5054	2002
5103	2002
5236	2002
5238	2002
5242	2002
5245	2002
4996	2003
6581	2003
6599	2003
4997	2004
5627	2004
4998	2005
5000	2006
5001	2007
5008	2008
5009	2009
5011	2010
5016	2010
5012	2011
5070	2011
5124	2011
5129	2011
5398	2011
5013	2012
5025	2013
5033	2014
5035	2015
5197	2015
5036	2016
5041	2016
5039	2017
5043	2018
5176	2018
5183	2018
5213	2018
5216	2018
5276	2018
5367	2018
5044	2019
5152	2019
5055	2020
5058	2021
5059	2022
5063	2023
5065	2024
5178	2024
5185	2024
5222	2024
5066	2025
5621	2025
5067	2026
5085	2026
5069	2027
5073	2028
5079	2029
5098	2029
5160	2029
5186	2029
5211	2029
5228	2029
5300	2029
5084	2030
5087	2031
5088	2031
5093	2032
5294	2032
5099	2033
5101	2034
5104	2035
5107	2036
5162	2036
5293	2036
5108	2037
5388	2037
5550	2037
5109	2038
5111	2039
5302	2039
5305	2039
5311	2039
5324	2039
5332	2039
5491	2039
5492	2039
5684	2039
5758	2039
6251	2039
6310	2039
6314	2039
7217	2039
5112	2040
5121	2041
5128	2042
5134	2043
5193	2043
5137	2044
5139	2045
5141	2046
5143	2047
5144	2048
5150	2049
5154	2050
5159	2051
5165	2052
5166	2053
5170	2054
5173	2055
5177	2055
5179	2056
5196	2056
5180	2057
5256	2057
5260	2057
5267	2057
5181	2058
5184	2059
5200	2059
5188	2060
5191	2061
5192	2062
5426	2062
5195	2063
5271	2063
5288	2063
5201	2064
5202	2065
5206	2066
5317	2066
5209	2067
5212	2068
5215	2069
5220	2070
5224	2071
5225	2071
5227	2072
5233	2073
5234	2074
5235	2075
5237	2076
5249	2076
5273	2076
5239	2077
5283	2077
5248	2078
5250	2079
5253	2080
5255	2081
5269	2081
5258	2082
5259	2083
5261	2084
5263	2085
5264	2086
5266	2087
5286	2087
5268	2088
5274	2089
5278	2090
5290	2091
5291	2092
5688	2092
5690	2092
5295	2093
5296	2094
5299	2095
5307	2096
5308	2097
5326	2097
5313	2098
5316	2098
5314	2099
5320	2099
5315	2100
5328	2100
5355	2100
5585	2100
5318	2101
5334	2102
5343	2102
5341	2103
5346	2104
5347	2105
5639	2105
5348	2106
5352	2107
5643	2107
5731	2107
6318	2107
5356	2108
5358	2109
5360	2110
5362	2111
5363	2112
5364	2113
5365	2113
5366	2114
5368	2115
5369	2116
5370	2117
5420	2117
5495	2117
6172	2117
5371	2118
5375	2119
5376	2120
5379	2121
5480	2121
5380	2122
5381	2123
5382	2124
5383	2125
5540	2125
5384	2126
5386	2127
5389	2128
5397	2128
5408	2128
5467	2128
5473	2128
5489	2128
5494	2128
5496	2128
5526	2128
5536	2128
5553	2128
5557	2128
5567	2128
5570	2128
5577	2128
5633	2128
5662	2128
5689	2128
5927	2128
6133	2128
6189	2128
6239	2128
6557	2128
6772	2128
7117	2128
5391	2129
5392	2130
5395	2131
5399	2132
5403	2133
5406	2133
5505	2133
5624	2133
5404	2134
5405	2135
5413	2135
5407	2136
5409	2137
5410	2138
5411	2139
5417	2139
5427	2139
5414	2140
5415	2141
5672	2141
5416	2142
5424	2143
5425	2144
5470	2144
5428	2145
5461	2145
5466	2145
5622	2145
5430	2146
5431	2147
5441	2147
5433	2148
5667	2148
5434	2149
5464	2149
5499	2149
5435	2150
5436	2151
5666	2151
5440	2152
5447	2153
5472	2153
5477	2153
5485	2153
5530	2153
5833	2153
5448	2154
5476	2154
5503	2154
5449	2155
5484	2155
5595	2155
5450	2156
5452	2156
5463	2156
5471	2156
5542	2156
5563	2156
5594	2156
5635	2156
5644	2156
5858	2156
5892	2156
6037	2156
5451	2157
5623	2157
5454	2158
5469	2158
5455	2159
5456	2160
5654	2160
5457	2161
5458	2162
5459	2163
5460	2164
5462	2165
5465	2166
5629	2166
5664	2166
5478	2167
5479	2168
5481	2169
5513	2169
5482	2170
5483	2171
5501	2172
5504	2173
5506	2174
5507	2175
5581	2175
5508	2176
5510	2177
5511	2178
5514	2179
5521	2179
5524	2179
5527	2179
5516	2180
5519	2180
5525	2180
5528	2180
5517	2181
5520	2182
5531	2183
5533	2183
5558	2183
5532	2184
5660	2184
5534	2185
5659	2185
5535	2186
5658	2186
5539	2187
5541	2188
5590	2188
5545	2189
5546	2190
5547	2191
5555	2192
5559	2193
5560	2194
5561	2195
5596	2195
5686	2195
5732	2195
5568	2196
5569	2197
5574	2198
5578	2199
5611	2199
5580	2200
5584	2201
5634	2201
5587	2202
5592	2202
5706	2202
5593	2203
5597	2204
5642	2204
5778	2204
5599	2205
5600	2206
5602	2207
5604	2208
5610	2208
5628	2208
5676	2208
5605	2209
5606	2210
5609	2210
5641	2210
5670	2210
5703	2210
5721	2210
5753	2210
5755	2210
5996	2210
6020	2210
6091	2210
6109	2210
6121	2210
6128	2210
6130	2210
5607	2211
5612	2212
5617	2212
5727	2212
5613	2213
5614	2214
5615	2215
5655	2215
5616	2216
5619	2217
5620	2218
5691	2218
5625	2219
5738	2219
5626	2220
5637	2221
5677	2221
5757	2221
5638	2222
5646	2223
5649	2224
5698	2224
6160	2224
5652	2225
5653	2226
7205	2226
5661	2227
5710	2227
5663	2228
5671	2229
5674	2230
5699	2230
5713	2230
5678	2231
5681	2232
5682	2233
5693	2234
5884	2234
6326	2234
5694	2235
5695	2236
5726	2236
5751	2236
5697	2237
5701	2238
5702	2239
5704	2240
5705	2241
5708	2241
5709	2241
5741	2241
5817	2241
5836	2241
5902	2241
6125	2241
6252	2241
6274	2241
6324	2241
6571	2241
5711	2242
5715	2243
5718	2244
5719	2245
5735	2245
5759	2245
5764	2245
5832	2245
5840	2245
5845	2245
5861	2245
5941	2245
5954	2245
5969	2245
5970	2245
5980	2245
6013	2245
6035	2245
6050	2245
6074	2245
6089	2245
6101	2245
6113	2245
6136	2245
6138	2245
6232	2245
6244	2245
6248	2245
6289	2245
6290	2245
6316	2245
6335	2245
6351	2245
6369	2245
6401	2245
6406	2245
6461	2245
6524	2245
6533	2245
6552	2245
6553	2245
6591	2245
6609	2245
6620	2245
6680	2245
5720	2246
5736	2246
5878	2246
5722	2247
5846	2247
5866	2247
5891	2247
5987	2247
6143	2247
6149	2247
6169	2247
6218	2247
5723	2248
5725	2249
5729	2250
5734	2251
6154	2251
5737	2252
5740	2253
5742	2254
5743	2255
5792	2255
5814	2255
5830	2255
5850	2255
5897	2255
5744	2256
5745	2257
5974	2257
5749	2258
5752	2259
5946	2259
5756	2260
5796	2260
5760	2261
5763	2262
5765	2263
5766	2264
5771	2264
5787	2264
5809	2264
5868	2264
6087	2264
6103	2264
6112	2264
5767	2265
5813	2265
5907	2265
5768	2266
5775	2266
5859	2266
5769	2267
5772	2267
5773	2267
5774	2267
5799	2267
5801	2267
5803	2267
5854	2267
5857	2267
5776	2268
5779	2269
5783	2269
5780	2270
5862	2270
5920	2270
5925	2270
5781	2271
5782	2272
5784	2273
5788	2274
5789	2275
5860	2275
5790	2276
5791	2277
5812	2277
5797	2278
5802	2278
5810	2278
6034	2278
5798	2279
5800	2280
6284	2280
6642	2280
5804	2281
5805	2282
5808	2283
5815	2284
5844	2284
5816	2285
5818	2286
5823	2286
5819	2287
5825	2288
5838	2288
5869	2288
5874	2288
5883	2288
5930	2288
6110	2288
6320	2288
6360	2288
6364	2288
6376	2288
6523	2288
6528	2288
6750	2288
6902	2288
6907	2288
6972	2288
7006	2288
5826	2289
5842	2289
5876	2289
5908	2289
5910	2289
5924	2289
5956	2289
5967	2289
5988	2289
6036	2289
6059	2289
6064	2289
6079	2289
6111	2289
6144	2289
6257	2289
6258	2289
6260	2289
6264	2289
6302	2289
6323	2289
6352	2289
6368	2289
6374	2289
6421	2289
6455	2289
6460	2289
6472	2289
6606	2289
6910	2289
5827	2290
5828	2291
5841	2291
5881	2291
5829	2292
6032	2292
5835	2293
5837	2294
5839	2295
5865	2295
5922	2295
5943	2295
5979	2295
5843	2296
5847	2297
5872	2297
5849	2298
5851	2299
5853	2300
7222	2300
5855	2301
5960	2301
6813	2301
5863	2302
5882	2302
5923	2302
5864	2303
5867	2304
5870	2305
5871	2306
5912	2306
5873	2307
5906	2307
5875	2308
5893	2308
5877	2309
5888	2309
5894	2309
5879	2310
5880	2311
5916	2311
5887	2312
5889	2313
5890	2314
5895	2315
5896	2316
6005	2316
6028	2316
5899	2317
5926	2317
5993	2317
5900	2318
5909	2318
5947	2318
6152	2318
6157	2318
6193	2318
6219	2318
6231	2318
6300	2318
6301	2318
6342	2318
6363	2318
6417	2318
6418	2318
6431	2318
6482	2318
6491	2318
6536	2318
6540	2318
6555	2318
6588	2318
6658	2318
6676	2318
6682	2318
6747	2318
6847	2318
6862	2318
6877	2318
6932	2318
6935	2318
6952	2318
7145	2318
7157	2318
8134	2318
8138	2318
5901	2319
5903	2320
5904	2321
5905	2322
5913	2323
5937	2323
5914	2324
5915	2325
5917	2326
5918	2327
5919	2328
5921	2329
5981	2329
5990	2329
5998	2329
6008	2329
6009	2329
6017	2329
6021	2329
6027	2329
6052	2329
6053	2329
6055	2329
6062	2329
6075	2329
6083	2329
6096	2329
6097	2329
6126	2329
6148	2329
6171	2329
6196	2329
6205	2329
6223	2329
6249	2329
6256	2329
6277	2329
6282	2329
6367	2329
6399	2329
6403	2329
6412	2329
6422	2329
6427	2329
6436	2329
6475	2329
6515	2329
6534	2329
6541	2329
6565	2329
6705	2329
6798	2329
6810	2329
6850	2329
6894	2329
6898	2329
6921	2329
6925	2329
6940	2329
5928	2330
5931	2331
5932	2332
6031	2332
6180	2332
6373	2332
5934	2333
5935	2334
5936	2335
5938	2336
5939	2337
5940	2338
5942	2339
5945	2340
5948	2341
7227	2341
5950	2342
5951	2343
6134	2343
5952	2344
5953	2345
6016	2345
6127	2345
5955	2346
5957	2347
5958	2348
6129	2348
6235	2348
5959	2349
5964	2349
5971	2349
5976	2349
6023	2349
5961	2350
6530	2350
5962	2351
5963	2352
5966	2352
6046	2352
5965	2353
5989	2353
6085	2353
6088	2353
6100	2353
6102	2353
5968	2354
5972	2355
6014	2355
6042	2355
6058	2355
6061	2355
5973	2356
5977	2357
5978	2358
6012	2358
5982	2359
6162	2359
6165	2359
5983	2360
5984	2361
5985	2362
5986	2363
5991	2364
6039	2364
5992	2365
6006	2365
6026	2365
6041	2365
5994	2366
5995	2367
5999	2367
6007	2367
5997	2368
6000	2369
6002	2370
7155	2370
7276	2370
7428	2370
6003	2371
6004	2372
6010	2373
6060	2373
6080	2373
6094	2373
6115	2373
6015	2374
6018	2375
6019	2376
6040	2376
6024	2377
6153	2377
6025	2378
6029	2379
6030	2380
6033	2381
6038	2382
6043	2383
6044	2384
6045	2385
6057	2385
6047	2386
6108	2386
6048	2387
6051	2387
6081	2387
6049	2388
6276	2388
6338	2388
6346	2388
6388	2388
6402	2388
6054	2389
6063	2389
6056	2390
6065	2391
6066	2392
6067	2393
6071	2394
6224	2394
6327	2394
6072	2395
6073	2396
6095	2396
6076	2397
6184	2397
6077	2398
6078	2399
6082	2400
6086	2401
6092	2402
6093	2403
6099	2404
6397	2404
6104	2405
6272	2405
6107	2406
6131	2406
6146	2406
6114	2407
6117	2408
6119	2409
6120	2410
6122	2411
6198	2411
6199	2411
6201	2411
6222	2411
6296	2411
6123	2412
6304	2412
6308	2412
7765	2412
6124	2413
6265	2413
6294	2413
6132	2414
6135	2415
6150	2415
6175	2415
6137	2416
6151	2416
6164	2416
6309	2416
6471	2416
6535	2416
6622	2416
6695	2416
6958	2416
6139	2417
6349	2417
6485	2417
6140	2418
6394	2418
6429	2418
6141	2419
6586	2419
6589	2419
6147	2420
6155	2420
6197	2420
6372	2420
6158	2421
6344	2421
6161	2422
6163	2423
6166	2424
6167	2425
6168	2426
6200	2426
6208	2426
6170	2427
6207	2427
6211	2427
6221	2427
6173	2428
6174	2429
6176	2430
6177	2431
6179	2432
6181	2433
6195	2433
6182	2434
6186	2435
6187	2436
6215	2436
6227	2436
6240	2436
6242	2436
6268	2436
6190	2437
6191	2438
6192	2439
6359	2439
6194	2440
6206	2440
6400	2440
6793	2440
6202	2441
6203	2442
6214	2442
6216	2442
6217	2442
6204	2443
6210	2444
6213	2445
6228	2445
6271	2445
6378	2445
6385	2445
6389	2445
6220	2446
6230	2447
6273	2447
6275	2447
6366	2447
6428	2447
6579	2447
6605	2447
7264	2447
7310	2447
7660	2447
7661	2447
6233	2448
6234	2449
6241	2449
6278	2449
6311	2449
6236	2450
6270	2450
6237	2451
6243	2451
6238	2452
6261	2452
7110	2452
7211	2452
7545	2452
7617	2452
6245	2453
6285	2453
6246	2454
6315	2454
6247	2455
6269	2455
6329	2455
6343	2455
6467	2455
6253	2456
6377	2456
6531	2456
6254	2457
6468	2457
6646	2457
6657	2457
6255	2458
6393	2458
6644	2458
6677	2458
6259	2459
7324	2459
6262	2460
6263	2461
6267	2462
6279	2463
6396	2463
6280	2464
6350	2464
6362	2464
6927	2464
6281	2465
6328	2465
6283	2466
6287	2467
6297	2467
6288	2468
6291	2469
6292	2470
6298	2470
6353	2470
6529	2470
7345	2470
6293	2471
6303	2471
6305	2472
6306	2473
6405	2473
6708	2473
6307	2474
6319	2474
6333	2474
6345	2474
6439	2474
6313	2475
6317	2476
6334	2476
6321	2477
6322	2478
6325	2479
6340	2479
6330	2480
6550	2480
6331	2481
6357	2481
6361	2481
6370	2481
6416	2481
6419	2481
6463	2481
6663	2481
7220	2481
7465	2481
7556	2481
6332	2482
6336	2483
6423	2483
6337	2484
6392	2484
6470	2484
6476	2484
6480	2484
6481	2484
6339	2485
6452	2485
6347	2486
6356	2486
6447	2486
6654	2486
6758	2486
6354	2487
6443	2487
6355	2488
6444	2488
6358	2489
6387	2489
6365	2490
6375	2490
6371	2491
6583	2491
6380	2492
6381	2492
6404	2492
7208	2492
6382	2493
6383	2494
6391	2494
6386	2495
6395	2495
7719	2495
6390	2496
6398	2497
6407	2498
6488	2498
6408	2499
6409	2500
6411	2500
6410	2501
6413	2502
6414	2503
6415	2504
6426	2504
6420	2505
6424	2506
6432	2507
6554	2507
6433	2508
6434	2509
6437	2510
6438	2511
6440	2512
6441	2513
6442	2514
6445	2515
6448	2516
6449	2517
6450	2517
6451	2518
6454	2519
6458	2519
6542	2519
6456	2520
6457	2521
6832	2521
6881	2521
6997	2521
7044	2521
7151	2521
6459	2522
6495	2522
6464	2523
6578	2523
6465	2524
6474	2524
6466	2525
6469	2526
6473	2527
6478	2527
6489	2527
6501	2527
6512	2527
6543	2527
6673	2527
6721	2527
6726	2527
6731	2527
6477	2528
6483	2528
6508	2528
6479	2529
6503	2529
6600	2529
6484	2530
6498	2530
6514	2530
6628	2530
6630	2530
6634	2530
6714	2530
6487	2531
6505	2531
6490	2532
6840	2532
7537	2532
8274	2532
8359	2532
8361	2532
8379	2532
6492	2533
6496	2533
6502	2533
6497	2534
6522	2534
6499	2535
6612	2535
6829	2535
6841	2535
6860	2535
6500	2536
6504	2537
6639	2537
6506	2538
6511	2538
6513	2538
6516	2538
6517	2538
6527	2538
6545	2538
6560	2538
6568	2538
6572	2538
6573	2538
6585	2538
6590	2538
6610	2538
6615	2538
6621	2538
6626	2538
6629	2538
6633	2538
6638	2538
6650	2538
6661	2538
6665	2538
6667	2538
6678	2538
6690	2538
6699	2538
6717	2538
6732	2538
6737	2538
6748	2538
6770	2538
6779	2538
6817	2538
6848	2538
6875	2538
6888	2538
6918	2538
6928	2538
6945	2538
6947	2538
6961	2538
6963	2538
6993	2538
7008	2538
7011	2538
7027	2538
7046	2538
7068	2538
7082	2538
7087	2538
7097	2538
7204	2538
7221	2538
7230	2538
7254	2538
7333	2538
7409	2538
7420	2538
7448	2538
7466	2538
7472	2538
7523	2538
7685	2538
7743	2538
7758	2538
7845	2538
6509	2539
6674	2539
6679	2539
6711	2539
6723	2539
6725	2539
6946	2539
6510	2540
6518	2541
6519	2542
6704	2542
6768	2542
6785	2542
6820	2542
6822	2542
6520	2543
6559	2543
6602	2543
6521	2544
6526	2545
6532	2545
6868	2545
7034	2545
6538	2546
6544	2547
6546	2548
6561	2548
6563	2548
6603	2548
6618	2548
6547	2549
6551	2550
6556	2551
6681	2551
6558	2552
6933	2552
6941	2552
6974	2552
7202	2552
7621	2552
8220	2552
6562	2553
6567	2553
6564	2554
6566	2555
6569	2556
6604	2556
6647	2556
6570	2557
6574	2558
6575	2559
6636	2559
6778	2559
6576	2560
6715	2560
6577	2561
6688	2561
6580	2562
6582	2563
6584	2564
7153	2564
7436	2564
7724	2564
6587	2565
6592	2566
6594	2566
6593	2567
6742	2567
6595	2568
6598	2569
6607	2570
6625	2570
6631	2570
6611	2571
6649	2571
6719	2571
6613	2572
6614	2573
6616	2574
6617	2575
6619	2576
6623	2576
6899	2576
6624	2577
6669	2577
6627	2578
7548	2578
7554	2578
7586	2578
7596	2578
6632	2579
6637	2580
6648	2580
6640	2581
6664	2581
6684	2581
6741	2581
6643	2582
6666	2582
6685	2582
6651	2583
6718	2583
6755	2583
6792	2583
6814	2583
6819	2583
6836	2583
6870	2583
6971	2583
6975	2583
6995	2583
7064	2583
7077	2583
7086	2583
7122	2583
7210	2583
7538	2583
7539	2583
7643	2583
6655	2584
6656	2585
6659	2586
7252	2586
7282	2586
6662	2587
6668	2588
6751	2588
6797	2588
6834	2588
6853	2588
6876	2588
6884	2588
6670	2589
6671	2590
6672	2591
6754	2591
6675	2592
6766	2592
6784	2592
6790	2592
6791	2592
6944	2592
6683	2593
6686	2594
6757	2594
6687	2595
6738	2595
6689	2596
6706	2596
6691	2597
6803	2597
6692	2598
6693	2599
6694	2600
6696	2601
6697	2602
6769	2602
6874	2602
6698	2603
7601	2603
7644	2603
7885	2603
7895	2603
6700	2604
6701	2605
6702	2606
6703	2607
6707	2608
6722	2608
6709	2609
6821	2609
6710	2610
6712	2611
6713	2612
6716	2613
6720	2614
6724	2615
6728	2615
6759	2615
6825	2615
7016	2615
7048	2615
7061	2615
6727	2616
6749	2616
6729	2617
6730	2618
6774	2618
6781	2618
6977	2618
6733	2619
6740	2619
6745	2619
6767	2619
6788	2619
6855	2619
6867	2619
6872	2619
6931	2619
6934	2619
6734	2620
6735	2621
6736	2621
6746	2621
6859	2621
6739	2622
6743	2623
6914	2623
6744	2624
6804	2624
6752	2625
6776	2625
6795	2625
6753	2626
6762	2626
6938	2626
7137	2626
6756	2627
7005	2627
7013	2627
6760	2628
6764	2628
6796	2628
6842	2628
6844	2628
6761	2629
6773	2629
7600	2629
6763	2630
6900	2630
6765	2631
6782	2631
6911	2631
6775	2632
6777	2633
6786	2633
6780	2634
6783	2635
6787	2636
6789	2637
6805	2637
6794	2638
6801	2638
6849	2638
6856	2638
6865	2638
7850	2638
6799	2639
6816	2639
6800	2640
6922	2640
7030	2640
7036	2640
7056	2640
6802	2641
6806	2642
8079	2642
6807	2643
6869	2643
6964	2643
7101	2643
7194	2643
7215	2643
7303	2643
7307	2643
6808	2644
6809	2645
6824	2645
6886	2645
6887	2645
6896	2645
6919	2645
6942	2645
6980	2645
7029	2645
7052	2645
7069	2645
7088	2645
7092	2645
7686	2645
6811	2646
6812	2646
6815	2647
6879	2647
6818	2648
6823	2649
7616	2649
6826	2650
7060	2650
7071	2650
6827	2651
6828	2652
6830	2653
6839	2653
6831	2654
6833	2655
6835	2656
6893	2656
7002	2656
6837	2657
6838	2657
6843	2658
6871	2658
6936	2658
6845	2659
6878	2659
6846	2660
6908	2660
6851	2661
6889	2661
6890	2661
6852	2662
6854	2662
6857	2663
6858	2664
6926	2664
7014	2664
7372	2664
7386	2664
7390	2664
7396	2664
7407	2664
7441	2664
7463	2664
7520	2664
7522	2664
7534	2664
7536	2664
7540	2664
7561	2664
7562	2664
7582	2664
7706	2664
6861	2665
6863	2666
6864	2667
6866	2668
6873	2669
6903	2669
6880	2670
6882	2671
6883	2672
6885	2673
6905	2673
6892	2674
6895	2675
6897	2676
6901	2677
6904	2678
6906	2679
6909	2680
6912	2681
6913	2682
6924	2682
6916	2683
6937	2683
7059	2683
6917	2684
6920	2685
6983	2685
6923	2686
6929	2687
6930	2688
6970	2688
6973	2688
7043	2688
7075	2688
7100	2688
7123	2688
7163	2688
7292	2688
7344	2688
6939	2689
6943	2690
6951	2690
6976	2690
6978	2690
6985	2690
6994	2690
7871	2690
6948	2691
6981	2691
7037	2691
7121	2691
7130	2691
6949	2692
7129	2692
6950	2693
7025	2693
7239	2693
7384	2693
7883	2693
6953	2694
6954	2695
6979	2695
6956	2696
6991	2696
6957	2697
6990	2697
7021	2697
7089	2697
6959	2698
6960	2699
6989	2699
6962	2700
6965	2701
6966	2702
6967	2703
6982	2703
6968	2704
6986	2704
7080	2704
6969	2705
6984	2706
7035	2706
7665	2706
7974	2706
6987	2707
7055	2707
7057	2707
6988	2708
7045	2708
7070	2708
7085	2708
6992	2709
6998	2709
7031	2709
7033	2709
7054	2709
7066	2709
7079	2709
7614	2709
6996	2710
7023	2710
6999	2711
7007	2711
7000	2712
7001	2713
7022	2713
7038	2713
7003	2714
7009	2715
7010	2716
7067	2716
7234	2716
7012	2717
7150	2717
7160	2717
7015	2718
7017	2719
7018	2720
7019	2721
7042	2721
7020	2722
7024	2723
7026	2724
7032	2725
7039	2726
7058	2726
7040	2727
7645	2727
7676	2727
7682	2727
7726	2727
7041	2728
7047	2729
7049	2730
7051	2730
7190	2730
7243	2730
7248	2730
7309	2730
7050	2731
7053	2732
7062	2733
7063	2734
7065	2735
7099	2735
7127	2735
7229	2735
7335	2735
7346	2735
7411	2735
7072	2736
7189	2736
7363	2736
7445	2736
7073	2737
7083	2737
7156	2737
7185	2737
7284	2737
7315	2737
7583	2737
7585	2737
7834	2737
7858	2737
7074	2738
7076	2739
7078	2740
7081	2741
7084	2741
7125	2741
7708	2741
7991	2741
7090	2742
7091	2743
7149	2743
7094	2744
7095	2745
7147	2745
7424	2745
7764	2745
7096	2746
7098	2747
7102	2748
7131	2748
7103	2749
7109	2749
7126	2749
7209	2749
7256	2749
7449	2749
7793	2749
7104	2750
7105	2750
7106	2751
7107	2751
7318	2751
7108	2752
7111	2753
7114	2753
7120	2753
7141	2753
7112	2754
7564	2754
7113	2755
7169	2755
7182	2755
7115	2756
7116	2757
7223	2757
7330	2757
7625	2757
7636	2757
7118	2758
7133	2758
7119	2759
7124	2759
7128	2760
7170	2760
7481	2760
7485	2760
7132	2761
7240	2761
7467	2761
7134	2762
7135	2762
7188	2762
7192	2762
7231	2762
7136	2763
7158	2763
7159	2763
8202	2763
8241	2763
7138	2764
7139	2765
7413	2765
7584	2765
7140	2766
7287	2766
7294	2766
7142	2767
7168	2767
7143	2768
7146	2769
7193	2769
7213	2769
7233	2769
7241	2769
7311	2769
7317	2769
7321	2769
7340	2769
7341	2769
7152	2770
7162	2770
7154	2771
7161	2771
7164	2771
7574	2771
7612	2771
7166	2772
7187	2772
7207	2772
7167	2773
7235	2773
7293	2773
7362	2773
7755	2773
7760	2773
7171	2774
7172	2775
7173	2776
7174	2777
7242	2777
7255	2777
7258	2777
7280	2777
7281	2777
7391	2777
7175	2778
7247	2778
7301	2778
7176	2779
7178	2780
7183	2780
7179	2781
7224	2781
7253	2781
7267	2781
7427	2781
7443	2781
7567	2781
7570	2781
7594	2781
7641	2781
7180	2782
7521	2782
7535	2782
7609	2782
7692	2782
7701	2782
7181	2783
7602	2783
7184	2784
7228	2784
7186	2785
7191	2786
7244	2786
7195	2787
7196	2788
8151	2788
8171	2788
7197	2789
7198	2790
7225	2790
7237	2790
7199	2791
7200	2791
7246	2791
7328	2791
7201	2792
7203	2793
7763	2793
7864	2793
7892	2793
7206	2794
7212	2795
7778	2795
8013	2795
7214	2796
7216	2797
7218	2798
7219	2799
7555	2799
7653	2799
7226	2800
7552	2800
7663	2800
7687	2800
7738	2800
7232	2801
7236	2802
7320	2802
7350	2802
7558	2802
7741	2802
7749	2802
7973	2802
8034	2802
7238	2803
7245	2804
7249	2805
7250	2805
7364	2805
7514	2805
7251	2806
7257	2806
7259	2806
7260	2807
7283	2807
7352	2807
7365	2807
7261	2808
7262	2809
7360	2809
7263	2810
7265	2811
7266	2812
7268	2812
7269	2813
7270	2814
7271	2815
7272	2816
7273	2817
7295	2817
7437	2817
7476	2817
7274	2818
7290	2818
7334	2818
7337	2818
7339	2818
7359	2818
7275	2819
7277	2820
7371	2820
7679	2820
7278	2821
7399	2821
7279	2822
7921	2822
7288	2823
7291	2824
7304	2824
7319	2824
7338	2824
7405	2824
7412	2824
7590	2824
7296	2825
7297	2826
7298	2827
7299	2828
7482	2828
7300	2829
7370	2829
7425	2829
7453	2829
7491	2829
7525	2829
7543	2829
7544	2829
7550	2829
7577	2829
7604	2829
7670	2829
7672	2829
7680	2829
7688	2829
7728	2829
8259	2829
7302	2830
7305	2831
7456	2831
7471	2831
7530	2831
7597	2831
7306	2832
7357	2832
7308	2833
7313	2833
7312	2834
7314	2835
7316	2836
7322	2837
7498	2837
7323	2838
7325	2839
7890	2839
7326	2840
7327	2841
7329	2842
7426	2842
7886	2842
7331	2843
7332	2844
7464	2844
7557	2844
7721	2844
7336	2845
7343	2845
7349	2845
7351	2845
7378	2845
7382	2845
7395	2845
7342	2846
7347	2847
7367	2847
7446	2847
7348	2848
7356	2848
7379	2848
7408	2848
7353	2849
7421	2849
7598	2849
7354	2850
7572	2850
7628	2850
7355	2851
7375	2851
7406	2851
7418	2851
7475	2851
7730	2851
7358	2852
7419	2852
8248	2852
8294	2852
8398	2852
7361	2853
7366	2854
7404	2854
7368	2855
7369	2856
7373	2857
7374	2858
7380	2858
7433	2858
7440	2858
7442	2858
7479	2858
7512	2858
7515	2858
7516	2858
7517	2858
7518	2858
7532	2858
7608	2858
7376	2859
7383	2859
7377	2860
7490	2860
7506	2860
7731	2860
7732	2860
7880	2860
7381	2861
7385	2861
7392	2861
7664	2861
7669	2861
7735	2861
7866	2861
8257	2861
8272	2861
8279	2861
8281	2861
8332	2861
7387	2862
7410	2862
7565	2862
7571	2862
7388	2863
7417	2863
7389	2864
7397	2864
7393	2865
7501	2865
7509	2865
7394	2866
7500	2866
7507	2866
7508	2866
7398	2867
7400	2868
7401	2869
7613	2869
7913	2869
8121	2869
8210	2869
8295	2869
8296	2869
7403	2870
7414	2871
7416	2871
7415	2872
7435	2872
7422	2873
7423	2874
7429	2875
7430	2876
7434	2876
7531	2876
7541	2876
7546	2876
7431	2877
7439	2877
7480	2877
7487	2877
7432	2878
7438	2879
7444	2880
7458	2880
7595	2880
7695	2880
7450	2881
7470	2881
7503	2881
7551	2881
7451	2882
7560	2882
7452	2883
7496	2883
7646	2883
7689	2883
7694	2883
8153	2883
7454	2884
7455	2885
7457	2886
7474	2886
7549	2886
7581	2886
7632	2886
7655	2886
7656	2886
7691	2886
7459	2887
7887	2887
7460	2888
7478	2888
7461	2889
7469	2889
7588	2889
7611	2889
7630	2889
7462	2890
7468	2891
7499	2891
7502	2891
7473	2892
7666	2892
7675	2892
7477	2893
7489	2893
7511	2893
7483	2894
7504	2894
7484	2895
7486	2895
7659	2895
7693	2895
7722	2895
7727	2895
7488	2896
7566	2896
7492	2897
7493	2898
7494	2899
7610	2899
7747	2899
7898	2899
7495	2900
7497	2901
7510	2901
7519	2901
7505	2902
7640	2902
7513	2903
7526	2904
7527	2905
7528	2905
7533	2905
7542	2906
7547	2907
7888	2907
7930	2907
7971	2907
8123	2907
7553	2908
7591	2908
7704	2908
7559	2909
7568	2910
7715	2910
7569	2911
7573	2912
7579	2912
7576	2913
7580	2913
7578	2914
7699	2914
7587	2915
7589	2916
7707	2916
7718	2916
7748	2916
7775	2916
7776	2916
7777	2916
7781	2916
7785	2916
7796	2916
7806	2916
7807	2916
7816	2916
7859	2916
7878	2916
7879	2916
8087	2916
7592	2917
7631	2917
7593	2918
7599	2919
7603	2920
7624	2920
7627	2920
7647	2920
7697	2920
7757	2920
7605	2921
7606	2922
7739	2922
7607	2923
7649	2923
7714	2923
7615	2924
7618	2925
7654	2925
7677	2925
7681	2925
7905	2925
8190	2925
7619	2926
7620	2927
7634	2927
7658	2927
7622	2928
7623	2929
7626	2930
7642	2930
7648	2930
7629	2931
7633	2932
7635	2932
7638	2932
7762	2932
7774	2932
7637	2933
7639	2933
7650	2933
7651	2933
8232	2933
7652	2934
7657	2935
7662	2936
7717	2936
7667	2937
7712	2937
7713	2937
7740	2937
7668	2938
7994	2938
7673	2939
7674	2940
7684	2940
7711	2940
7678	2941
7683	2942
7690	2943
7705	2943
8084	2943
8108	2943
7696	2944
7734	2944
7745	2944
8001	2944
8015	2944
8016	2944
7698	2945
7851	2945
7700	2946
7709	2946
7710	2946
7702	2947
7979	2947
8349	2947
7703	2948
7716	2948
7720	2949
7733	2949
7771	2949
7784	2949
7902	2949
7916	2949
7723	2950
7725	2951
7729	2952
7736	2953
7737	2954
7742	2955
7826	2955
7744	2956
7761	2956
7746	2957
8078	2957
7750	2958
7751	2959
7752	2960
7846	2960
7753	2961
7754	2962
8028	2962
8045	2962
7759	2963
7882	2963
7766	2964
7769	2964
7787	2964
7788	2964
7789	2964
7801	2964
7808	2964
7810	2964
7837	2964
7877	2964
7909	2964
7919	2964
7928	2964
7932	2964
7939	2964
7965	2964
7975	2964
7976	2964
7980	2964
7984	2964
7986	2964
7989	2964
7996	2964
8010	2964
8011	2964
8012	2964
8019	2964
8023	2964
8038	2964
8063	2964
8085	2964
8099	2964
8105	2964
8130	2964
8139	2964
8140	2964
8141	2964
8145	2964
8154	2964
8161	2964
8166	2964
8172	2964
8209	2964
8214	2964
8217	2964
8218	2964
8224	2964
8263	2964
8265	2964
8285	2964
8286	2964
8345	2964
8348	2964
8353	2964
8358	2964
8369	2964
8375	2964
8377	2964
8383	2964
8384	2964
8395	2964
8399	2964
7767	2965
7998	2965
8000	2965
7768	2966
7770	2966
7797	2966
7800	2966
7820	2966
7772	2967
7773	2968
7779	2969
7786	2969
7947	2969
8026	2969
8049	2969
8083	2969
8090	2969
7780	2970
7809	2970
8167	2970
7782	2971
7857	2971
7876	2971
8385	2971
8386	2971
8387	2971
8392	2971
8394	2971
7783	2972
7790	2973
8174	2973
7791	2974
7795	2974
7832	2974
7833	2974
7861	2974
7868	2974
8339	2974
7792	2975
7794	2976
7842	2976
7849	2976
7798	2977
7957	2977
7983	2977
8002	2977
8018	2977
8029	2977
7799	2978
7802	2978
7803	2978
7804	2978
7860	2978
7862	2978
7863	2978
7873	2978
7805	2979
7891	2979
7811	2980
7812	2980
7835	2980
7813	2981
7815	2981
7814	2982
7817	2982
7818	2982
7839	2982
7865	2982
7867	2982
7872	2982
8059	2982
8088	2982
8131	2982
7819	2983
7821	2984
8135	2984
7822	2985
7823	2986
7836	2986
7824	2987
7825	2988
7830	2988
7875	2988
7962	2988
7827	2989
7831	2989
7838	2989
8146	2989
8147	2989
7828	2990
7829	2991
7840	2992
7854	2992
7917	2992
7843	2993
7847	2993
7881	2993
8050	2993
8081	2993
7844	2994
7848	2995
7874	2995
7852	2996
7853	2997
7855	2998
7856	2999
7869	3000
7894	3000
7870	3001
7884	3002
7889	3003
7938	3003
7896	3004
7903	3004
7904	3004
7897	3005
7907	3005
7899	3006
7900	3007
7901	3008
8068	3008
8092	3008
7906	3009
7908	3010
7956	3010
7910	3011
7953	3011
7995	3011
8003	3011
8060	3011
8064	3011
8093	3011
8193	3011
7911	3012
7912	3013
7915	3014
7918	3015
7935	3015
7920	3016
7922	3017
7923	3018
7924	3019
7997	3019
7925	3020
8020	3020
8158	3020
8234	3020
7926	3021
7927	3022
7929	3023
7937	3023
7931	3024
7933	3025
7934	3026
7936	3027
7969	3027
8122	3027
7940	3028
7941	3029
7942	3030
8062	3030
8069	3030
7943	3031
7944	3032
7950	3032
8054	3032
8112	3032
8118	3032
7945	3033
7959	3033
7946	3034
8027	3034
8117	3034
7948	3035
7949	3035
7951	3036
7952	3037
7954	3038
7955	3039
7958	3040
7961	3040
7964	3040
8032	3040
8035	3040
8036	3040
7960	3041
7963	3042
8004	3042
8086	3042
7966	3043
7967	3044
8021	3044
8025	3044
7968	3045
7972	3045
7981	3045
8005	3045
8058	3045
8065	3045
8066	3045
7970	3046
8031	3046
7977	3047
7992	3047
7978	3048
7982	3049
7985	3050
7987	3051
7988	3052
8287	3052
7990	3053
7993	3054
8006	3054
8009	3054
8030	3054
8096	3054
8101	3054
8102	3054
8115	3054
8128	3054
8142	3054
8188	3054
8216	3054
8289	3054
8310	3054
7999	3055
8007	3056
8033	3056
8226	3056
8008	3057
8014	3058
8051	3058
8256	3058
8267	3058
8017	3059
8022	3060
8024	3061
8037	3062
8057	3062
8039	3063
8040	3064
8042	3064
8048	3064
8111	3064
8113	3064
8169	3064
8192	3064
8215	3064
8041	3065
8125	3065
8127	3065
8043	3066
8044	3067
8046	3067
8047	3068
8052	3069
8053	3070
8095	3070
8055	3071
8056	3072
8061	3073
8074	3073
8067	3074
8070	3075
8236	3075
8071	3076
8089	3076
8097	3076
8072	3077
8109	3077
8156	3077
8073	3078
8107	3078
8110	3078
8077	3079
8080	3080
8082	3081
8091	3081
8106	3081
8094	3082
8098	3083
8100	3083
8103	3083
8132	3083
8137	3083
8191	3083
8104	3084
8114	3085
8196	3085
8116	3086
8119	3087
8120	3088
8124	3089
8233	3089
8283	3089
8126	3090
8208	3090
8129	3091
8133	3092
8136	3093
8143	3094
8173	3094
8144	3095
8149	3095
8150	3095
8221	3095
8148	3096
8152	3097
8155	3098
8157	3099
8160	3099
8205	3099
8159	3100
8162	3101
8163	3102
8195	3102
8164	3103
8165	3104
8168	3105
8176	3105
8258	3105
8170	3106
8223	3106
8175	3107
8177	3108
8178	3109
8179	3110
8180	3111
8181	3112
8182	3113
8183	3114
8184	3115
8185	3116
8186	3117
8187	3118
8211	3118
8189	3119
8194	3120
8207	3120
8197	3121
8198	3122
8199	3123
8249	3123
8251	3123
8200	3124
8201	3125
8235	3125
8203	3126
8204	3126
8397	3126
8206	3127
8212	3128
8213	3129
8219	3130
8222	3131
8225	3132
8227	3133
8228	3134
8229	3135
8231	3135
8237	3135
8230	3136
8238	3137
8239	3138
8253	3138
8271	3138
8273	3138
8275	3138
8276	3138
8278	3138
8282	3138
8288	3138
8293	3138
8300	3138
8303	3138
8313	3138
8319	3138
8320	3138
8322	3138
8240	3139
8242	3140
8244	3140
8243	3141
8245	3142
8246	3143
8247	3144
8252	3144
8270	3144
8250	3145
8254	3146
8255	3147
8260	3148
8261	3149
8262	3150
8277	3150
8264	3151
8266	3152
8269	3152
8333	3152
8268	3153
8280	3154
8284	3155
8304	3155
8309	3155
8314	3155
8315	3155
8316	3155
8321	3155
8330	3155
8331	3155
8336	3155
8347	3155
8351	3155
8364	3155
8366	3155
8368	3155
8290	3156
8311	3156
8312	3156
8390	3156
8391	3156
8404	3156
8291	3157
8298	3157
8302	3157
8306	3157
8307	3157
8334	3157
8335	3157
8340	3157
8341	3157
8344	3157
8350	3157
8354	3157
8356	3157
8360	3157
8363	3157
8372	3157
8292	3158
8299	3158
8301	3158
8338	3158
8342	3158
8297	3159
8305	3160
8308	3160
8317	3160
8324	3160
8328	3160
8362	3160
8318	3161
8326	3161
8323	3162
8329	3162
8325	3163
8327	3163
8337	3164
8343	3164
8346	3164
8357	3164
8352	3165
8355	3165
8378	3165
8381	3165
8365	3166
8367	3167
8370	3168
8371	3168
8374	3168
8373	3169
8376	3170
8388	3170
8389	3170
8400	3170
8401	3170
8405	3170
8406	3170
8380	3171
8382	3172
8393	3173
8396	3174
8403	3175
8407	3176
8408	3177
