1	1
2	2
5	2
6	2
8	2
11	2
13	2
20	2
22	2
25	2
36	2
42	2
54	2
216	2
241	2
254	2
371	2
376	2
492	2
493	2
603	2
606	2
642	2
647	2
653	2
699	2
721	2
1377	2
1380	2
1387	2
1437	2
1492	2
3	3
4	3
29	3
7	4
9	4
12	4
16	4
10	5
19	5
14	6
15	7
17	7
26	7
33	7
43	7
44	7
65	7
117	7
135	7
145	7
169	7
172	7
271	7
341	7
1395	7
1673	7
18	8
24	8
38	8
39	8
47	8
60	8
142	8
173	8
247	8
250	8
325	8
333	8
423	8
463	8
644	8
678	8
686	8
689	8
724	8
736	8
774	8
812	8
816	8
818	8
907	8
909	8
934	8
943	8
1052	8
1072	8
1106	8
1149	8
1232	8
1355	8
1359	8
1594	8
1641	8
21	9
236	9
23	10
27	11
28	12
230	12
30	13
31	14
68	14
80	14
97	14
104	14
120	14
128	14
140	14
157	14
190	14
196	14
197	14
198	14
204	14
219	14
224	14
251	14
291	14
301	14
323	14
331	14
355	14
357	14
384	14
420	14
537	14
673	14
737	14
759	14
2327	14
2334	14
2419	14
2551	14
2553	14
32	15
34	16
237	16
238	16
242	16
243	16
35	17
119	17
37	18
40	19
69	19
71	19
78	19
86	19
87	19
41	20
45	21
49	21
127	21
176	21
194	21
208	21
232	21
309	21
352	21
359	21
360	21
362	21
396	21
474	21
512	21
523	21
526	21
528	21
534	21
554	21
563	21
575	21
578	21
589	21
630	21
682	21
796	21
808	21
824	21
836	21
873	21
895	21
918	21
953	21
957	21
1056	21
1095	21
1215	21
1276	21
1596	21
1598	21
1624	21
1627	21
1628	21
1639	21
1650	21
1686	21
1721	21
2194	21
2202	21
2220	21
2233	21
2361	21
2362	21
2744	21
2867	21
2883	21
3158	21
46	22
48	23
51	23
57	23
316	23
1239	23
1805	23
2375	23
50	24
52	25
53	26
96	26
259	26
260	26
312	26
1194	26
55	27
56	28
3555	28
58	29
59	30
61	30
72	30
75	30
77	30
79	30
90	30
92	30
93	30
94	30
100	30
101	30
103	30
106	30
107	30
109	30
111	30
112	30
114	30
121	30
123	30
124	30
125	30
134	30
138	30
141	30
143	30
146	30
152	30
154	30
155	30
156	30
158	30
159	30
162	30
178	30
181	30
185	30
186	30
187	30
206	30
209	30
210	30
211	30
218	30
222	30
233	30
244	30
245	30
253	30
268	30
272	30
281	30
282	30
293	30
296	30
297	30
302	30
304	30
306	30
310	30
315	30
317	30
326	30
337	30
338	30
356	30
364	30
369	30
382	30
385	30
391	30
392	30
418	30
421	30
424	30
425	30
426	30
427	30
432	30
434	30
437	30
440	30
441	30
442	30
444	30
447	30
454	30
456	30
460	30
461	30
465	30
470	30
479	30
480	30
485	30
496	30
499	30
500	30
501	30
504	30
506	30
509	30
517	30
519	30
544	30
549	30
552	30
557	30
558	30
560	30
564	30
565	30
566	30
569	30
574	30
577	30
582	30
585	30
592	30
597	30
600	30
611	30
614	30
616	30
629	30
635	30
655	30
660	30
663	30
666	30
690	30
707	30
709	30
710	30
711	30
713	30
718	30
729	30
733	30
749	30
754	30
765	30
766	30
767	30
772	30
779	30
780	30
789	30
794	30
813	30
821	30
831	30
858	30
862	30
865	30
870	30
881	30
883	30
896	30
898	30
900	30
915	30
917	30
939	30
942	30
954	30
967	30
968	30
991	30
993	30
1000	30
1001	30
1015	30
1018	30
1025	30
1028	30
1038	30
1055	30
1062	30
1068	30
1078	30
1081	30
1086	30
1138	30
1162	30
1166	30
1183	30
1187	30
1190	30
1234	30
1288	30
1332	30
1336	30
1338	30
1415	30
1433	30
1434	30
1438	30
1440	30
1443	30
1452	30
1453	30
1454	30
1467	30
1536	30
1606	30
1620	30
1637	30
1644	30
1646	30
1648	30
1652	30
1676	30
1687	30
1699	30
1734	30
1742	30
1773	30
1795	30
1802	30
2530	30
3157	30
62	31
164	31
166	31
167	31
170	31
171	31
174	31
175	31
177	31
235	31
262	31
263	31
266	31
345	31
361	31
363	31
375	31
63	32
105	32
180	32
195	32
200	32
239	32
264	32
64	33
83	33
66	34
81	34
255	34
308	34
530	34
596	34
636	34
672	34
683	34
734	34
739	34
755	34
834	34
856	34
937	34
984	34
1064	34
1067	34
1161	34
1828	34
1871	34
67	35
73	35
88	35
70	36
74	37
84	37
85	37
76	38
735	38
738	38
82	39
670	39
871	39
89	40
91	41
95	42
98	43
126	43
129	43
131	43
133	43
149	43
1410	43
1419	43
1448	43
99	44
102	45
108	46
110	47
234	47
265	47
1587	47
1589	47
113	48
165	48
358	48
1089	48
115	49
116	50
118	51
122	52
246	52
694	52
743	52
814	52
130	53
148	53
201	53
217	53
567	53
132	54
1412	54
1413	54
136	55
137	56
191	56
207	56
229	56
387	56
428	56
435	56
449	56
457	56
514	56
139	57
144	58
147	58
1313	58
1487	58
1531	58
150	59
153	59
151	60
189	60
160	61
161	62
182	62
184	62
1109	62
1124	62
1158	62
1176	62
1277	62
1278	62
1891	62
2018	62
2023	62
2032	62
3156	62
163	63
168	64
179	65
287	65
183	66
188	67
192	68
193	69
286	69
640	69
646	69
649	69
199	70
202	70
261	70
343	70
203	71
205	72
212	73
213	74
214	75
422	75
215	76
374	76
378	76
394	76
414	76
433	76
438	76
439	76
571	76
768	76
778	76
798	76
941	76
945	76
1324	76
1425	76
1445	76
1460	76
1466	76
1482	76
1494	76
3295	76
3509	76
220	77
221	78
314	78
395	78
399	78
403	78
455	78
471	78
494	78
510	78
561	78
620	78
628	78
722	78
936	78
1050	78
1054	78
1061	78
1096	78
1151	78
1361	78
1388	78
1393	78
1449	78
1450	78
1472	78
1478	78
2256	78
2258	78
2312	78
2365	78
2378	78
2431	78
2499	78
2501	78
2517	78
2555	78
2561	78
2565	78
2571	78
2587	78
2736	78
2900	78
3023	78
3059	78
3258	78
3283	78
223	79
225	80
335	80
226	81
227	82
228	83
231	83
252	83
579	83
854	83
1301	83
1305	83
1308	83
1841	83
1953	83
1960	83
240	84
2164	84
248	85
267	85
294	85
334	85
407	85
700	85
748	85
770	85
828	85
1029	85
1160	85
1167	85
249	86
2027	86
2059	86
256	87
257	88
332	88
354	88
258	89
269	90
279	90
270	91
295	91
298	91
303	91
305	91
319	91
322	91
389	91
466	91
468	91
541	91
546	91
559	91
587	91
621	91
639	91
657	91
661	91
741	91
803	91
868	91
944	91
989	91
1093	91
1351	91
1378	91
1417	91
1573	91
1580	91
1697	91
273	92
275	92
276	92
277	92
274	93
278	94
280	94
1360	94
2165	94
283	95
284	95
285	95
292	95
288	96
353	96
373	96
386	96
289	97
290	98
311	98
568	98
1145	98
299	99
328	99
339	99
397	99
443	99
609	99
641	99
802	99
846	99
908	99
1268	99
1658	99
1905	99
2064	99
2065	99
300	100
307	101
2026	101
3489	101
313	102
318	103
409	103
320	104
330	104
340	104
372	104
381	104
430	104
467	104
473	104
475	104
476	104
481	104
503	104
515	104
524	104
532	104
547	104
553	104
576	104
584	104
692	104
752	104
784	104
875	104
946	104
958	104
1022	104
1071	104
1079	104
1200	104
1226	104
1241	104
1243	104
1250	104
1296	104
321	105
324	105
327	106
329	107
336	108
342	109
344	110
350	110
346	111
347	112
348	113
349	114
351	115
365	116
366	117
367	118
2427	118
368	119
370	120
377	121
379	122
380	123
383	124
408	124
477	124
388	125
415	125
390	126
393	127
398	128
489	128
507	128
1512	128
1848	128
1858	128
1864	128
400	129
401	130
402	131
419	131
429	131
450	131
451	131
452	131
453	131
531	131
539	131
404	132
518	132
2028	132
2030	132
405	133
406	134
411	134
638	134
1323	134
1328	134
1335	134
1526	134
1551	134
410	135
412	136
413	137
1457	137
416	138
417	139
431	140
458	140
545	140
799	140
829	140
897	140
436	141
445	142
602	142
732	142
446	143
459	143
469	143
483	143
487	143
490	143
491	143
522	143
1076	143
1610	143
1611	143
3236	143
448	144
508	144
1013	144
462	145
464	145
472	146
521	146
478	147
482	148
516	148
484	149
486	150
488	150
1727	150
495	151
497	152
669	152
498	153
502	154
555	154
505	155
1246	155
1248	155
1651	155
511	156
513	157
520	158
615	158
623	158
525	159
536	159
527	160
538	160
542	160
626	160
529	161
1430	161
1574	161
533	162
535	163
540	164
543	165
1005	165
1007	165
1008	165
548	166
550	167
551	168
556	169
562	170
570	171
572	171
581	171
573	172
610	172
622	172
580	173
586	173
588	173
583	174
590	175
591	176
593	177
594	178
595	179
627	179
753	179
975	179
598	180
662	180
599	181
601	181
605	181
608	181
634	181
637	181
604	182
619	182
2188	182
2200	182
2240	182
2308	182
607	183
704	183
763	183
769	183
1535	183
1539	183
612	184
613	185
617	186
771	186
790	186
811	186
819	186
851	186
864	186
885	186
891	186
893	186
933	186
1073	186
1157	186
618	187
631	187
648	187
624	188
1632	188
625	189
632	190
714	190
727	190
888	190
633	191
1164	191
1312	191
643	192
671	192
747	192
758	192
645	193
650	194
656	194
658	194
665	194
651	195
820	195
652	196
664	196
654	197
684	197
932	197
659	198
667	199
842	199
1009	199
1159	199
1168	199
1182	199
1253	199
1255	199
1398	199
1401	199
668	200
674	200
675	200
677	200
687	200
719	200
726	200
740	200
773	200
777	200
787	200
853	200
860	200
998	200
1003	200
1127	200
676	201
679	202
906	202
680	203
688	203
952	203
955	203
978	203
1024	203
1026	203
1027	203
1131	203
1204	203
1285	203
1320	203
1546	203
1565	203
2363	203
2625	203
2660	203
2684	203
2692	203
2699	203
681	204
685	205
691	206
693	207
695	208
696	209
697	209
698	210
701	211
702	212
806	212
815	212
703	213
745	213
705	214
706	215
708	216
839	216
712	217
715	218
927	218
986	218
716	219
792	219
717	220
725	220
720	221
723	222
728	223
731	223
1066	223
1101	223
1150	223
1155	223
1468	223
1653	223
1665	223
1786	223
2380	223
2397	223
730	224
742	225
760	225
926	225
744	226
746	227
840	227
841	227
843	227
1047	227
1083	227
1133	227
750	228
751	229
872	229
886	229
894	229
902	229
973	229
996	229
1063	229
1125	229
1134	229
1140	229
1220	229
1222	229
1238	229
1240	229
1550	229
1716	229
1720	229
1725	229
1751	229
1808	229
1809	229
1821	229
1894	229
1975	229
2151	229
2619	229
2621	229
756	230
757	231
912	231
1555	231
1616	231
1663	231
1754	231
1772	231
1819	231
1839	231
761	232
805	232
869	232
762	233
776	233
781	233
764	234
775	235
782	235
830	235
783	236
785	237
786	238
788	238
795	238
810	238
791	239
793	240
797	241
800	242
809	242
801	243
804	244
807	245
817	246
822	247
823	248
825	249
826	250
827	251
890	251
832	252
833	253
835	254
837	255
857	255
838	256
849	256
913	256
919	256
844	257
848	257
845	258
847	258
892	258
1347	258
850	259
852	259
1806	259
855	260
859	261
1497	261
1500	261
1501	261
1508	261
1509	261
861	262
863	263
866	264
867	265
887	265
874	266
876	267
921	267
877	268
880	268
878	269
879	270
882	271
920	271
923	271
1362	271
1408	271
1429	271
884	272
889	273
1020	273
1141	273
899	274
901	274
916	274
903	275
904	276
905	277
910	278
911	279
914	280
922	281
924	281
925	282
949	282
961	282
928	283
1228	283
1294	283
929	284
930	285
931	286
1058	286
1358	286
935	287
1075	287
938	288
947	288
950	288
960	288
994	288
940	289
951	289
964	289
965	289
1390	289
948	290
956	291
977	291
981	291
983	291
987	291
1010	291
1077	291
1080	291
1175	291
1192	291
1201	291
1279	291
1298	291
1640	291
959	292
962	293
963	294
1012	294
1016	294
1021	294
1202	294
1206	294
1282	294
966	295
988	295
992	295
969	296
970	297
982	297
999	297
1002	297
1040	297
971	298
990	298
972	299
974	300
979	300
1017	300
1019	300
1233	300
1270	300
1289	300
1299	300
1302	300
1304	300
1307	300
1309	300
1383	300
976	301
980	301
1037	301
1909	301
985	302
995	303
997	303
1011	303
1337	303
1529	303
1530	303
1004	304
1006	304
1014	305
1023	306
1265	306
1030	307
1031	308
1231	308
1032	309
1036	309
1042	309
1051	309
1847	309
1852	309
1033	310
1034	311
1035	312
1039	313
1180	313
1041	314
1043	315
1048	315
1099	315
1113	315
1044	316
1400	316
1045	317
1046	318
1154	318
1184	318
1199	318
1221	318
1291	318
1353	318
1365	318
1367	318
1049	319
1331	319
1569	319
1053	320
1065	320
1126	320
1333	320
1057	321
1128	321
1130	321
1447	321
1059	322
1411	322
1060	323
1082	323
1069	324
1427	324
1818	324
1070	325
1085	325
1074	326
1084	327
1087	328
1108	328
1118	328
1120	328
1123	328
1088	329
1090	330
1091	331
1092	332
1100	332
1111	332
1112	332
1094	333
1097	334
1098	334
1104	334
1152	334
1170	334
1102	335
1103	336
1105	337
1110	337
1405	337
3246	337
1107	338
1116	338
1121	338
1177	338
1181	338
1225	338
1235	338
1249	338
1251	338
1264	338
1266	338
1267	338
1297	338
1341	338
1349	338
1350	338
1369	338
1373	338
1382	338
1385	338
1391	338
1396	338
3393	338
3396	338
3466	338
3467	338
3468	338
1114	339
1115	340
1207	340
1303	340
1117	341
1119	341
1122	341
1144	341
1188	341
1196	341
1198	341
1205	341
1259	341
1129	342
1132	343
1135	344
1136	345
1137	346
1171	346
1174	346
1178	346
1185	346
1193	346
1139	347
1143	347
1456	347
1142	348
1146	349
1147	350
1148	351
1153	352
1156	353
1189	353
1163	354
1165	354
1169	355
1172	356
1173	357
1203	357
1179	358
1340	358
1371	358
1375	358
1394	358
1423	358
1431	358
1498	358
1585	358
2938	358
2967	358
3001	358
3009	358
3018	358
3327	358
3334	358
3390	358
3670	358
1186	359
1286	359
1290	359
1315	359
2081	359
1191	360
1195	361
1197	362
1812	362
1208	363
1209	364
1275	364
1283	364
1210	365
1211	366
1212	366
1213	367
1214	368
1216	369
1258	369
1260	369
1217	370
1218	370
1219	370
1274	370
1223	371
1236	371
1237	371
1329	371
1224	372
1227	373
1339	373
1348	373
1356	373
1229	374
1230	375
1242	376
1244	377
1245	378
1272	378
1421	378
1422	378
1247	379
2012	379
1252	380
1256	380
2049	380
1254	381
1257	382
1262	382
1300	382
1261	383
1379	383
1810	383
1814	383
1831	383
1874	383
1969	383
1974	383
2004	383
2007	383
2010	383
2011	383
2015	383
2036	383
2283	383
3463	383
3653	383
3687	383
3689	383
3714	383
3716	383
1263	384
1269	384
1271	385
1273	386
1280	387
1281	388
1662	388
1284	389
1295	389
1310	389
1287	390
1432	390
1292	391
1436	391
1441	391
1293	392
1306	393
1311	393
1314	394
1319	394
1322	394
1325	394
1407	394
1496	394
1502	394
1534	394
3064	394
3065	394
3066	394
3072	394
3082	394
3404	394
3411	394
3412	394
1316	395
1327	395
1342	395
1389	395
1402	395
1446	395
1608	395
1317	396
1318	396
1321	397
1334	397
1326	398
1330	399
1343	400
1344	401
1345	402
1357	402
1346	403
1372	403
1352	404
1354	405
1363	406
1370	406
1392	406
1364	407
1366	408
1368	408
1404	408
1510	408
1513	408
1552	408
1374	409
1381	409
1484	409
1747	409
1376	410
1420	410
1384	411
1386	412
1989	412
1997	412
2328	412
1397	413
1399	413
1403	414
1426	414
1406	415
1493	415
1717	415
1409	416
1414	417
1442	417
1469	417
1416	418
1499	418
1418	419
1424	420
1428	420
1713	420
1435	421
1439	422
1504	422
1711	422
2732	422
1444	423
1451	424
1455	425
1682	425
1793	425
1458	426
1459	427
1791	427
1461	428
1471	428
1476	428
1495	428
1618	428
1626	428
1666	428
1462	429
1475	429
1505	429
1463	430
1578	430
1464	431
1465	431
1470	432
1474	432
1507	432
1548	432
1823	432
2038	432
2039	432
1473	433
1506	433
1477	434
1479	434
1488	434
1490	434
1491	434
1503	434
1681	434
1780	434
1803	434
1813	434
1816	434
1822	434
1830	434
1928	434
1930	434
1931	434
1986	434
2025	434
2034	434
2035	434
2044	434
1480	435
1481	436
1489	436
1483	437
1485	438
1718	438
1730	438
1732	438
1486	439
1600	439
2074	439
2090	439
2101	439
2118	439
2147	439
1511	440
1514	441
1516	441
1532	441
1547	441
1590	441
1515	442
1517	443
1579	443
1518	444
1519	444
1556	444
1575	444
1591	444
1612	444
1613	444
1614	444
1671	444
2122	444
1520	445
1528	445
1829	445
1521	446
1524	446
1525	446
1527	446
1965	446
1522	447
1926	447
1523	448
1533	449
1537	449
1558	449
1538	450
1540	451
1542	451
1541	452
1543	452
1545	452
1549	452
1563	452
1544	453
1557	453
1553	454
1570	454
1576	454
1554	455
1562	455
1568	455
1571	455
1572	455
1559	456
1577	456
1560	457
1564	457
1561	458
1581	458
1633	458
1645	458
1566	459
1567	460
1582	461
1603	461
1583	462
1584	463
1595	463
1670	463
1706	463
1824	463
1951	463
1586	464
1588	465
1788	465
1798	465
1592	466
1604	466
1593	467
1601	467
1607	467
1597	468
1609	468
1988	468
1599	469
1638	469
1602	470
1605	471
1615	471
1936	471
1617	472
1679	472
1619	473
1625	473
1621	474
1629	474
1631	474
1649	474
1622	475
1636	475
1623	476
1630	477
1634	478
1635	478
2002	478
2003	478
1642	479
1643	479
1647	480
1661	480
1667	480
1678	480
1654	481
1655	481
1664	481
1669	481
1672	481
2110	481
2136	481
2137	481
2138	481
2139	481
2657	481
2889	481
2890	481
3732	481
3748	481
1656	482
1825	482
1657	483
1659	483
1668	483
2134	483
2135	483
1660	484
1883	484
1674	485
1685	485
1675	486
1677	487
1680	488
1691	488
1694	488
1698	488
1701	488
1709	488
1719	488
1736	488
1683	489
1692	489
1702	489
1684	490
1704	490
1688	491
1724	491
1740	491
1741	491
2187	491
2253	491
3081	491
3083	491
3303	491
1689	492
1690	492
1693	492
1700	492
1728	492
1695	493
1696	494
1703	494
1705	494
1707	495
1708	495
1710	496
1712	497
1715	497
1714	498
1722	498
1877	498
1878	498
1889	498
1723	499
1729	499
1731	499
1726	500
1733	501
1735	502
1949	502
2077	502
1737	503
1738	503
2099	503
2128	503
1739	504
1762	504
1775	504
1743	505
1744	505
1820	505
1870	505
1955	505
1745	506
1746	506
1785	506
1748	507
1755	507
1777	507
1749	508
1752	508
1753	508
1750	509
1771	509
1797	509
2085	509
2091	509
2117	509
1756	510
1776	510
1757	511
1769	511
1853	511
1854	511
1758	512
1766	512
1774	512
1759	513
1760	513
1925	513
1935	513
1939	513
1940	513
1761	514
1763	514
1764	514
1781	514
1790	514
1792	514
1845	514
1851	514
1860	514
1765	515
1767	516
1888	516
1892	516
2182	516
2213	516
1768	517
1770	518
1778	518
1779	518
1783	518
1784	518
1923	518
1782	519
1787	519
1789	519
1815	519
1842	519
1794	520
1796	520
1799	520
1800	520
1801	521
1804	521
1807	522
1827	522
2094	522
2095	522
2096	522
2132	522
2411	522
2412	522
2413	522
2415	522
2547	522
2548	522
2562	522
2577	522
2626	522
2627	522
1811	523
1817	524
1956	524
1826	525
1859	525
3735	525
1832	526
1833	527
1834	527
1835	527
1836	527
1837	527
1838	527
1840	527
1873	527
1875	527
1882	527
1967	527
1984	527
1843	528
1844	528
1869	528
1872	528
1982	528
1846	529
1920	529
1927	529
1929	529
1934	529
1938	529
1972	529
1849	530
1850	531
1856	531
3036	531
3052	531
1855	532
1978	532
2050	532
1857	533
1861	533
1862	533
1866	533
1893	533
2016	533
1863	534
1865	535
1867	535
1880	535
1868	536
1876	537
2402	537
1879	538
1881	539
1885	539
1886	539
1884	540
2526	540
2557	540
1887	541
1890	542
1895	543
1911	543
1917	543
1921	543
1957	543
1958	543
1968	543
1991	543
1994	543
1996	543
2000	543
2184	543
1896	544
1898	544
1901	544
1902	544
1904	544
1907	544
1912	544
1987	544
1897	545
1899	545
1903	545
1900	546
1914	546
1918	546
2388	546
2395	546
2396	546
2417	546
2432	546
1906	547
2069	547
2079	547
2080	547
1908	548
1910	549
1913	550
1915	550
1916	551
1924	551
1942	551
1948	551
1950	551
1919	552
1922	553
1932	554
1943	554
1985	554
2195	554
2196	554
2205	554
2207	554
2211	554
2214	554
2216	554
2228	554
2235	554
2249	554
2251	554
2490	554
2500	554
2507	554
2554	554
2579	554
1933	555
2056	555
1937	556
2116	556
1941	557
1944	557
1945	558
1946	558
1947	558
1952	558
1961	558
1962	558
2005	558
2006	558
2008	558
1954	559
1959	559
1963	560
1971	560
1973	560
1964	561
1966	561
1970	562
1976	562
1977	562
1998	562
2058	562
3074	562
3086	562
1979	563
1980	564
2076	564
2082	564
1981	565
1983	566
1990	567
1992	568
3047	568
1993	569
1995	570
1999	570
2029	570
2031	570
2667	570
2775	570
2777	570
2001	571
3048	571
2009	572
2013	573
2014	573
2017	573
2055	573
2083	573
2148	573
2340	573
2414	573
2019	574
2021	574
2061	574
2063	574
2068	574
2070	574
2078	574
2558	574
2560	574
2563	574
2597	574
2618	574
2694	574
2700	574
2702	574
2978	574
2988	574
2997	574
3130	574
2020	575
2024	575
2022	576
2067	576
2299	576
2349	576
2033	577
2037	578
2098	578
2167	578
2232	578
2040	579
2046	579
2047	579
2084	579
2092	579
2478	579
2727	579
2041	580
2093	580
2042	581
2043	581
2045	581
2711	581
2726	581
2741	581
2743	581
2757	581
2760	581
2774	581
2778	581
2808	581
2821	581
2873	581
2904	581
2910	581
2977	581
2985	581
2048	582
3049	582
3055	582
3063	582
2051	583
2060	583
2062	583
2086	583
2127	583
2154	583
2052	584
2097	584
2159	584
2472	584
2053	585
2054	585
3046	585
3125	585
2057	586
2075	586
2066	587
2071	588
2087	588
2089	588
2104	588
2072	589
2073	589
2088	590
2100	591
2102	591
2103	591
2105	592
2106	592
2107	592
2108	592
2109	592
2111	592
2112	592
2113	592
2114	592
2123	592
2124	592
2125	592
2126	592
2129	592
2130	592
2160	592
2162	592
2178	592
2181	592
2210	592
2444	592
2446	592
2447	592
2449	592
2451	592
2115	593
2119	594
2120	594
2121	594
2144	594
2146	594
2267	594
2131	595
2133	596
2142	596
2150	596
2497	596
2498	596
2140	597
2145	597
2141	598
2143	598
2149	599
2155	599
2156	599
2157	599
2163	599
2168	599
2171	599
2152	600
2170	600
2174	600
2177	600
2459	600
2153	601
2158	601
2166	601
2173	601
2161	602
2209	602
2169	603
2179	603
2189	603
2226	603
2324	603
2331	603
2333	603
2172	604
2175	604
2176	605
2180	606
2183	606
2185	606
2186	607
3088	607
3089	607
3105	607
3106	607
3113	607
3122	607
3144	607
2190	608
2191	608
2192	609
2193	610
2221	610
2227	610
2237	610
2250	610
2197	611
2198	611
2199	611
2201	611
2239	611
2203	612
2208	612
2236	612
2643	612
2204	613
2206	614
2268	614
2273	614
2275	614
2279	614
2284	614
2285	614
2287	614
2291	614
2294	614
2212	615
2217	615
2218	615
2224	615
2225	615
2234	615
2244	615
2247	615
2286	615
2289	615
2290	615
2307	615
2313	615
2314	615
2315	615
2319	615
2320	615
2325	615
2332	615
2215	616
2222	616
3354	616
2219	617
2238	617
2223	618
2242	618
2243	618
2246	618
2271	618
2229	619
2231	619
2230	620
2241	621
2573	621
2245	622
2248	622
2252	623
2254	624
2263	624
2255	625
2260	625
2261	625
2281	625
2282	625
2344	625
2474	625
2488	625
2257	626
2259	626
2799	626
2802	626
2806	626
2831	626
2891	626
2262	627
2266	627
2272	627
2288	627
2264	628
2265	628
2425	628
3313	628
2269	629
2270	630
2276	630
2274	631
2278	631
2296	631
2366	631
2369	631
2477	631
2277	632
2293	632
2295	632
2297	632
2351	632
2386	632
2391	632
2434	632
2436	632
2454	632
2485	632
2556	632
2609	632
2636	632
2640	632
2649	632
2655	632
2659	632
2662	632
2669	632
2680	632
2697	632
2724	632
2731	632
3249	632
2280	633
2399	633
2400	633
2292	634
2318	634
2322	634
2323	634
2338	634
2298	635
2321	635
2329	635
2300	636
2302	636
2305	636
2301	637
2310	637
2326	637
2336	637
2341	637
2356	637
2357	637
2358	637
2359	637
2360	637
2376	637
2398	637
2403	637
2404	637
2407	637
2420	637
2465	637
2468	637
2857	637
2303	638
2471	638
2920	638
2304	639
2342	639
2345	639
2346	639
2347	639
2350	639
2355	639
2364	639
2368	639
2377	639
2381	639
2383	639
2385	639
2393	639
2401	639
2405	639
2406	639
2306	640
2309	640
2311	640
2316	641
2317	642
2330	643
2335	644
2348	644
2801	644
2827	644
2834	644
2848	644
3120	644
3233	644
3240	644
3304	644
3363	644
3366	644
3378	644
3406	644
3422	644
3441	644
3452	644
3476	644
3482	644
3483	644
3488	644
2337	645
2339	645
2352	645
2503	645
2343	646
2584	646
2353	647
2354	647
2367	648
2384	648
2418	648
2370	649
2372	649
2373	649
2374	649
2371	650
2379	651
2429	651
2456	651
3196	651
3208	651
3245	651
3254	651
3256	651
3262	651
3267	651
3270	651
3271	651
3272	651
3273	651
3274	651
3276	651
3277	651
3284	651
3289	651
3293	651
3300	651
3314	651
3315	651
3320	651
3322	651
3329	651
3332	651
3389	651
3391	651
3394	651
3398	651
3402	651
3423	651
3425	651
3427	651
3429	651
3440	651
3446	651
3450	651
3496	651
3504	651
3506	651
3561	651
3562	651
3563	651
3564	651
3704	651
3706	651
3727	651
3733	651
3734	651
3736	651
3744	651
3751	651
3752	651
2382	652
2387	652
2389	653
2844	653
2390	654
2394	654
2392	655
2620	655
2408	656
2458	656
2509	656
2409	657
2426	657
2433	657
2442	657
2443	657
2467	657
2470	657
2481	657
2482	657
2527	657
2528	657
2410	658
2416	659
2424	659
2437	659
2455	659
2462	659
2534	659
2559	659
2572	659
2593	659
3073	659
3352	659
3374	659
3413	659
2421	660
2422	660
2457	660
2423	661
2428	662
2430	663
2843	663
2435	664
2473	664
2438	665
2453	665
2439	666
2440	666
2441	666
2461	666
2445	667
2448	668
2450	669
2452	669
2460	669
2463	670
2464	670
2466	670
2469	671
2475	672
2476	672
2479	673
2492	673
2480	674
2493	674
2483	675
2484	676
2486	676
2522	676
2487	677
2489	678
2491	679
2494	680
2496	680
2495	681
2502	682
2505	682
2506	682
2531	682
2535	682
2545	682
2595	682
2504	683
2508	684
2510	685
2512	685
2529	685
2540	685
2541	685
2542	685
2543	685
2575	685
2578	685
2683	685
2723	685
2725	685
2730	685
2746	685
2748	685
2767	685
2511	686
2519	686
2566	686
2513	687
2523	687
2524	687
2525	687
2546	687
2549	687
2550	687
2586	687
2622	687
2514	688
2740	688
2515	689
2521	689
2516	690
2518	691
2520	692
2532	693
2533	694
2536	695
2537	695
2539	695
2538	696
2552	696
2851	696
2980	696
2544	697
2807	697
2842	697
2845	697
2564	698
2568	698
2570	698
2580	698
2581	698
2567	699
2576	699
2569	700
2592	700
2574	701
2582	702
2589	702
3248	702
2583	703
2591	703
2981	703
3244	703
3257	703
3624	703
3630	703
2585	704
2588	704
2610	704
2617	704
2668	704
2863	704
2972	704
2590	705
2611	705
2594	706
2602	706
2966	706
3045	706
3060	706
2596	707
2601	707
2604	707
2606	707
2624	707
2632	707
2634	707
2635	707
2598	708
2599	708
2672	708
2600	709
2607	709
2603	710
2608	710
2645	710
2605	711
2612	711
2615	711
2623	711
2613	712
2614	712
2616	712
2666	712
2628	713
2738	713
2629	714
2631	714
3024	714
3025	714
2630	715
2633	716
2637	717
2919	717
2638	718
2639	719
2641	720
2661	720
2642	721
2644	722
2646	723
2647	724
2648	724
2650	725
2656	725
2663	725
2651	726
2652	726
2654	726
2701	726
2704	726
2708	726
2653	727
2673	727
2677	727
2797	727
2800	727
2810	727
2658	728
2664	728
2665	729
2675	729
2670	730
2674	730
2742	730
2671	731
2753	731
2676	732
2690	732
2678	733
2685	733
2687	733
2679	734
2681	735
2932	735
2934	735
2682	736
2686	737
2688	738
2691	738
2712	738
2689	739
2693	740
2695	740
2698	740
2696	741
2715	741
2703	742
2721	742
2705	743
2706	743
2717	743
2719	743
2722	743
2707	744
2739	744
2769	744
2770	744
2771	744
2772	744
2789	744
2822	744
2709	745
2713	745
2714	745
2716	745
2718	745
2710	746
2733	746
2734	746
3108	746
2720	747
2728	748
2729	749
2735	750
2737	751
2745	752
2763	752
3328	752
2747	753
2749	753
2752	753
2805	753
2858	753
2750	754
2751	754
2765	754
2773	754
2783	754
2754	755
2755	755
2756	755
2758	756
2782	756
2759	757
2762	757
2761	758
2766	758
2768	758
2764	759
2776	760
2791	760
2796	760
2803	760
2835	760
2837	760
2847	760
2850	760
2859	760
2897	760
2779	761
2784	761
2798	761
2804	761
2813	761
2814	761
2815	761
2840	761
2853	761
2856	761
2864	761
2865	761
2870	761
2871	761
2874	761
2875	761
2876	761
2881	761
2885	761
2898	761
2907	761
2909	761
2923	761
2930	761
2780	762
2786	762
2788	762
2790	762
2793	762
2795	762
2781	763
2785	764
2787	764
2792	765
2794	765
3370	765
2809	766
2826	766
2828	766
2830	766
2811	767
2812	767
2816	768
2817	769
2824	769
2818	770
2819	770
2854	770
2820	771
2823	772
2825	772
2829	772
2838	772
2839	772
2911	772
2916	772
2979	772
2832	773
2836	773
2833	774
2841	775
3126	775
2846	776
3119	776
2849	777
2903	777
2905	777
2852	778
2855	779
2860	780
2861	780
2862	780
2880	780
2914	780
2921	780
3004	780
3022	780
3094	780
3099	780
3228	780
2866	781
2868	782
2869	783
2872	784
2877	784
2878	784
2882	784
2957	784
2960	784
2973	784
2976	784
2998	784
3027	784
3038	784
3068	784
3078	784
3227	784
2879	785
2884	785
2887	785
2894	785
2886	786
2888	787
2892	788
2893	789
2895	790
2896	791
2899	792
2902	792
3421	792
2901	793
2906	794
2908	795
2931	795
2935	795
2912	796
2933	796
2913	797
2917	797
2940	797
2915	798
2918	799
2943	799
2922	800
2924	801
2929	801
2975	801
2925	802
2926	802
2927	802
2954	802
2928	803
2936	804
2937	804
2946	804
2939	805
2941	805
2948	805
2969	805
2970	805
3085	805
3095	805
2942	806
2944	806
2945	807
3084	807
3091	807
3100	807
3101	807
3102	807
3104	807
3117	807
2947	808
2949	809
2953	809
2959	809
2964	809
2974	809
2950	810
2963	810
2951	811
2952	812
2955	813
2956	813
2958	814
2961	815
2962	815
2982	815
2996	815
3033	815
2965	816
3044	816
3299	816
3495	816
3500	816
3566	816
3570	816
2968	817
2971	817
2983	818
2986	818
2984	819
2987	820
2994	820
2999	820
3020	820
3030	820
3203	820
3226	820
3238	820
3239	820
2989	821
2991	821
2990	822
2993	822
3032	822
3214	822
3223	822
2992	823
3021	823
2995	824
3053	824
3069	824
3000	825
3026	825
3002	826
3003	827
3006	827
3008	827
3011	827
3014	827
3015	827
3016	827
3005	828
3007	829
3010	830
3012	830
3017	830
3031	830
3034	830
3040	830
3061	830
3071	830
3013	831
3019	832
3037	832
3204	832
3209	832
3028	833
3054	833
3029	834
3050	834
3051	834
3070	834
3035	835
3039	836
3041	837
3042	837
3062	837
3043	838
3056	839
3057	839
3058	839
3173	839
3067	840
3269	840
3287	840
3075	841
3076	842
3092	842
3077	843
3079	844
3080	844
3087	845
3098	845
3179	845
3181	845
3090	846
3166	846
3250	846
3093	847
3096	848
3097	849
3103	850
3116	850
3124	850
3107	851
3109	852
3111	852
3139	852
3110	853
3112	853
3114	853
3127	853
3141	853
3115	854
3654	854
3118	855
3121	856
3123	856
3128	857
3129	858
3140	858
3142	858
3151	858
3159	858
3164	858
3169	858
3171	858
3190	858
3225	858
3237	858
3241	858
3260	858
3131	859
3134	859
3153	859
3155	859
3160	859
3132	860
3133	861
3137	861
3148	861
3135	862
3136	862
3150	862
3152	862
3154	862
3168	862
3176	862
3218	862
3219	862
3221	862
3285	862
3292	862
3294	862
3297	862
3316	862
3335	862
3345	862
3355	862
3367	862
3369	862
3407	862
3409	862
3416	862
3439	862
3445	862
3448	862
3490	862
3138	863
3266	863
3143	864
3146	864
3147	864
3149	864
3145	865
3161	866
3162	866
3163	866
3165	866
3175	866
3177	866
3178	866
3194	866
3198	866
3199	866
3200	866
3167	867
3174	867
3205	867
3210	867
3170	868
3172	868
3180	869
3185	869
3186	869
3187	869
3188	869
3189	869
3192	869
3193	869
3195	869
3197	869
3202	869
3182	870
3183	870
3184	870
3201	870
3206	870
3191	871
3207	871
3253	871
3211	872
3224	872
3243	872
3212	873
3213	874
3215	875
3216	875
3242	875
3275	875
3217	876
3234	876
3281	876
3220	877
3222	877
3229	877
3230	877
3232	877
3261	877
3263	877
3337	877
3470	877
3479	877
3669	877
3231	878
3235	878
3247	878
3255	878
3268	878
3333	878
3251	879
3264	879
3265	879
3252	880
3259	880
3278	881
3279	881
3282	881
3280	882
3288	882
3395	882
3400	882
3419	882
3424	882
3672	882
3286	883
3291	883
3290	884
3399	884
3403	884
3444	884
3296	885
3302	885
3321	885
3298	886
3301	886
3305	886
3312	886
3324	886
3362	886
3306	887
3307	887
3340	887
3341	887
3462	887
3491	887
3498	887
3505	887
3511	887
3530	887
3531	887
3558	887
3567	887
3573	887
3586	887
3308	888
3311	888
3309	889
3317	889
3319	889
3358	889
3368	889
3375	889
3310	890
3336	890
3339	890
3318	891
3323	892
3342	892
3343	892
3325	893
3326	893
3349	893
3330	894
3331	894
3338	894
3344	895
3357	895
3376	895
3346	896
3347	897
3348	898
3350	898
3397	898
3431	898
3351	899
3359	899
3364	899
3392	899
3410	899
3442	899
3443	899
3449	899
3457	899
3459	899
3460	899
3464	899
3469	899
3472	899
3484	899
3499	899
3502	899
3528	899
3529	899
3532	899
3534	899
3536	899
3537	899
3540	899
3550	899
3552	899
3559	899
3576	899
3594	899
3596	899
3605	899
3607	899
3616	899
3648	899
3649	899
3662	899
3713	899
3721	899
3723	899
3726	899
3353	900
3383	900
3433	900
3356	901
3360	901
3361	901
3414	901
3497	901
3508	901
3365	902
3592	902
3371	903
3379	903
3372	904
3373	904
3380	904
3388	904
3377	905
3453	905
3513	905
3515	905
3516	905
3518	905
3519	905
3523	905
3524	905
3541	905
3543	905
3547	905
3549	905
3551	905
3556	905
3565	905
3569	905
3631	905
3635	905
3637	905
3640	905
3381	906
3385	906
3415	906
3557	906
3603	906
3382	907
3384	907
3386	907
3387	908
3432	908
3474	908
3492	908
3493	908
3401	909
3405	909
3408	909
3418	909
3438	909
3417	910
3420	911
3426	911
3428	912
3430	912
3434	913
3435	914
3437	914
3436	915
3454	915
3447	916
3520	916
3522	916
3571	916
3451	917
3458	917
3517	917
3455	918
3465	918
3473	918
3475	918
3477	918
3456	919
3461	919
3610	919
3471	920
3478	921
3579	921
3480	922
3481	923
3503	923
3485	924
3486	924
3487	924
3494	925
3618	925
3622	925
3623	925
3628	925
3501	926
3507	927
3572	927
3510	928
3512	929
3521	929
3642	929
3643	929
3514	930
3526	930
3568	930
3525	931
3535	931
3538	931
3527	932
3533	933
3539	933
3542	934
3548	934
3544	935
3545	935
3604	935
3546	936
3553	937
3554	938
3560	939
3574	940
3575	940
3577	940
3588	940
3590	940
3591	940
3593	940
3595	940
3597	940
3600	940
3608	940
3609	940
3578	941
3581	941
3582	941
3583	941
3584	941
3585	941
3598	941
3599	941
3601	941
3606	941
3611	941
3612	941
3646	941
3651	941
3655	941
3656	941
3661	941
3663	941
3668	941
3722	941
3728	941
3739	941
3741	941
3743	941
3580	942
3587	943
3621	943
3589	944
3613	944
3614	944
3617	944
3629	944
3650	944
3671	944
3694	944
3697	944
3698	944
3699	944
3700	944
3705	944
3602	945
3760	945
3615	946
3620	946
3634	946
3619	947
3625	947
3626	947
3627	947
3632	948
3633	949
3636	949
3638	950
3657	950
3676	950
3639	951
3641	952
3644	952
3645	953
3724	953
3647	954
3652	954
3658	955
3659	955
3660	956
3673	956
3664	957
3665	957
3666	958
3667	958
3674	959
3684	959
3717	959
3675	960
3677	961
3678	962
3686	962
3679	963
3680	964
3681	965
3682	965
3688	965
3690	965
3692	965
3695	965
3701	965
3683	966
3685	966
3691	967
3693	967
3696	967
3702	968
3703	968
3709	968
3710	968
3711	968
3712	968
3718	968
3719	968
3707	969
3708	969
3715	969
3730	969
3720	970
3725	971
3729	971
3731	971
3737	972
3738	973
3740	973
3750	973
3742	974
3745	975
3764	975
3765	975
3746	976
3747	976
3756	976
3761	976
3762	976
3766	976
3749	977
3753	978
3754	978
3755	979
3757	979
3758	979
3759	979
3763	980
