785	0.7076730146823947
799	0.37622818251731704
729	0.5148944731853116
727	0.1232164779069241
738	0.22618480244185002
743	0.9400549217334242
772	0.973139376787263
678	0.3190950169872859
661	0.5220901738014522
655	0.5339030098505178
652	0.27242952255429276
653	0.4401024513480836
699	0.9731399928514849
687	0.184596182759599
612	0.11840743954947175
608	0.6184277256589966
593	0.9866082968480504
625	0.8004718601276622
545	0.1695884062660361
553	0.9997738169379627
547	0.5235548709406418
576	0.782271917231016
585	0.9792744717467656
579	0.21782580106176597
483	0.5148944731853116
489	0.9698121659955383
461	0.5667579541883253
466	0.554748918974505
468	0.2537348614839732
507	0.8556697206625694
518	0.4534383461766739
517	0.9258576236359858
492	0.17280492073006717
503	0.21782580106176597
19	0.8039773515924513
25	0.5220901738014522
40	0.2462517177720016
43	0.7715434604205356
0	0.2526004662742598
158	0.5220901738014522
167	0.56364427209457
188	0.1685041977928865
196	0.2714798695015793
79	0.5241523508621245
75	0.5235548709406418
91	0.16089483588290912
110	0.8039773515924513
122	0.30947396786085224
118	0.9964747044402262
129	0.5148944731853116
135	0.23543316906869816
287	0.21470513348469966
282	0.2584339029909739
330	0.19191293356241423
328	0.2983833449997718
315	0.20889222300764915
310	0.18775773419566122
230	0.7968919591128485
223	0.5148944731853116
226	0.23816323204511436
219	0.2901126782210035
221	0.8039773515924513
206	0.18268862284652979
205	0.4616634969483347
248	0.266888261479166
239	0.8004718601276622
413	0.8311637395560778
398	0.15884814115712936
399	0.3659146691805589
443	0.5400633382791828
450	0.8078559326901813
439	0.4104315627506556
333	0.30460226472271823
346	0.9838915225308531
380	0.9997125827595885
366	0.5415280354183721
364	0.20522645181679522
781	0.523011089993963
793	0.16088241421366478
787	0.37718268281851597
795	0.4260110819924744
804	0.26346062791131414
825	0.40664732982790736
821	0.9856832609403421
742	0.23307487407682342
748	0.5143112065247666
749	0.5143112065247666
770	0.9665772840470567
773	0.3579351989012789
777	0.2984576433920223
681	0.5215441464175099
682	0.605633308461579
677	0.1678753639532231
672	0.19811351124710125
674	0.21273661800224747
665	0.523011089993963
711	0.17287928079020837
690	0.27625394728291397
605	0.28617748032392865
598	0.5927532501728219
628	0.36430468485439527
621	0.5215441464175099
543	0.9543002349566568
540	0.9998086784603192
541	0.5813190870469864
527	0.21796486164162832
538	0.999766264600648
573	0.563061733669316
584	0.16088241421366478
485	0.5143112065247666
469	0.999766264600648
491	0.20571904284748727
504	0.9997675886522396
18	0.25779004213186374
45	0.7993014617840373
73	0.2617209976152717
66	0.5395376562312715
7	0.16088241421366478
6	0.5541955700586412
141	0.28110741073707834
142	0.28617748032392865
149	0.5333439144540641
147	0.23661118462318098
168	0.16088241421366478
173	0.17631676634065616
177	0.17060801920789506
179	0.36550171347768656
181	0.24908197207460153
183	0.19616844470740463
193	0.24754166758298463
89	0.5410045998077235
88	0.16088241421366478
106	0.1761362625383015
99	0.19178384134524878
113	0.18896797125053477
119	0.1614387855930916
120	0.523011089993963
117	0.8028183322156581
134	0.8028183322156581
291	0.24817981210018644
286	0.5813190870469864
274	0.9635316983066602
326	0.28617748032392865
329	0.5592290393695516
314	0.7796363244637687
304	0.1658423455989454
303	0.16088241421366478
415	0.24418769476133473
418	0.16088241421366478
417	0.9997675886522396
420	0.9964201781979778
419	0.37364062375016116
422	0.422615141259164
425	0.8067916335951546
397	0.1973967432550174
441	0.5200772028410574
344	0.17629198309067998
345	0.29441135336595525
386	0.8546854963894874
384	0.9997885947004491
390	0.5143112065247666
779	0.18932995279412035
792	0.6465730550355371
802	0.5339131483592384
803	0.25246368967184796
817	0.5547564915961007
811	0.6668186655627257
812	0.9840553299928431
814	0.5547564915961007
823	0.958588885647484
664	0.5149050567705713
660	0.717679125634552
656	0.5149050567705713
701	0.5235736326074643
696	0.9964342493377965
616	0.8078226041073916
592	0.9696101217941474
645	0.8078226041073916
646	0.5235736326074643
648	0.2860518892529358
555	0.6764969652568751
569	0.40508209652580585
568	0.21251203921541673
474	0.952186764635889
514	0.6524113737362459
497	0.4577712171064122
498	0.19463367078693317
24	0.5235736326074643
13	0.5235736326074643
35	0.1608954791854124
27	0.6259615855201244
28	0.5235736326074643
34	0.16291496707072284
48	0.20619248551006442
49	0.13559609199424022
71	0.21803418168489652
171	0.20276519633078818
178	0.7565492616719274
187	0.2899177948170326
190	0.3603503589317302
195	0.7518587785552382
201	0.9997694515573208
77	0.48554875837783207
85	0.8510508912662262
97	0.5510483236477941
128	0.23358042960490338
127	0.5235736326074643
137	0.20455784851398512
293	0.8556416449320863
285	0.21408566938103013
281	0.8078226041073916
267	0.25237246614410536
301	0.24103920011022684
299	0.1608954791854124
306	0.717679125634552
232	0.259687121373519
229	0.9997703237198938
224	0.5235736326074643
225	0.1630578608571922
215	0.5235736326074643
212	0.2291703379251661
209	0.16254832889796295
246	0.23156000255004627
241	0.20426539777394886
414	0.9734090383959915
424	0.22206331055967687
401	0.5980949948586662
454	0.5149050567705713
452	0.5823757751599716
458	0.255617264381013
455	0.36036745095382794
436	0.9596318032845701
440	0.22274281853052197
350	0.2677842136811325
362	0.17053424856858979
358	0.1608954791854124
357	0.20226416635057887
338	0.3109658257004596
393	0.8078226041073916
387	0.5235736326074643
372	0.6428994082785624
780	0.23694296350134558
789	0.8032089553837098
798	0.15905432024691415
810	0.8032089553837098
813	0.2525164480737073
718	0.7620816127767498
720	0.2649028878983747
733	0.9997730689726442
745	0.9845470458627452
752	0.8072286166760823
753	0.5142520642643904
764	0.9862139015795025
767	0.9723031672973366
774	0.9964221950615356
775	0.999725117590435
662	0.3075209571523927
695	0.8072286166760823
614	0.9865792490784049
606	0.23613798554006127
610	0.3403904298405927
596	0.3985295394715198
595	0.9997778590472087
587	0.939550088758992
643	0.16089840819795093
644	0.2644387205212133
649	0.522973506766506
637	0.9997766327675045
640	0.3392040735025508
624	0.5541237092137994
623	0.16089840819795093
531	0.9543084916546335
534	0.9991846408644207
578	0.3977764906054702
583	0.6638916111717859
580	0.19193293520812194
556	0.27426649969021843
475	0.99977480803874
482	0.9862138445734149
512	0.2359690692820496
522	0.9997735009002399
502	0.5484597392445485
20	0.21658194989280055
26	0.8336687386600072
12	0.28292449349363624
37	0.6642210239722028
29	0.9551736704970611
58	0.8032089553837098
5	0.2122024810164301
143	0.5142520642643904
151	0.19629776335776047
152	0.23673869585669272
166	0.8503583889004687
185	0.2528085997721359
189	0.5215064879949165
192	0.5922414134348963
194	0.8072286166760823
81	0.9341341630424788
90	0.1617288102287588
87	0.8503583889004687
95	0.5215064879949165
103	0.16089840819795093
109	0.522973506766506
131	0.16089840819795093
298	0.19317880590973455
308	0.19604323525620282
307	0.9512254849642554
227	0.5142520642643904
220	0.6240097050140456
208	0.7119441816516867
265	0.19374216631377608
266	0.16089840819795093
264	0.1579653107066044
245	0.31446776058983206
236	0.16089840819795093
235	0.16089840819795093
421	0.21593315123920337
400	0.8072286166760823
453	0.665505299912095
428	0.31107711025405954
434	0.9997778590472087
438	0.16786448866928078
349	0.5215064879949165
360	0.24301307366004474
334	0.1968681044783145
342	0.46364589755867996
381	0.522973506766506
367	0.5142520642643904
790	0.5144873274162702
818	0.5930527064976745
722	0.20779003755438108
725	0.5144873274162702
734	0.8076027696591139
744	0.8076027696591139
755	0.5231970021354904
763	0.9997901890558235
676	0.16089277225523435
657	0.36562489437622414
706	0.5231970021354904
691	0.597479531131804
689	0.5144873274162702
618	0.6756684706991721
601	0.1969421217411681
542	0.29347068951029365
551	0.22108881488617071
548	0.19814607657655858
530	0.9997546294224904
535	0.5391716468790004
582	0.1908315672256481
561	0.957942759250098
560	0.5231970021354904
557	0.5231970021354904
558	0.17232818261212934
567	0.2503325876941299
476	0.999764460777803
484	0.9531694444329253
463	0.700829164280978
470	0.14773734504180103
509	0.2518988874337874
508	0.9692179879582905
494	0.14035145925376408
496	0.5412032918439433
22	0.8076027696591139
16	0.5231970021354904
15	0.2943149224995555
46	0.9997546294224904
9	0.9401374910403377
184	0.5144873274162702
198	0.16089277225523435
197	0.3196323087953582
93	0.8298464729825616
121	0.9964095001630827
126	0.2132823566319402
125	0.521730368058797
138	0.5231970021354904
295	0.850707717287903
276	0.2610177537613869
279	0.21576605047883368
269	0.25913747062300835
271	0.17030274427803282
325	0.16089277225523435
228	0.18521942380208323
217	0.29347068951029365
211	0.9460073124978896
210	0.17492962591366257
261	0.17074429944878933
262	0.19186274263968645
252	0.18712235326044557
250	0.5412032918439433
426	0.12329455346243116
446	0.5335337975181873
449	0.22094017425608853
348	0.5144873274162702
355	0.1752281238195939
331	0.3769552523453912
339	0.40650548683560217
368	0.9486055923007772
378	0.9899401003885459
801	0.8005272830916821
726	0.9728832107681654
724	0.16933927771261173
756	0.514895372037866
760	0.8106391466288023
778	0.5824441641401406
671	0.8040339081234865
668	0.9814558184331457
651	0.52355644859795
654	0.11823216304704313
713	0.6752550582258589
712	0.8511544738303929
708	0.52355644859795
697	0.2809643271789165
688	0.23604934444732498
683	0.5220915221185896
615	0.8079217631984441
599	0.9997737761373463
588	0.9806964728243587
590	0.27592513767467386
641	0.5547367832781527
626	0.18190381265328834
546	0.21897417239430234
550	0.9895435592315552
528	0.28232727291654197
537	0.25846304072860826
572	0.514895372037866
562	0.8511544738303929
559	0.5695589004995768
565	0.4561793118715163
479	0.4075257477344012
464	0.16088145448270608
521	0.21067447246224624
493	0.9964645297805232
499	0.15596577895753513
505	0.8079217631984441
14	0.8040339081234865
17	0.20553820500437342
36	0.8005272830916821
41	0.52355644859795
42	0.16179725927844865
39	0.9447334755984795
30	0.8040339081234865
31	0.8040339081234865
62	0.16088145448270608
4	0.9021547534375647
148	0.3681619697994963
161	0.18008304037134645
160	0.16088145448270608
159	0.5544933384890427
165	0.5824441641401406
164	0.5667760653758107
191	0.999778140972559
200	0.52355644859795
78	0.3768360814544806
84	0.52355644859795
98	0.3855101931094638
101	0.569214082584311
111	0.5339000442642787
123	0.2565857353739339
136	0.7096971041871403
133	0.19724610184351937
294	0.16606147168300753
284	0.2250550478754061
270	0.9845276772059115
272	0.29472093154821627
327	0.21060052620174557
321	0.19904490727747698
322	0.29906582624142053
319	0.9315882519520712
300	0.2204611045564891
233	0.5220915221185896
234	0.9997733448697984
218	0.2159773148503764
257	0.2114459225968087
249	0.24977801121129678
242	0.24904703084027274
405	0.52355644859795
447	0.999778140972559
433	0.9997108142226262
435	0.9843115450280863
385	0.5547367832781527
391	0.5339000442642787
784	0.8040228099490151
794	0.9695842987569949
800	0.5148406432752206
797	0.9997663510154525
796	0.95457550473889
819	0.5148406432752206
820	0.5148406432752206
822	0.5606643002911845
716	0.7561743004802525
731	0.2617866034012578
737	0.5235240120963243
736	0.5148406432752206
739	0.4243022504389057
746	0.5338514052194074
747	0.8079863293930817
750	0.16088952487576583
751	0.5546813330829996
754	0.8079863293930817
758	0.5148406432752206
759	0.19118855837334714
761	0.8511013984408166
769	0.5148406432752206
680	0.5849235194212236
669	0.970206638536391
663	0.35823363462442526
714	0.4547545814876634
709	0.5546813330829996
710	0.16088952487576583
707	0.5936005437525399
692	0.5235240120963243
685	0.9329104820093137
611	0.9997659060061936
613	0.9754199170841851
617	0.20893410868849563
607	0.9623174550288719
589	0.24747388229124923
650	0.2617866034012578
635	0.6653477060675451
630	0.36749611439881863
634	0.24946860388201114
631	0.9845346379017985
620	0.9246129165737191
619	0.5546813330829996
549	0.9692142769944969
532	0.37838489805203224
581	0.5896857415822208
566	0.5481841279747998
481	0.5606643002911845
486	0.8079863293930817
488	0.2683465006767115
459	0.20511576947051988
471	0.5634442121855749
511	0.20694152320161474
515	0.21468068024720321
520	0.8079863293930817
52	0.9602760882231504
53	0.0699865520522322
55	0.24012146367884735
47	0.18797402699286012
74	0.14287391359346585
146	0.16119937577848814
150	0.8040228099490151
156	0.8005077703145828
169	0.16088952487576583
94	0.5235240120963243
100	0.9749605524379161
116	0.6653477060675451
124	0.5400307263743873
292	0.2539020723835951
297	0.1643946774147781
288	0.19580264764463495
268	0.22125405926958608
273	0.16088952487576583
323	0.22251733069960972
324	0.3671128757292449
318	0.19674707704647743
305	0.6182473299062741
231	0.16088952487576583
207	0.5149850857002591
259	0.1878206461958029
258	0.26947105193705523
251	0.2901228777380577
243	0.5936005437525399
240	0.8005077703145828
445	0.9997924321967838
431	0.37347509421948527
437	0.5606643002911845
351	0.1810924929585615
347	0.9574659128499521
337	0.21470777770791527
382	0.18218588706563263
379	0.5606643002911845
392	0.5148406432752206
388	0.19183457597609782
365	0.17971350477452697
377	0.7074195861051986
376	0.999798171880036
373	0.9796162019530607
783	0.11243865617223664
782	0.9997695899778808
788	0.9997695899778808
808	0.5230144428021498
807	0.5620220079957179
805	0.8070960526596265
815	0.9777169272314984
816	0.8070960526596265
824	0.20091973261485696
721	0.9830417319246268
723	0.18000185450874284
732	0.45723086134791996
741	0.4599888181962781
757	0.9997695899778808
766	0.2901747050257388
768	0.9911432306060792
679	0.24713976028323603
675	0.5230144428021498
705	0.5620220079957179
702	0.5656981191612107
700	0.35235008753493147
698	0.653684212151547
609	0.5142998654218192
594	0.1778229884357767
638	0.5142998654218192
629	0.5142998654218192
539	0.5215469629951346
554	0.5541647036052391
523	0.449569176460269
526	0.1731626986507675
536	0.8549414773896087
577	0.9855300691721046
575	0.2334730058771186
574	0.16119748745009527
478	0.16901473347086832
477	0.40511717710037054
487	0.292940146748891
490	0.1620147250810705
460	0.9964028128528635
467	0.16087803149763583
472	0.16087803149763583
473	0.24500925230864035
513	0.7934862035454003
519	0.9862521830776916
23	0.5230144428021498
11	0.5230144428021498
33	0.7620715869610304
32	0.3653458085133725
51	0.7553483759765952
54	0.17781444532990778
57	0.16087803149763583
72	0.5230144428021498
59	0.16864829693417596
60	0.986583906915757
65	0.5215469629951346
10	0.3653458085133725
3	0.21960407896532363
140	0.25264205878790413
144	0.9527374842747841
153	0.2688440056422754
174	0.8070960526596265
180	0.346453556048564
82	0.608741384498308
80	0.3653458085133725
76	0.22668824756222816
96	0.4580205323980078
105	0.4599888181962781
104	0.7376069254826337
114	0.5215469629951346
107	0.4074204535839551
115	0.15956604603705032
296	0.5230144428021498
275	0.20514361705241546
278	0.16835786264445374
277	0.18127494150520246
317	0.18137897953988097
320	0.17580836169864855
222	0.3605414096881846
260	0.5230144428021498
247	0.3396715267312873
238	0.2671120213924043
416	0.16087803149763583
423	0.9997645826628018
395	0.8549414773896087
402	0.5620220079957179
404	0.26166354179979257
406	0.8549414773896087
407	0.9897973746251355
451	0.8070960526596265
432	0.9750275546122571
354	0.29783220570231356
353	0.10725202099842389
359	0.17153377673328118
335	0.80307064988527
336	0.22516792096192273
332	0.2597998920344686
371	0.24597957712591334
786	0.9998297096324382
806	0.3608759147489218
719	0.3699089052058629
730	0.808042805463717
762	0.5149526105469142
765	0.9681194535801433
771	0.9964435545884736
776	0.8041419146851316
667	0.808042805463717
670	0.18481117016700443
666	0.3616942804397534
659	0.5236147103011175
703	0.7608866682037491
694	0.6670401655577944
693	0.8041419146851316
603	0.2603035737802196
604	0.5692944073889266
600	0.41182996759220125
602	0.999789990683971
591	0.808042805463717
647	0.6656804439271918
636	0.540580440095002
632	0.808042805463717
552	0.5894558895305051
524	0.13029842889463977
533	0.9559024981508086
570	0.9506959994925263
563	0.5236147103011175
564	0.9909572825253212
480	0.20013454190950064
462	0.5236147103011175
510	0.844116240947178
21	0.23077534031056368
38	0.16087900733001537
56	0.5149526105469142
44	0.5236147103011175
67	0.2620555827045324
68	0.5236147103011175
69	0.5668572151230362
70	0.38692461247261445
61	0.5221501343548303
63	0.8558255622861439
64	0.5982204003571319
1	0.26181970379022945
145	0.39807083243078345
154	0.9398903840399784
157	0.3107389069907399
155	0.260135625975658
162	0.8038900693658262
170	0.16087900733001537
172	0.28232323692845906
182	0.22810132642673456
199	0.5236147103011175
92	0.18314862728932313
112	0.16087900733001537
108	0.5236147103011175
130	0.2209772056951965
283	0.19964121764418227
289	0.8041419146851316
309	0.22652826444556023
313	0.5668572151230362
311	0.23602147424462905
302	0.8558255622861439
213	0.16025703426793042
204	0.28488587169731705
203	0.18237767933097349
255	0.9451606922425053
256	0.2523507334344551
253	0.5149526105469142
237	0.30426846219889614
396	0.9998105498874732
409	0.9997209037931865
410	0.9997706965585665
430	0.5149526105469142
427	0.9866333065193362
352	0.5149526105469142
361	0.17933405717681872
343	0.5339542968105626
340	0.9696775330121076
383	0.627146393325337
389	0.5236147103011175
370	0.9776807426059806
374	0.535412873377017
791	0.9964769374776475
809	0.986284413809682
717	0.16980770402994005
715	0.23866291694289682
728	0.8082674664958036
735	0.26630150219135873
740	0.9696701016656997
673	0.28430823507814484
658	0.3603822486852374
704	0.44224696486879866
686	0.5979270796634226
684	0.8040464127045251
597	0.3058337373605998
642	0.807973863375816
639	0.16088369090452104
627	0.5234071751687317
633	0.16307568510503911
622	0.4589938238663982
544	0.9997793452179806
529	0.5147291843721795
525	0.2436933883738798
571	0.9997750042151817
586	0.5890781826546723
465	0.921813627050466
516	0.1817950013244509
495	0.398575542864168
501	0.4171044002141452
500	0.9702869887720762
506	0.21785006367079474
50	0.5147291843721795
8	0.5245928808740139
2	0.807973863375816
139	0.1773451300095458
163	0.3882957545860259
175	0.5234071751687317
176	0.9724368253107084
186	0.21036607477075153
202	0.18678786909828196
86	0.321896243032395
83	0.2569271046046714
102	0.20779822392847822
132	0.6666957391516051
290	0.568956746232596
280	0.18064190245553347
316	0.1830190063837796
312	0.17966956960680996
216	0.5219421591014923
214	0.5234071751687317
263	0.36092539760447206
254	0.16088369090452104
244	0.1950239849613181
412	0.7758894929553913
411	0.8557500908360712
403	0.7537783340631341
408	0.5147291843721795
444	0.626897413094248
448	0.999779363411433
457	0.9561365323431802
456	0.8326958023715365
429	0.5536696886474965
442	0.19685836151418656
356	0.5234071751687317
341	0.9890434954761348
394	0.5448274264220492
369	0.8005384003934533
363	0.5147291843721795
375	0.7190949188697702
