317	1607
317	1620
317	1633
317	4269
317	4273
317	4290
317	5278
317	6389
317	7136
317	7140
317	7415
317	7753
317	8156
317	8157
190	4626
190	8358
526	2163
526	4553
526	4557
526	5351
526	5353
526	5356
526	6642
526	6646
526	6647
331	4319
571	532
571	917
15	2034
15	2039
15	5591
15	5598
15	6088
15	7292
15	7294
15	7679
15	7680
15	7993
15	7995
15	7996
15	8128
222	2540
222	4150
222	4274
222	4787
222	4796
222	6788
222	7019
481	1617
481	1619
495	132
495	493
495	619
495	957
495	1186
495	2217
117	8121
117	8122
117	8123
117	8176
117	8178
117	8179
117	8180
117	8181
117	8182
117	8183
117	8184
117	8243
117	8244
605	2111
605	3929
325	1794
325	1804
325	4316
325	4857
325	5592
325	5596
325	6391
325	6392
325	7025
325	7026
325	7921
325	7927
354	3338
354	3375
354	5579
350	3721
350	5754
350	7442
350	7965
232	2305
232	2308
232	2310
232	2313
232	2315
232	2320
232	2323
232	2328
232	2329
232	2331
232	2332
232	2869
232	3196
232	3197
232	5293
232	5766
232	6505
232	6506
232	7468
232	8070
305	148
305	153
603	1977
603	3601
603	3604
603	4842
603	4846
603	4854
603	5920
603	5924
603	6995
603	7577
603	7714
166	2079
5	1639
5	4248
5	4252
5	4253
528	479
528	486
528	5550
528	5577
528	8395
473	1830
473	4124
473	4551
473	7094
226	2277
226	2279
226	3867
226	3869
226	3870
226	3871
226	5264
226	5284
226	6433
226	6726
226	6737
226	6739
226	7605
226	7607
226	7985
226	7986
92	1638
92	1695
92	1931
92	5113
92	5119
92	5445
92	5455
92	5505
92	5512
92	5513
92	6723
92	8085
92	8119
92	8236
92	8264
182	867
182	1599
182	1610
182	1932
182	2050
182	2074
182	2203
182	3054
182	3653
182	3657
182	5566
182	7874
182	7875
182	8013
182	8015
182	8018
182	8019
182	8020
182	8040
182	8071
182	8097
182	8113
32	3125
32	3146
32	8314
32	8316
32	8320
32	8321
32	8326
32	8327
32	8328
32	8329
32	8331
32	8335
32	8343
32	8350
32	8351
236	1812
236	1816
236	1820
236	1828
236	4276
236	4283
236	4294
236	4454
236	6544
236	7565
236	7566
236	7567
236	8086
236	8090
236	8091
236	8092
236	8093
236	8095
236	8096
236	8098
544	289
544	290
576	1357
576	2096
136	2854
136	3039
136	3649
136	8014
532	491
532	659
532	3933
532	3935
532	4271
532	4603
532	4605
532	6848
532	6849
532	7257
532	7258
532	7964
487	3894
487	3895
487	3897
487	3900
487	5270
487	5273
487	6074
487	6075
487	6193
487	6418
487	6502
487	6503
487	7270
487	7280
487	7281
487	7899
487	7900
449	5702
449	5712
449	5731
449	6210
449	7176
449	8145
319	390
319	392
319	396
319	472
319	730
319	1120
319	1132
319	1180
319	2094
319	2126
319	3586
319	3633
319	4037
319	4059
319	4208
319	4287
319	5300
319	5304
327	280
327	286
327	365
327	367
327	369
327	370
327	1034
327	1038
327	1088
327	3209
327	4804
327	4806
327	5896
327	5897
327	6028
327	6509
327	6603
327	6711
327	7241
327	7242
327	8041
327	8127
281	1714
281	7152
281	8234
298	2912
298	2915
298	2918
298	2921
298	3296
298	3305
298	3333
298	3607
298	4068
298	4442
298	4644
298	7791
298	8151
298	8152
180	372
180	4825
180	5081
180	6724
579	3208
579	3214
579	3564
579	5231
382	2365
382	2366
382	4492
382	4493
382	5768
382	6011
382	7330
382	7333
382	7334
382	7696
382	7698
382	7699
382	8166
382	8168
382	8262
177	1685
177	3620
177	3629
177	5239
264	460
264	969
264	3543
264	3545
264	3546
264	4830
119	2566
119	2569
119	2570
119	3931
119	4397
119	4400
589	195
589	201
589	207
589	891
589	3188
589	3189
589	3198
589	4516
589	4517
257	2883
257	3219
257	3816
257	5507
257	6967
257	7505
257	7626
257	7954
257	8275
257	8313
257	8319
204	1214
204	1228
204	3777
204	5786
204	6472
521	1914
521	1930
521	4164
521	4165
521	4171
38	987
38	991
38	3089
38	3715
38	3718
38	3720
38	3723
38	3725
38	3726
38	3728
38	3730
38	3732
38	3735
38	3738
38	3741
38	3798
38	3800
38	5035
38	5037
38	5182
38	5186
38	5188
38	5190
38	6678
38	6679
38	6696
38	6702
38	6706
479	1795
479	1824
479	3936
610	2584
610	2586
610	2587
610	3069
610	3071
610	3083
610	5700
610	6548
610	7036
216	2638
458	1563
458	1567
458	3837
248	3523
248	3781
248	4108
248	5133
248	6901
97	215
97	1900
97	8158
206	200
206	299
206	303
206	304
206	3579
206	5033
206	6155
206	6157
206	7903
206	7904
206	8224
543	1686
543	1705
543	3724
543	3727
543	4088
543	5448
543	5449
543	6206
543	6207
582	2891
582	5762
582	5765
582	5912
582	6355
582	6358
582	7129
426	3904
426	3905
426	3908
426	6173
426	6174
426	6176
426	6181
304	1640
304	1654
304	1676
304	4113
304	4242
304	7896
304	7980
304	8035
398	1884
398	1891
398	4693
398	4697
398	4701
517	8359
396	6497
37	1479
548	3907
548	3911
548	3916
548	5414
548	5417
548	6997
548	7644
548	7645
548	7647
548	7666
231	220
231	258
231	265
231	273
231	285
231	288
231	309
231	310
231	313
231	319
231	324
231	325
231	329
231	409
231	415
231	1507
231	1529
231	1882
231	1892
231	2852
231	2858
231	2860
231	2889
231	2890
231	2893
231	4691
231	4699
231	4702
231	4703
231	4707
231	4726
231	4727
231	4733
231	6151
231	6152
231	6153
231	6565
231	7219
231	7224
231	7225
231	7228
231	7438
231	7555
231	7556
231	7557
231	7952
231	8277
424	4359
424	6233
112	4306
112	4957
112	4975
112	4989
112	5386
112	5597
112	6089
112	6093
112	6300
112	6658
112	6676
112	6717
112	6777
112	6868
112	6946
112	7191
112	7236
112	7420
112	7472
112	7758
112	7957
112	7958
151	2920
151	4428
151	4432
151	4439
280	819
280	837
280	1351
280	3327
280	3876
280	4958
280	5144
280	6062
280	6673
280	8004
9	677
9	680
9	688
9	722
80	2081
80	2083
80	7796
80	8330
287	480
287	482
287	4873
287	4875
287	6196
287	6197
299	443
299	448
299	474
299	500
299	506
299	513
299	1198
299	1543
299	1545
299	3772
299	3877
299	3878
299	3913
299	3920
299	4127
299	4200
299	4205
299	5451
299	6449
299	6823
299	6943
299	6948
299	6978
299	6994
299	7196
299	7199
299	8053
299	8054
299	8167
299	8169
299	8171
377	1509
377	1515
421	1211
421	1500
421	2851
421	2853
421	4547
421	4548
421	4567
421	5947
421	7799
421	7803
421	7863
418	2131
418	2134
418	2273
418	2281
418	4518
418	4520
418	4521
418	4522
418	5514
418	5516
418	5523
418	5524
418	5525
418	5574
418	6187
418	6237
418	6242
418	6415
418	6659
418	7116
418	7119
418	7166
418	7169
418	7473
418	7489
418	7490
418	7493
418	7675
418	7822
418	7823
418	7824
418	7825
234	2147
234	2149
538	1702
538	1709
405	2986
504	7374
504	7532
504	8301
504	8361
143	2409
143	2414
143	2422
143	2727
143	3289
143	3295
143	3308
143	3359
143	6420
143	6424
143	6425
590	2369
590	2389
590	4226
590	4390
590	4391
590	5560
590	5561
590	5782
590	6434
590	7737
0	812
0	3344
0	3401
0	3699
0	4624
0	4633
0	6620
0	6622
0	6623
0	6624
0	7138
0	7305
0	7316
0	7471
0	7797
0	7801
0	8155
132	6612
343	2016
343	2017
178	2898
178	2906
183	2382
183	2385
183	4301
183	5141
183	6263
183	6268
183	6765
183	6846
183	7708
183	8246
183	8248
183	8250
140	3
140	4
140	1380
140	1387
140	3744
140	3749
140	5465
140	6435
282	3487
282	3488
282	4986
282	5517
282	6340
282	6809
282	6880
282	7209
282	7354
282	7731
283	1137
283	1140
283	2954
283	3277
283	3300
283	5253
283	5552
283	5780
283	6357
283	6836
283	6916
283	7277
283	7373
283	8072
608	1811
608	1814
608	1818
608	1819
499	4527
499	4529
314	2214
314	2729
314	2939
314	2945
314	4925
81	3204
81	3227
81	3236
81	3237
81	3240
81	3826
81	4785
81	4807
81	4809
81	4813
81	4815
81	4823
81	4828
81	5235
81	5898
81	5902
81	5905
81	5911
81	5915
107	2356
107	5537
310	903
310	908
310	3185
310	3471
310	4940
310	4941
310	4947
356	3025
133	517
133	520
133	2845
133	2846
133	5069
133	5070
133	5073
133	5074
133	5129
133	5901
133	5904
133	6408
133	6410
133	7005
133	8315
394	2216
394	2256
561	732
561	741
561	3675
561	3677
561	3681
561	5371
561	5374
561	5991
561	5992
198	257
198	275
198	276
198	279
198	1057
198	3793
198	3974
198	4188
198	5171
198	5347
198	6002
198	6014
198	6015
198	6674
198	6675
198	6704
198	6794
198	6851
198	7144
198	7154
198	7174
198	7177
198	7289
198	8068
198	8069
362	4313
362	5603
362	5608
362	5643
362	5645
362	7345
362	7702
362	8252
362	8267
585	446
585	447
585	449
585	3615
585	5101
300	1085
300	3873
300	4886
300	7477
300	7511
300	7782
337	6095
337	6098
337	6116
337	6118
337	7974
262	41
262	53
262	57
262	985
262	988
262	1030
262	3091
262	4177
262	4178
262	6035
262	6036
262	6038
262	6236
262	8059
127	3183
147	3128
147	3973
491	1193
491	1456
491	1465
491	3632
491	3978
491	4069
491	5569
491	6262
491	6939
260	2082
488	3381
488	3419
488	3428
488	6186
488	6654
488	6657
488	7248
488	7418
488	7421
189	3040
230	2742
230	8375
442	859
442	2407
442	2410
442	3134
442	3138
442	4418
442	4860
442	5850
442	5853
442	7911
40	5097
40	5260
40	7817
40	8239
40	8278
40	8337
541	950
541	953
511	2678
511	2681
511	3968
511	3969
511	4073
511	4581
511	4593
511	5942
511	6756
511	6760
511	6842
433	410
21	3840
21	3847
333	925
333	4192
333	4365
333	7643
333	8257
311	1660
311	5661
217	5338
217	5342
217	5469
217	5470
489	33
489	62
489	3953
489	4339
489	5706
489	5709
489	6005
489	6006
266	1609
266	1645
266	2007
266	4237
266	4259
266	4265
266	4267
266	4862
266	4904
266	4906
266	4987
266	5425
266	5430
266	6049
266	6167
266	6179
266	6346
266	6347
266	8129
266	8348
25	42
25	2970
25	2972
25	7831
255	2661
255	2662
255	2667
255	2668
255	2669
255	2871
255	7261
255	8369
322	863
322	868
322	869
322	872
322	5168
322	7530
322	7811
503	2739
503	3385
503	4883
503	4887
199	145
423	3132
17	2985
17	3000
17	3006
17	3736
17	3892
17	4176
17	5656
17	5657
17	6972
17	6974
17	7743
17	7744
17	7745
17	7750
387	2295
474	4582
474	4588
474	4651
474	4659
474	4662
474	6448
274	2063
274	3882
274	3883
274	4288
274	5255
274	5256
274	6740
274	6922
274	6923
274	8307
109	2488
109	2490
556	639
556	4926
556	4929
146	398
146	408
146	1077
146	1087
146	3574
146	3597
146	3605
146	3817
146	4001
146	4814
146	4827
146	5914
146	5917
146	6616
146	6912
146	7245
146	7266
146	7561
146	8165
146	8245
150	2856
134	1549
134	1551
200	440
200	1565
163	1864
163	1875
163	4170
163	4185
163	6229
91	889
91	896
91	897
91	902
91	4160
91	4505
91	5348
91	5827
91	6021
91	6580
91	6690
91	6692
91	7212
91	7267
91	7578
91	7942
91	7945
501	5769
501	6526
99	2671
99	2674
99	3268
99	3273
99	3294
99	3298
99	4863
99	4871
99	6351
99	6352
246	1573
246	1589
246	3606
246	7894
246	8294
90	1838
90	3490
90	3995
90	5244
90	5640
90	5641
90	5642
90	5734
90	6156
90	7052
90	7730
90	7778
90	7793
90	7978
90	8258
315	3109
315	4771
315	4778
315	5873
315	5877
315	6689
315	6693
315	7352
315	7355
315	8140
315	8143
315	8144
315	8221
574	233
574	237
574	247
574	252
574	282
574	283
574	305
574	311
574	315
574	321
574	330
574	335
574	340
574	344
574	347
574	351
574	352
574	361
574	368
574	373
574	377
574	514
574	954
574	956
574	1018
574	1454
574	4357
574	4896
574	6027
574	6031
574	6032
574	6034
574	6270
574	6273
574	7014
574	7015
574	7016
601	1133
601	1655
601	2697
601	5174
601	5726
601	5974
601	5996
345	1857
345	1867
345	1869
345	1871
345	1873
345	1877
345	1883
345	1887
345	1898
345	1899
345	1904
345	1908
345	1912
345	1918
345	1921
345	4474
345	4475
57	455
57	466
57	2392
57	2393
57	2423
57	3628
57	3634
57	3636
57	3638
57	3821
57	3831
57	4330
57	4368
57	4388
57	4389
57	5415
57	5416
57	5418
57	5863
57	5867
57	5891
57	6527
57	6528
57	6530
57	6621
57	7090
57	7126
57	7128
57	7200
57	8125
57	8126
492	1103
492	1107
492	3570
492	3572
492	5222
492	5228
492	6039
492	6041
492	6980
492	6982
492	7640
492	7642
492	7646
205	2763
205	3332
205	3334
12	2598
12	4674
12	5631
12	6431
344	1217
344	1229
344	2008
344	4239
344	5247
344	6057
344	6061
344	6754
344	6755
344	6814
344	8389
465	665
465	673
465	4872
465	4878
465	5023
465	5440
465	5441
465	6083
465	6199
597	1995
597	2003
597	4777
597	7092
597	7194
597	7307
413	2956
102	1682
102	4413
102	4422
102	4423
102	5128
102	5309
102	7721
102	7724
102	7726
102	7727
102	7728
102	8032
551	1235
551	2283
551	4169
551	6303
551	6304
551	6310
551	7991
551	7992
551	7994
551	7999
96	8308
96	8312
219	1802
219	4201
139	594
139	601
139	604
139	607
139	613
139	675
139	678
139	3598
139	3600
139	3703
139	3705
139	4832
139	4833
139	4915
139	4917
139	5921
139	5925
139	5926
139	5967
139	6720
139	7654
139	7987
461	7526
148	2275
148	2284
148	3187
148	8377
148	8381
253	501
531	1233
531	1239
531	3388
531	3391
531	3405
531	5107
531	5111
531	5962
531	5965
67	2343
67	2348
67	5422
67	5423
67	7068
67	7069
67	7080
67	7767
67	7813
67	7815
67	8075
564	274
564	284
564	292
564	6549
235	1837
235	1858
235	4488
235	4507
235	5715
235	5718
235	5724
235	5725
235	5729
235	5733
235	6523
235	6553
235	6582
235	6583
235	7096
235	7748
235	8175
235	8177
235	8185
573	2793
573	2794
573	2795
573	3154
573	3155
455	7380
455	7515
373	3701
373	5307
373	5315
373	5985
373	6203
373	6864
342	1976
342	2317
342	3282
342	4803
342	6522
342	6525
342	6609
342	6918
342	6919
342	6981
245	6159
245	8322
245	8324
570	2888
570	2980
570	5007
570	5015
570	6004
570	6677
518	8273
518	8274
518	8298
518	8299
518	8340
518	8344
518	8354
518	8356
338	630
338	635
338	1276
338	1280
338	4097
338	4101
338	4910
338	4913
338	4919
338	4924
338	5146
338	6770
338	6773
338	7311
338	7318
338	7320
338	7692
338	7928
338	8074
338	8300
195	2049
195	2958
195	3361
195	8293
186	5248
186	6142
186	6256
186	6733
186	6987
186	7055
186	7487
186	7495
35	538
35	649
35	652
35	657
35	660
35	2136
35	2139
35	2172
35	4322
35	4323
35	4757
35	4759
35	4760
35	4762
35	4999
35	5003
35	5005
35	5008
35	5094
35	5098
35	5120
35	5130
35	6267
35	6272
35	6636
35	6638
35	6640
35	6684
35	6873
35	7314
35	7336
35	7349
35	7350
35	7378
35	7608
35	7609
35	7610
35	8042
35	8073
35	8110
35	8111
35	8215
291	471
291	839
291	5143
291	6247
291	6343
291	6913
291	6914
291	6915
261	2015
261	2020
261	3223
261	4018
261	4021
261	4023
261	4214
261	4215
261	5384
261	5538
261	6344
261	6416
261	7247
261	7475
261	8033
261	8034
261	8036
607	4602
607	4649
607	5063
607	6637
141	2263
141	5026
229	7394
229	7533
498	893
498	5180
498	5184
498	5352
498	6318
498	6398
498	8382
318	3912
318	5383
318	5394
318	5933
318	8154
617	5218
617	5506
617	5509
432	1768
432	3450
432	3943
432	3947
432	4141
432	4168
432	4174
432	4179
93	31
93	703
93	757
93	777
93	828
277	73
277	74
277	78
277	83
277	88
277	2435
277	4162
277	4194
277	4363
277	5213
277	5976
277	5978
277	6455
277	7854
277	8204
277	8404
416	744
416	748
416	4100
416	4104
416	5568
416	5644
416	6367
416	6368
416	6665
416	6669
416	7300
416	7302
279	430
279	3838
279	4835
279	5427
279	6266
279	7054
279	7916
309	754
309	756
309	3445
309	3446
309	3914
309	3915
309	3917
309	4530
309	4976
309	4978
309	4979
309	4981
309	5068
309	5934
309	6147
309	6619
309	7197
309	7299
309	7536
309	7802
309	7804
309	7806
309	7807
309	7818
309	8276
203	4139
203	4142
203	4148
485	422
485	425
485	428
485	433
575	2468
575	2480
575	2485
575	4606
575	4616
575	4678
575	5997
575	6521
575	6775
575	7173
513	2913
513	2914
513	2917
513	3254
513	3255
211	355
211	362
211	2859
578	783
578	3336
578	8235
324	3412
324	8323
321	559
321	561
321	563
321	571
321	579
321	585
321	1577
321	5936
321	5937
321	5938
321	5955
321	5968
321	6086
321	6432
399	3427
399	3476
399	3479
399	3481
399	3484
399	6382
399	7186
399	7383
399	7388
399	8355
600	4173
600	4183
600	6599
600	6681
600	6683
600	6685
600	7625
600	7627
600	7630
600	7631
600	7948
525	1275
525	3251
525	3256
525	5534
525	5535
525	6407
525	6909
525	7065
525	7078
525	7296
525	7821
525	7828
525	8148
525	8153
267	1245
267	1248
267	5121
267	5126
267	6106
267	6464
267	6750
267	6751
267	6936
267	6937
267	6938
267	7492
267	7531
267	8360
74	4453
74	4514
74	4535
74	6097
196	2042
196	2044
196	2495
196	2496
196	3411
196	3415
196	3417
196	4072
196	5668
196	7134
196	7135
196	7826
196	8398
196	8399
577	385
577	809
238	794
238	2174
238	2179
238	4443
347	1376
347	1407
347	1409
347	2132
347	2278
347	5204
347	5205
347	5206
347	5209
347	5212
242	166
242	172
242	176
242	1047
242	1050
242	3559
242	6033
242	6239
242	6240
242	6241
242	7464
242	7465
242	7466
242	7467
242	7469
242	7470
242	7540
242	7866
242	7867
242	7968
242	7981
242	7983
242	7997
242	8247
242	8341
242	8342
242	8374
326	2285
326	2296
326	2299
326	2386
326	4221
130	2701
130	2704
130	4501
130	4502
130	5613
130	5617
130	6482
130	7204
130	7215
130	7755
130	7756
130	8067
239	841
239	1094
239	1095
239	2947
239	2948
239	8290
239	8318
477	5421
463	937
463	941
463	4437
365	4342
365	4378
365	5717
365	5721
365	5736
365	6450
365	6452
365	6985
365	6986
365	7478
365	7480
365	7481
365	8105
365	8114
14	8384
115	5085
115	5088
115	5091
115	5093
115	5790
599	2724
3	2333
3	2877
3	2884
3	3105
3	3775
3	4343
3	5243
3	6154
3	6160
3	6423
3	6427
3	6428
3	6429
3	6430
3	6705
3	6898
3	6990
3	6993
3	7056
3	7058
3	7059
3	7060
3	7097
3	7254
3	7256
3	7715
3	7716
3	7717
3	8146
62	90
62	91
62	127
62	131
62	2228
62	2767
62	2770
62	3492
62	3497
62	3500
62	4312
62	4314
62	4318
62	4382
62	4483
62	4750
62	5576
62	6559
62	6562
62	6567
62	6789
62	7182
62	7183
62	7184
62	7553
62	7633
62	7704
62	7705
123	864
123	866
123	5457
123	5458
123	6953
123	7430
123	7432
123	8159
596	1014
529	1602
23	1011
389	6712
389	6713
209	2222
209	2227
209	5809
209	5812
209	5813
157	1895
157	2092
157	2187
157	2195
157	4625
157	7614
157	7619
157	7847
157	7852
157	8197
169	822
169	836
169	845
169	850
169	851
169	855
169	856
169	857
169	1382
169	2019
169	2337
169	2340
169	2383
169	2384
169	2387
169	2510
169	3285
169	3349
169	3354
169	4455
169	4462
169	4695
169	4696
169	4959
169	4961
169	5764
169	5771
169	5773
169	5774
169	5775
169	5963
169	5964
169	6046
169	6063
169	6066
169	6067
169	7365
169	7494
169	7496
169	7503
169	7504
169	7506
169	7833
169	7836
169	7838
169	8237
160	30
160	43
160	54
160	66
160	606
160	1850
160	1851
160	1859
160	3325
160	3328
160	3329
160	4447
160	4449
160	4775
160	4783
160	4784
160	6080
160	6081
160	6085
160	6087
160	6115
160	6899
160	6900
160	7024
160	7167
160	7271
546	2071
546	2311
546	2925
546	4816
546	6264
546	6511
546	6903
546	6905
546	6908
546	6973
546	7061
546	7246
546	7516
546	7777
546	7872
546	7873
546	7972
546	8269
546	8270
546	8271
546	8400
75	1431
75	1435
75	1441
75	1442
75	6495
75	6687
75	8017
137	753
137	759
137	765
137	4348
137	4349
137	4362
137	5687
137	5857
137	7082
137	7439
137	8057
275	94
275	102
275	4154
275	4155
275	4704
275	4706
275	6110
275	6694
275	6950
275	6951
275	7353
275	7356
275	7357
480	429
480	432
480	437
480	438
480	3246
480	3592
480	5080
480	5084
87	2248
87	2252
101	2428
101	2439
101	2442
101	2448
294	2102
294	2103
294	4379
294	4380
294	5456
294	5460
294	5994
294	6205
294	6213
294	7940
294	7941
294	7951
294	7955
370	240
370	244
370	250
370	4583
370	4585
370	4599
98	8304
34	2204
34	2206
34	3946
34	3949
34	4082
34	4225
34	5600
34	5602
34	6383
34	6386
34	6942
34	7020
34	7700
34	7703
34	7710
34	8104
34	8309
34	8311
397	3751
397	3756
397	5344
484	2116
484	6326
484	6327
484	6328
484	6330
484	6335
126	4565
126	4574
126	6259
126	6261
126	6979
126	7658
126	7660
126	7671
126	7673
126	7676
126	7678
126	8232
313	1252
313	1281
313	7529
284	6129
284	6130
122	3131
122	3133
122	5776
161	2286
161	3689
161	3696
82	1909
82	7732
104	109
104	124
276	1266
276	1284
276	1285
276	1292
276	1295
276	1307
276	2051
276	3510
276	3512
276	3520
276	4327
276	4328
276	5359
276	6227
276	6228
276	7075
276	7550
276	7551
545	1299
545	5589
545	5590
545	5593
357	5475
272	3101
272	4317
569	758
569	776
569	784
569	793
569	3290
569	3311
569	3501
569	6188
569	6189
569	6223
569	6459
569	6945
569	6964
569	7142
569	7178
403	4523
185	2640
185	4228
185	5752
185	5755
185	6282
185	6372
185	6928
185	6930
185	7688
185	7742
185	8037
185	8038
244	799
244	804
244	4067
244	5482
244	5484
244	5485
244	6208
244	6221
244	7027
244	7029
244	7030
244	7034
244	7453
244	7455
244	8029
244	8030
244	8031
378	374
378	2327
378	3568
490	1590
490	1960
490	2372
490	3650
490	3888
490	3889
490	4053
490	4577
490	5127
490	5240
490	5400
490	5402
490	5429
490	5438
490	5439
490	7372
490	7396
490	7623
341	760
48	1531
48	1533
48	1733
48	2316
48	4510
48	4512
48	4513
48	5798
48	5805
48	6529
48	6574
48	6577
48	7050
48	7053
48	7537
48	7869
48	7884
48	8205
48	8206
48	8219
48	8407
559	2400
559	5490
512	4136
512	4137
512	4601
512	5361
512	6551
512	6552
335	1990
29	3644
29	3646
29	5501
29	5585
29	5601
29	5605
29	6139
29	7572
476	3097
594	1396
594	2553
594	2714
594	3477
594	3483
594	5000
594	6024
594	6332
594	6333
594	6336
594	6439
594	6917
594	7342
594	7344
594	7454
594	7855
594	7856
594	7857
42	3540
42	3548
42	3558
42	3562
42	3593
252	1949
252	2708
252	4525
252	4789
252	5020
252	5034
252	6902
252	6907
252	7523
252	8058
252	8060
252	8062
252	8139
188	294
188	4658
188	4668
188	4671
188	4680
188	4683
188	4822
188	5232
188	6437
20	2154
20	2225
20	3416
20	5306
20	5464
20	6774
20	6778
20	6780
237	2538
237	2548
237	2840
237	4166
237	8023
496	52
496	6743
59	213
59	234
59	515
59	628
59	1238
59	3443
59	3683
59	4406
59	4559
59	4579
59	4982
59	6117
59	6729
59	6883
59	6892
59	7265
59	7754
59	8007
59	8080
47	3458
47	4102
47	4698
241	1807
241	1821
241	1829
241	2209
241	2338
241	2718
241	2867
241	3087
241	3102
241	3281
241	3283
241	4031
241	4610
241	4880
241	5137
241	6104
241	6107
241	6931
241	6988
241	7187
241	7641
241	7962
241	7963
241	7966
241	7976
265	47
265	1104
265	1109
265	1110
265	5358
197	2564
197	2573
197	6216
197	6218
197	6874
125	2594
125	2595
194	2339
213	554
213	557
213	5327
213	5333
213	5334
213	5337
110	1330
464	3452
464	3455
464	5286
464	5296
464	5311
464	5491
464	5492
464	6217
464	6219
464	6277
464	6285
464	6288
464	7451
464	8135
464	8136
464	8391
303	2030
303	2036
303	3235
303	3566
303	4526
303	5511
303	5818
303	6257
303	6835
303	6837
303	7491
303	7722
303	8147
113	3509
113	4289
113	5104
113	5109
113	6996
113	7013
113	7017
113	7843
113	7844
113	8229
113	8230
113	8231
523	786
523	800
523	4755
523	4761
523	4763
523	5531
523	5612
523	6289
428	811
428	3159
428	3174
428	3542
428	5662
428	5670
581	1131
581	1150
359	4297
359	4298
359	5382
359	5388
359	5390
359	6123
359	6134
359	6141
359	6589
359	6695
359	6701
359	7629
359	7757
359	7759
359	7760
103	1517
103	1541
103	2294
103	3211
103	3252
103	3582
103	4377
103	4543
103	4544
103	5562
103	5746
103	5909
103	6144
103	6148
103	6345
103	6353
103	6473
103	6721
103	6975
103	7102
103	7163
103	7250
103	7268
103	7638
103	7639
103	7718
103	7877
103	7878
103	8024
468	27
468	573
468	714
468	1203
468	3007
468	3009
468	4639
468	4640
332	2124
332	2130
332	3944
332	4515
332	6596
332	6597
332	7222
332	7227
259	4393
259	4394
259	4853
259	5279
259	5281
259	5283
259	5288
259	8282
371	1344
371	3680
371	3682
371	3690
371	5410
371	5411
371	5998
371	5999
371	6000
371	6512
371	6513
371	6514
49	807
49	820
49	3956
49	4119
49	4130
49	4145
49	6135
131	2205
131	2208
131	2210
131	2503
131	3016
131	3030
131	3107
131	4381
131	5147
131	5154
131	5607
131	5826
131	5828
131	7064
131	7066
131	7067
131	7070
131	7072
131	7179
131	7587
131	7931
131	7932
268	2580
268	2590
268	3783
268	5496
268	5862
268	5868
268	6792
268	7213
563	7118
53	709
53	1182
53	3866
53	3868
53	6260
53	6348
53	7367
53	7443
53	7535
53	7690
53	7701
53	8011
53	8087
53	8088
53	8108
53	8253
53	8371
580	1520
580	1522
580	4219
580	4220
580	4223
580	5625
580	5627
580	5628
580	6474
580	6476
580	6477
580	6989
580	6991
580	6992
580	7033
580	7037
580	7038
580	7039
580	7648
580	7649
580	7650
580	7652
312	3024
312	3028
312	4477
312	4480
312	4484
312	5719
312	5720
312	5728
312	5730
312	6585
312	7233
312	7237
312	8084
85	745
85	6499
85	6648
85	6757
85	6860
85	7508
85	8256
76	3399
76	4621
316	238
316	248
316	255
316	259
316	262
316	268
316	270
316	322
316	359
316	402
316	2628
316	2649
316	2844
316	2855
316	2873
316	5246
316	5249
316	5250
316	5251
316	5252
316	6050
316	6055
316	6058
316	6342
316	6817
316	6819
316	7113
316	7114
316	7908
316	7909
316	7910
181	2336
181	2375
181	2381
181	2388
181	2879
181	5053
181	5922
181	6496
181	6719
181	6983
181	7115
181	7120
181	7559
181	7560
181	7712
181	7713
181	7747
181	7789
271	3070
271	3072
271	3259
271	3271
271	4634
271	5442
271	5443
374	3854
374	7656
440	483
440	562
440	702
440	3093
440	4476
440	4478
440	4482
440	8286
391	1662
64	1535
64	6610
145	7043
478	3901
478	3910
478	4032
478	4034
478	4036
478	5757
478	5758
478	6421
478	6422
478	7046
478	7049
478	7251
478	7255
478	7259
254	1860
254	1865
254	1868
254	2255
254	2257
254	2260
254	3976
254	3979
254	3981
254	3985
254	5193
254	5196
254	5197
254	6393
254	6394
254	6395
254	6396
254	6397
254	6956
254	6959
254	7456
254	7457
254	7458
254	7460
254	7549
254	7632
254	7709
254	7943
254	7944
254	8118
83	1923
83	1929
83	3206
83	3407
83	4765
83	4768
83	4774
83	8120
135	2824
135	2826
135	4591
135	4594
135	5888
135	5889
135	6604
135	6605
135	7221
135	7223
135	7226
135	7770
135	7771
135	7772
278	2605
278	4350
278	4353
278	5503
323	2792
323	2868
323	4550
323	4713
323	5556
323	5707
323	6535
323	7787
611	2797
611	2808
493	1665
493	1666
493	1669
493	1670
493	1674
493	1680
493	1684
493	1690
493	1711
493	1717
493	2471
493	2472
360	3893
360	5494
360	7603
360	7611
360	7618
606	4020
124	2419
124	8266
124	8333
193	5254
193	5297
193	5586
193	6749
562	1712
411	239
411	243
142	3090
142	4974
459	622
459	632
459	1763
459	4387
459	4918
459	4921
459	7408
459	7414
172	2213
172	2322
172	2551
172	5058
172	5952
172	7938
515	2563
515	3733
515	3740
515	5622
515	5623
515	5793
515	5796
515	6378
515	7301
515	7303
515	7902
515	7905
515	7970
494	1476
494	1879
494	3980
494	3982
494	4729
494	4738
494	5014
494	5840
494	5854
427	1973
427	1974
604	7011
176	4040
176	4042
351	1806
351	3422
351	5674
351	5675
351	5685
351	5797
351	5865
351	6843
351	8141
351	8142
258	2533
258	2537
258	3919
258	6195
258	6198
258	7229
258	7230
258	7231
258	7691
258	7693
247	2158
247	5086
247	5487
247	7936
273	11
273	317
273	323
273	386
273	509
273	537
273	545
273	598
273	717
273	728
273	1294
273	1538
273	1546
273	1706
273	2125
273	2330
273	2744
273	3231
273	3233
273	3276
273	3348
273	3645
273	3647
273	4110
273	4202
273	4539
273	4554
273	4630
273	4821
273	4890
273	4900
273	4909
273	5054
273	5057
273	5236
273	5242
273	5305
273	5756
273	5799
273	6280
273	6617
273	8047
273	8292
273	8338
187	4552
472	2023
472	2025
472	2031
472	3035
472	4395
472	4403
472	4404
472	4405
472	4829
472	4831
472	5941
472	5948
472	6731
472	6732
472	6744
472	7291
472	7298
472	7319
472	7412
472	7413
472	7812
472	7926
516	314
516	326
516	328
516	331
516	3560
516	4587
516	4805
516	4812
516	5050
516	5059
77	7521
202	1375
202	1378
202	2097
202	2112
202	4122
202	4123
202	4859
202	4864
202	4891
202	6096
202	6100
202	7274
202	7279
202	7915
10	8362
509	462
509	464
509	467
509	582
509	586
509	615
509	624
509	1671
509	1675
509	1703
509	2411
509	3404
509	6293
509	6294
509	6309
509	6315
509	6747
509	6853
509	6855
509	6856
509	7445
509	8002
509	8003
376	2786
376	2788
78	2998
78	3010
72	2221
72	2482
88	174
88	175
88	177
88	178
88	179
88	180
88	182
88	199
88	231
88	947
88	960
88	964
88	965
88	966
88	1365
88	1366
88	1368
88	1369
88	1370
88	1436
88	1438
88	3927
88	3932
88	3986
88	4780
88	4781
88	4963
88	5829
88	5830
88	6761
88	6764
88	6766
88	6767
88	6768
88	6769
88	6779
88	6781
288	2076
288	2350
288	3608
288	4044
288	4973
288	5079
288	5959
288	7897
288	8160
55	35
55	5446
55	6001
567	2745
567	5693
567	5695
567	5701
567	5704
567	6454
567	6466
330	815
330	827
330	1273
330	1288
330	3863
330	3864
330	4580
330	4667
330	6190
330	6192
330	7010
330	7012
330	7376
330	7377
330	7880
330	7881
330	7882
330	7883
330	7885
330	7886
330	7887
330	7888
330	7890
330	7891
330	7892
330	7893
330	7923
330	7924
330	8291
330	8306
330	8334
330	8372
534	1269
534	7689
58	1213
220	1809
220	1810
220	1813
220	4158
339	1534
339	1536
339	1539
339	5779
215	3531
215	3535
215	6404
215	6405
215	6586
215	6591
170	4641
170	4643
170	4648
170	5474
170	5478
170	5479
170	5480
170	6312
170	6379
170	6380
170	6381
170	6390
170	6451
170	6456
170	6564
170	6566
170	6569
170	6570
170	6886
170	6887
170	7018
170	7083
170	7084
170	7085
170	7165
100	418
100	421
100	691
100	4213
100	4216
100	6626
100	6627
100	6639
100	6725
100	7252
100	7253
100	7433
100	7479
100	7775
100	7776
100	8288
100	8365
334	1322
334	2150
334	2960
334	3669
334	4087
334	4545
334	5343
334	6745
334	6763
334	6833
334	7073
334	7185
467	1316
467	1328
467	4184
467	4190
467	4285
467	4293
467	4295
467	5738
467	5741
467	6524
467	6531
162	1592
162	2048
328	792
328	6782
328	7340
251	1031
251	1036
251	3706
31	2352
320	584
320	596
320	605
320	1736
320	1737
320	4270
320	4291
320	5280
320	5282
320	5555
320	6059
320	6491
320	6727
361	4955
361	4956
361	4960
79	7392
79	7865
415	1098
415	3585
415	3588
524	4096
524	6065
524	6068
524	6071
524	6076
524	6132
524	6168
524	6170
297	4070
297	4275
297	5578
297	5945
297	6158
168	477
168	485
168	1111
168	2651
168	2652
168	2766
168	3444
168	3937
168	4056
168	4057
168	4058
168	4620
168	5324
168	5329
168	5708
168	5710
168	6251
168	6252
168	6258
168	7528
168	7795
168	7895
168	8336
168	8339
168	8345
470	2600
470	2603
470	4062
470	4401
470	5166
210	789
210	1668
210	3685
210	3691
210	4375
210	5322
210	5582
210	5583
210	5982
210	6481
210	6484
210	7108
210	7111
210	7798
210	7810
565	3278
565	3279
296	2814
296	2817
296	8200
296	8238
296	8240
296	8241
296	8242
285	3409
285	3418
285	4571
285	4576
285	4637
285	5587
285	5770
285	6200
285	6933
285	7002
285	7062
285	7584
285	8094
285	8196
404	4244
404	4246
404	4249
404	6652
404	6655
404	6660
404	6662
404	7663
404	7668
404	7973
404	8027
404	8280
225	1952
225	1953
225	4632
225	5389
225	5393
225	5899
225	5990
225	5993
225	6042
225	6703
225	6716
225	7720
225	7723
225	8187
225	8203
18	1301
18	1317
18	1773
18	1778
18	1783
18	2012
18	2737
18	2749
18	2759
18	3301
18	3319
18	3406
18	3408
18	3661
18	4061
18	4106
18	4118
18	4465
18	4479
18	5145
18	5148
18	5151
18	5323
18	5332
18	5665
18	5684
18	5689
18	6307
18	6443
18	6447
18	6534
18	6541
18	6555
18	6758
18	6762
18	6845
18	6854
18	6859
18	6862
18	6925
18	6932
18	7077
18	7079
18	7081
18	7308
18	7313
18	7594
18	7606
18	7917
18	7919
18	7920
18	7929
18	8005
18	8008
18	8051
18	8052
612	3616
612	3617
612	4686
612	4688
612	4852
612	5650
612	6265
336	3731
336	3739
86	507
86	2421
86	2424
86	2778
86	3902
86	5553
86	5554
86	6102
86	7057
171	2247
171	2250
171	2368
171	2583
171	4461
171	5502
171	5825
171	5838
171	5874
171	5930
171	6320
171	6376
171	7335
171	7337
171	8099
63	2771
63	2776
63	2857
63	7147
63	7148
63	7149
63	7151
63	7157
63	7158
63	7160
63	7164
263	1413
263	1415
263	1483
263	5360
263	6708
263	6710
263	7459
263	7839
263	8213
263	8220
263	8254
263	8268
263	8373
263	8380
263	8393
263	8394
207	1628
207	7979
301	2057
301	2060
301	2167
301	2364
301	3430
301	4296
301	5140
301	5471
301	6772
301	6876
301	7538
301	7539
301	7552
301	7670
301	8009
301	8010
587	2790
587	2796
587	3954
587	3959
587	3965
587	4015
568	2541
568	2544
568	2547
568	4772
568	4782
568	5890
568	5892
568	5893
568	6457
568	6458
568	6666
568	6668
568	7234
568	7238
591	587
591	1215
8	2176
8	6453
8	7137
8	7156
8	7161
8	7162
8	7315
8	7440
8	7441
8	8385
508	3136
508	3147
508	4766
508	5164
508	5302
508	6400
508	7202
618	8281
106	931
106	943
106	1421
106	1896
106	2772
106	2780
106	3470
106	3473
106	3567
106	4038
106	5162
106	5178
106	5486
106	5832
106	6131
106	6790
106	7546
106	7592
106	7960
106	8055
228	451
228	452
228	3580
228	3611
228	3612
228	5407
228	5408
228	5409
228	5536
228	5557
228	6054
228	6056
228	6625
228	6628
228	6634
228	7269
228	7967
228	8025
228	8297
128	2765
128	4898
128	5031
128	6606
128	6878
128	7091
128	7871
71	1910
71	1916
71	3149
71	4175
71	4181
71	5362
71	5364
71	6461
71	6463
71	7031
71	7032
212	3321
212	3347
212	6494
212	6885
212	6888
212	6889
212	6890
212	7189
212	7322
212	7370
212	7371
212	7444
388	3065
388	3067
388	4280
388	4281
388	5834
388	5835
388	5836
388	6112
388	6875
388	8012
73	3379
73	3384
73	4304
73	4311
73	5831
73	8173
73	8174
105	3454
105	3468
358	4197
358	4230
358	4356
358	4797
358	4799
358	4800
358	5385
358	5392
358	5412
358	5413
358	5426
358	5519
358	5521
358	5522
358	5527
358	5528
358	5636
358	5639
358	6191
358	6194
358	6243
358	6246
358	6349
358	6350
358	6362
358	6413
358	6426
358	6486
358	6488
358	6490
358	6493
358	6608
358	6645
358	6728
358	6736
358	6738
358	6827
358	6828
358	6829
358	6838
358	6839
358	7131
358	7363
358	7500
358	7501
358	8028
358	8045
358	8046
507	831
507	835
506	2095
506	5163
506	5339
506	5340
506	6224
506	6225
506	6274
506	6550
506	6554
506	6558
510	29
510	32
510	45
510	59
510	3092
510	3096
510	6143
431	6816
527	2143
527	2145
527	3456
527	3460
527	3952
527	3958
497	6537
497	6538
497	6540
497	6542
497	6543
497	6545
497	6546
497	6563
497	7733
497	7734
497	7739
497	8376
54	3224
54	3226
54	4425
54	4435
54	4802
54	4808
54	6126
54	6127
54	7045
54	7474
54	7476
54	7961
54	8367
355	3013
355	3021
355	4415
355	4617
355	5173
355	5177
355	5703
355	6113
355	6121
355	6311
355	6893
355	7150
355	7573
355	7677
355	8211
1	3447
1	3513
1	3589
1	3855
1	4103
1	4645
1	4656
1	4788
1	4791
1	4935
1	6040
1	8217
584	2028
584	2038
584	5558
584	5753
584	6162
584	6361
584	7127
584	7130
4	1468
4	1728
4	1730
4	1734
4	1943
4	5398
4	5399
4	5401
4	5526
4	5529
4	5530
4	5532
4	6136
4	6137
4	6149
4	6611
4	6650
4	6651
4	6753
4	6858
4	6934
4	7562
4	7583
4	7814
4	7816
4	7868
4	8363
4	8364
349	2353
349	2355
349	2659
436	806
436	810
436	5016
436	5817
436	5823
537	3486
155	671
155	716
155	719
155	1808
155	3702
155	3708
155	3710
155	4966
155	4968
155	6406
155	6409
155	6411
155	6412
155	6783
155	6784
155	6785
502	1603
502	1604
502	4937
502	4938
308	1560
308	1562
308	3250
308	3576
308	5233
308	5237
308	6146
308	6161
308	6824
308	6830
308	7662
308	7975
308	7977
547	461
547	1312
547	2758
547	7719
542	4156
542	4736
542	5848
542	5852
152	3033
152	3041
152	4934
152	6166
154	1313
154	1314
154	1315
154	1318
154	1319
154	5696
154	5697
154	5698
154	5699
154	6759
60	1044
60	1045
60	1080
60	1113
60	1118
60	1209
60	1489
60	1492
60	1498
364	4236
364	4386
364	5354
364	6064
364	6099
364	6172
364	6356
364	6568
364	6877
364	6879
364	6952
364	7580
364	7725
364	8161
364	8198
218	1092
218	3075
218	3080
218	4600
218	4613
218	5810
218	5814
218	6478
218	6479
218	6480
218	6600
218	7104
218	7105
218	7106
218	7107
218	8279
173	3507
173	3516
173	3524
173	3529
173	5036
173	5041
173	5044
173	5220
173	5431
173	6029
173	6234
173	6278
173	6808
173	7076
173	7361
173	7819
173	7933
153	3939
153	5654
307	570
307	577
307	580
307	3357
307	3360
307	4936
307	4939
307	4948
307	5980
307	5989
307	6667
307	6671
307	7790
307	7792
307	7794
179	1168
179	4824
179	6249
179	6572
179	6618
179	8392
13	2992
89	2751
89	7761
89	7762
89	7763
89	7764
89	7765
89	8186
89	8201
36	8131
36	8272
36	8332
593	7278
593	7282
593	7283
120	2602
16	1201
549	5169
549	6295
549	6299
549	6306
549	6308
549	6314
549	6316
549	6323
438	802
438	1250
438	1444
438	3704
438	3745
438	5481
438	6375
438	6377
256	715
256	1136
256	5331
256	5461
256	6150
256	7738
256	8265
292	3098
292	4770
292	6771
292	7028
292	8063
292	8064
292	8065
292	8353
144	1983
144	1986
144	8284
144	8366
144	8368
7	1641
7	3569
7	3573
7	3575
7	5149
7	5155
7	5160
7	6369
7	6370
7	7159
7	7171
7	7672
7	7674
7	7711
7	8049
118	733
118	738
118	743
118	2725
118	7707
588	1196
588	2324
588	4086
588	4091
560	650
560	7534
566	2117
566	4112
566	4157
269	1957
269	3215
269	3216
269	3220
269	5540
269	5542
269	6718
269	7244
269	8026
249	1199
249	3861
249	4224
249	5134
249	7264
249	7312
249	7590
249	7906
249	8043
353	2872
353	4419
353	4429
353	4433
353	4452
353	4463
353	4467
353	4472
353	4531
353	4536
353	4537
353	4538
353	4540
353	4569
353	4618
353	4623
353	4628
353	4647
353	4650
353	4660
353	5195
353	5198
353	5207
353	5208
353	5210
353	5335
353	5370
353	5372
353	5373
353	5377
353	5515
353	5575
295	706
295	7889
425	2740
613	3885
613	5089
613	5350
439	7735
558	5061
558	5123
619	6965
619	6969
619	8021
