1080054	2698
1080054	2699
1080054	2700
1080054	2701
1080054	2706
1080054	2707
1080054	2708
1080054	2714
1080054	2750
1080054	2751
1080054	2770
1080054	2771
1080054	2774
1080054	2790
1080054	2794
1080054	2842
1080054	2987
1080054	3012
1080054	3025
1080054	3070
1080054	3081
1080054	3125
1080054	3126
1080054	3127
1080054	3130
1080054	3139
1080054	3183
1080054	3220
1080054	3245
1080054	3251
1080054	3252
1080054	3253
1080054	3254
1080054	3261
1080054	3262
1080054	3275
1080054	3276
1080054	3277
1080054	3536
1080054	3552
1080054	3553
1080054	3554
1080054	3555
1080054	3556
1080054	3565
1080054	3566
1080054	3579
1080054	3580
1080054	3620
1080054	3679
1080054	3681
1080054	3726
1080054	3732
1080054	3768
1080054	3954
1080054	3962
1080054	3963
1080054	3969
1080054	4064
1080054	4184
1423814	553
1423814	554
1423814	1137
1423814	1473
1423814	1474
1423814	1477
1423814	3524
1423814	3549
1423814	3791
1423814	4252
2097905	1442
2097905	1443
1013847	656
1013847	657
1013847	663
1013847	1185
1013847	1186
1013847	1324
1013847	1395
1013847	3977
2468261	269
2778981	1139
2778981	1140
2519467	134
2519467	137
2519467	139
2519467	171
2519467	2028
2519467	2194
2519467	3330
2519467	3332
2519467	3355
2695387	541
2699692	309
2699692	324
2552605	1211
2552605	1254
2552605	1258
2552605	1316
2552605	1853
2552605	1866
2552605	1919
2552605	1937
2552605	1943
2552605	1950
2552605	1952
2552605	2004
2552605	2259
2552605	2354
2552605	2355
2552605	2408
2552605	2505
2552605	2710
2552605	2849
2552605	3036
2552605	3050
2552605	3226
2552605	3278
2552605	3362
2552605	3378
2552605	3379
2552605	3409
2552605	3446
2552605	3449
2552605	3451
2552605	3459
2552605	3460
2552605	3469
2552605	3470
2552605	3471
2552605	3486
2552605	3487
2552605	3501
2552605	3502
2552605	3613
2552605	3614
2552605	3624
2552605	3641
2552605	3821
2552605	3822
2552605	3832
2552605	3869
2552605	3875
2552605	3876
2552605	3933
2552605	3934
2552605	3973
2552605	3974
2552605	3975
2552605	3976
2552605	3986
2552605	3987
2552605	4007
2552605	4174
2552605	4177
2552605	4210
2552605	4219
572027	539
572027	540
572027	542
572027	550
2743699	4275
2230529	718
1751839	108
994441	887
994441	888
994441	946
994441	1097
994441	1261
994441	1536
994441	1537
994441	1556
994441	1745
994441	1820
994441	2108
994441	3164
994441	3165
2649546	140
2212897	1318
2212897	1440
2439998	2765
2439998	3167
2439998	3177
2439998	4080
1251331	642
1251331	646
1251331	698
1251331	900
1251331	1025
1251331	1068
1251331	1071
1251331	1228
1251331	1763
1251331	1825
1251331	1827
1251331	1828
1251331	1830
1251331	1837
1251331	1849
1251331	1850
1251331	1889
1251331	2212
1251331	2249
1251331	2286
1251331	2296
1251331	2741
1251331	2745
1251331	2898
1251331	3002
1251331	3091
1251331	3120
1251331	3134
1251331	3158
1251331	3219
1251331	3289
1251331	3294
1251331	3316
1251331	3317
1251331	3395
1251331	3412
1251331	3537
1251331	3586
1251331	3588
1251331	3591
1251331	3653
1251331	3654
1251331	3674
1251331	3707
1251331	3708
1251331	3722
1251331	3724
1251331	3781
1251331	3816
1251331	3820
1251331	3856
1251331	3865
1251331	3968
2800888	1384
293595	926
293595	928
293595	931
2434232	1858
2761735	575
935800	262
935800	1050
935800	1207
935800	1803
2782732	840
1019248	1169
1019248	1327
1019248	1329
1019248	1460
1019248	1659
1019248	2248
1862750	17
1862750	124
1862750	162
1862750	163
1862750	1598
1862750	1599
1862750	2097
1862750	2100
1862750	2273
1862750	2682
1862750	2736
2707015	302
2707015	305
2707015	375
2723983	922
2789270	861
1262563	194
2660897	1389
2660897	1393
2660897	1660
2660897	3484
2660897	4153
1067649	819
2652270	952
2646076	2124
2646076	2206
2963149	2402
2601808	37
2438720	298
2438720	1177
2703865	70
2703865	2324
2703865	2730
2703865	2731
2703865	2732
2407900	3462
2407900	3463
2407900	4057
2655539	3381
2655539	3383
2655539	3385
2655539	3386
2655539	3387
2655539	3388
2655539	3390
2655539	3547
2655539	3833
2655539	4091
2359178	1648
1945073	103
1945073	144
1945073	153
1945073	537
1945073	538
2654973	506
2282158	1538
2828262	1423
2894143	4135
2894143	4256
519417	9
519417	628
519417	2554
519417	2579
519417	2580
519417	3376
1697580	408
1896393	619
1896393	621
1896393	625
1896393	2755
1896393	2817
1896393	3810
1896393	3857
1896393	3858
1266025	1307
1266025	1309
1266025	1445
1266025	1484
1266025	1488
1266025	1489
1266025	2168
2704591	167
755489	868
755489	870
1955083	578
2220963	2331
2101686	348
2101686	507
2101686	511
2101686	513
2101686	1173
2101686	1176
2101686	1456
2101686	1542
2101686	1543
2101686	1624
2101686	1628
2101686	1637
2101686	2107
2101686	2251
2101686	2252
2101686	2253
2101686	2520
2101686	2521
2101686	2524
2101686	2525
2101686	2839
2101686	2840
2101686	3142
2101686	3209
2101686	3274
2101686	3394
2101686	3661
2101686	3662
2101686	3663
2101686	3745
2101686	3912
2101686	3913
2101686	3914
2101686	4171
2676335	809
2188163	848
2188163	1054
2188163	1147
2188163	1148
521654	2921
2121950	2213
980377	2469
980377	2471
980377	2473
980377	2788
980377	3241
785410	1917
1720857	455
1720857	2386
1720857	3299
1720857	3668
1720857	3716
2689866	2033
1161484	846
1161484	847
2431774	1289
2431774	1817
2431774	4190
1935490	68
1954832	232
1954832	274
1954832	915
1954832	923
1954832	930
1954832	1669
1954832	1699
1954832	1700
2053654	244
1871935	667
2746404	255
2787468	1352
2787468	1701
2787468	2559
2787468	2673
62528	3852
62528	3937
62528	3938
62528	3939
62528	3940
62528	4012
62528	4013
62528	4014
62528	4015
62528	4016
62528	4017
62528	4018
62528	4019
62528	4020
62528	4021
62528	4022
62528	4023
62528	4024
62528	4025
62528	4026
62528	4027
62528	4028
62528	4030
62528	4034
62528	4035
62528	4069
62528	4099
62528	4100
62528	4101
62528	4102
62528	4104
62528	4106
62528	4107
62528	4108
62528	4109
62528	4110
62528	4111
62528	4112
62528	4113
62528	4114
62528	4254
62528	4273
62528	4274
2813897	2037
2813897	2038
2813897	2039
2813897	2040
2813897	2169
2813897	3600
2813897	3607
2813897	3631
2708487	976
2754548	551
1633575	1190
1633575	1192
1633575	3052
1633575	3232
1633575	3234
1633575	4011
1165080	195
1165080	1069
1165080	2702
1165080	3004
1165080	3693
2114597	1424
2114597	1492
2114597	3734
2114597	4065
2114597	4070
2114597	4084
2114597	4246
2037944	361
2037944	4042
768418	604
1862364	1342
1862364	1361
1862364	2318
1481180	605
1481180	610
1143265	105
2767624	560
2721607	2457
2210640	592
2845238	1609
2845238	1721
2845238	1722
2845238	1800
2845238	1882
2763304	458
2763304	461
2358281	258
2358281	284
2358281	289
2358281	292
2358281	296
1459892	1533
1459892	1678
1459892	1679
1459892	1681
1459892	1684
1459892	2164
1459892	2545
1459892	2546
1459892	2548
1459892	2983
1459892	3035
1459892	3191
1459892	3283
1459892	3393
1459892	3531
1459892	3550
1459892	3688
1459892	3689
1459892	3873
1459892	3877
1459892	4006
1459892	4075
1459892	4076
1459892	4209
1459892	4211
1356324	945
1356324	947
1356324	950
1724298	834
2095875	415
2606379	573
2606379	1230
2606379	1482
2606379	1483
2606379	2640
2606379	2739
2606379	3211
2606379	3434
2606379	3436
2606379	3437
2606379	4284
2025249	2151
2025249	2260
2718123	65
2718123	97
2718123	121
2718123	147
2606311	480
732376	2052
732376	2054
2863600	1686
2863600	3717
2863600	3878
2863600	3898
2863600	3990
2863600	3991
2863600	3992
1420844	565
1420844	572
1420844	994
1420844	1033
1420844	1034
1420844	1036
1420844	1878
1420844	3673
1420844	3883
1420844	4031
1420844	4048
2577035	585
2577035	996
2577035	1127
847555	622
847555	1052
3021842	2588
3021842	2873
1381067	362
1381067	364
1381067	366
1381067	367
1381067	1645
1381067	1646
1381067	1673
1381067	1729
1381067	2016
1381067	2017
1381067	2116
1381067	2121
2564896	282
2564896	385
2402667	1330
2402667	1415
2402667	1452
1272523	3340
1272523	3971
1272523	4311
2737082	295
2737082	1402
2737082	1449
2737082	2088
2737082	2569
2737082	2941
387350	1526
387350	1723
2557744	1204
2557744	1205
2557744	1252
2557744	1343
2557744	1344
2557744	1505
2557744	1576
2557744	1577
2557744	1776
2557744	1777
2557744	1781
2557744	1783
2557744	1935
2557744	2307
2557744	2597
2557744	2598
2557744	2600
2557744	2621
2557744	3210
2557744	3243
2557744	3353
2557744	3426
2557744	3534
2557744	3543
2557744	3544
2557744	3545
2557744	3633
2557744	3819
2557744	4066
2557744	4154
2557744	4202
2557744	4232
2557744	4233
2557744	4266
1746030	1569
1746030	3382
1746030	3384
1746030	3431
766183	3003
766183	3013
766183	3014
2780028	833
2703769	1345
1998910	746
1998910	749
2660574	2841
2660574	2846
2660574	2969
1634343	2857
2680982	813
2680982	978
2680982	987
2680982	2495
437141	2954
437141	4183
1034240	1446
2693325	84
667292	3090
2618802	248
2618802	676
2618802	1157
2618802	1736
2618802	1840
2618802	1982
2618802	1992
2618802	2616
2618802	2872
2758041	3740
2689032	409
2896522	2020
2731945	632
2731945	1055
2731945	2182
1888280	1606
1888280	1607
2795796	1098
1953518	2979
1443193	34
1443193	143
1443193	206
1443193	235
1443193	239
1443193	242
1443193	279
1443193	525
1443193	837
1801199	1689
2670474	392
2670474	398
1770846	111
1770846	116
420826	3059
2789520	1162
2789520	4044
2789520	4308
2084581	351
2084581	354
2696391	2657
2696391	2703
2100676	977
2100676	979
2100676	1132
2100676	1135
2758929	395
2099562	132
450088	775
450088	1064
450088	2563
2312341	883
2312341	2845
2794745	1227
2665668	485
2034603	2967
2034603	3399
1265656	593
1265656	594
1265656	2425
1954521	559
1954521	2155
2367095	1670
2367095	4189
806833	175
3008168	2593
2549999	380
2666400	35
2666400	1354
2666400	1356
2666400	1494
2576276	524
2721298	1420
509754	2574
509754	2575
1852044	328
1852044	335
1852044	336
1852044	338
1852044	1143
1852044	1181
1852044	1876
1852044	1877
1852044	2283
1852044	2689
1852044	2694
1852044	2838
1852044	3789
1852044	4117
1852044	4122
1852044	4291
1852044	4292
1849495	650
1849495	662
1849495	891
1849495	960
1849495	1017
1849495	1032
1849495	1182
1849495	1198
1849495	1279
1849495	1374
1849495	1375
1849495	1377
1849495	1380
1849495	1385
1849495	1661
1849495	1666
1849495	1910
1849495	1920
1849495	1985
1849495	2109
1849495	2131
1849495	2190
1849495	2430
1849495	2435
1849495	2675
1849495	2916
1849495	2924
1849495	2943
1849495	3089
1849495	3182
1849495	3213
1849495	3214
1849495	3215
1849495	3222
1849495	3236
1849495	3345
1849495	3625
1849495	3634
1849495	3635
1849495	3647
1849495	4073
1849495	4085
1849495	4086
1849495	4087
1849495	4096
1849495	4141
1849495	4253
1849495	4270
1849495	4279
2573558	877
2573558	880
2573558	908
1554736	1448
1554736	2852
2365111	1989
2637124	390
2637124	397
2637124	1852
2637124	1855
2637124	1856
2637124	2256
2637124	2464
2637124	2512
2637124	2513
2637124	2561
2637124	2986
2637124	3080
2637124	3088
2637124	3092
2637124	3747
2637124	3765
2637124	4228
2637124	4229
2637124	4230
2637124	4231
2637124	4234
2637124	4235
1895654	434
1895654	1347
339420	154
1495833	2358
1495833	2397
1129719	545
2443950	1416
2443950	1428
2443950	1429
2692655	237
1272735	131
1272735	145
1272735	992
1272735	1040
1272735	1335
1272735	1358
1272735	1399
1272735	1411
1272735	1478
1272735	1480
1272735	1795
1272735	2462
1272735	2487
1272735	2555
1272735	2612
1272735	2644
1272735	2843
1272735	2871
1272735	2892
1272735	2906
1272735	2920
1272735	3072
1272735	3346
1272735	3351
1272735	3496
1272735	3533
1272735	3611
1272735	3676
1272735	4088
1272735	4126
1272735	4152
1272735	4218
1272735	4248
1272735	4269
1272735	4276
2308045	2971
2308045	2984
2308045	3180
333298	2369
333298	2504
2729524	272
2729524	1210
2730566	345
2730566	349
2736362	39
2131767	470
2776817	1748
2440354	967
2440354	971
2456599	99
2597953	275
2597953	1232
2873227	2632
2873227	2645
2873227	3405
564060	1469
290460	722
1540157	828
2813707	1145
2813707	1898
2813707	1918
2813707	1921
2813707	2001
2813707	2229
2813707	2237
594001	1087
594001	1108
465134	2362
465134	4267
2069377	1560
2069377	3829
2069377	3830
2466621	903
2466621	2032
2466621	2150
2413595	58
526979	64
1477389	638
1477389	644
2455360	1549
2760138	321
2760138	600
2760138	615
2760138	624
2760138	719
2760138	755
2760138	1101
2760138	1908
2707057	692
2707057	702
15683	4
1452888	1608
1452888	2446
1452888	2447
1452888	2448
1452888	2449
1452888	2592
72425	1278
2709815	1265
1123398	1346
1123398	1879
1123398	1880
1123398	1884
1123398	1923
1123398	1962
1123398	2284
2689597	231
2689597	904
2689597	907
2689597	2211
2689597	2557
2689597	2558
2689597	3069
2043006	1082
2043006	1085
2271035	1030
2271035	1450
2271035	1517
2271035	1518
2271035	2065
2271035	2172
2271035	2547
2271035	2719
2271035	2761
2271035	2777
753944	109
753944	1208
753944	2196
753944	2277
1262788	2670
1262788	2729
1262788	2895
1262788	2974
1262788	3738
1262788	3739
1655116	886
1655116	894
1655116	895
1655116	898
1655116	901
1655116	932
1655116	1359
1655116	1530
1655116	1539
1655116	1711
2742531	720
1501319	814
1317935	3874
1768670	300
1768670	588
1768670	591
2282646	805
1580230	1564
1580230	1676
1580230	1861
1580230	2531
1580230	2533
1580230	2536
1580230	2537
1580230	2549
1580230	2568
1580230	2996
1580230	3279
1580230	3280
1580230	3298
1580230	3306
1580230	3453
1580230	3455
1580230	3698
1580230	3699
1145469	352
2504258	249
2504258	1907
2504258	2437
2598355	1332
2598355	1333
2753915	711
2753915	889
2760646	780
2760646	964
2760646	2152
2760646	3391
2760646	3392
2760646	4116
2613296	528
2613296	803
2613296	804
2613296	1130
2613296	1133
2613296	1134
2613296	1209
2613296	3907
2613296	3998
2613296	4255
2613296	4285
1154727	989
2079272	1114
1059783	1587
1059783	1588
1059783	2090
1059783	2125
1164135	2630
2745969	440
2745969	447
594390	4151
1886989	177
2107479	250
2333367	475
1752267	1727
2041141	483
2041141	491
2041141	758
2041141	760
2743997	2179
2373940	1739
2373940	1740
2659470	306
2659470	1090
2659470	1093
2518932	570
2518932	571
2518932	1212
2518932	1766
2518932	1767
2518932	1967
2518932	2341
2518932	2357
2518932	2460
2518932	2975
2518932	4220
2518932	4221
2409925	251
2428303	107
2428303	1149
1540438	393
1662024	1900
1662024	1904
1662024	3978
1365870	826
1365870	862
1365870	1142
1365870	3825
2114266	1244
2114266	1247
2114266	1675
2659981	1769
1212749	1697
1212749	2091
1212749	2263
2161692	308
2044741	423
2640527	243
1956509	57
1816694	982
1816694	983
1816694	986
2691801	499
2732418	1099
2307638	2233
2307638	2235
2592929	1011
2497970	546
2497970	549
2497970	785
2510012	1286
2510012	1288
2510012	1292
2510012	2018
2510012	2029
2510012	2087
2510012	2480
2510012	2907
2510012	2908
2510012	2909
2510012	2910
2510012	2911
2510012	2913
2510012	2914
2510012	2915
2510012	2918
2510012	3348
2510012	3538
2510012	3540
2510012	3541
2762517	574
2762517	769
2793079	1086
849895	1287
849895	1290
576515	23
576515	1172
576515	1175
576515	1698
3454802	3848
1492157	580
1492157	2311
798101	3327
798101	3643
798101	3748
2406786	2214
2406786	2221
2406786	2224
973451	3318
973451	3319
973451	3320
973451	3321
1989963	478
2614714	75
2891472	1926
2891472	2146
869837	1291
1896124	1832
1896124	1842
1896124	1843
1896124	1869
1896124	1993
1896124	2261
1896124	2589
2877162	2245
2877162	2288
2877162	2787
2877162	3103
2877162	3132
2877162	3270
2877162	4155
2877162	4162
2877162	4164
2378098	612
2378098	614
2378098	4169
1911015	3413
1911015	3414
1911015	3415
1911015	3416
1911015	3417
1911015	3418
1911015	4240
1911015	4241
1911015	4242
1911015	4243
1911015	4244
1911015	4245
1911015	4261
2767823	562
496775	2901
1152679	4147
2792140	1044
2792140	1046
2792140	1376
2792140	1860
2792140	2128
2792140	2325
2792140	2519
2792140	2614
2686478	189
1826740	301
1079920	198
1079920	203
1079920	208
1079920	217
1079920	297
1079920	425
1079920	652
1079920	683
1079920	685
1079920	855
1079920	948
1079920	1116
1079920	1121
1079920	1123
1079920	1126
1079920	1168
1079920	1225
1079920	1264
1079920	1277
1079920	1357
1079920	1400
1079920	1401
1079920	1406
1079920	1524
1079920	1687
1079920	1688
1079920	1768
1079920	1875
1079920	1931
1079920	1932
1079920	1938
1079920	1939
1079920	1948
1079920	1949
1079920	1951
1079920	1953
1079920	1954
1079920	1955
1079920	1956
1079920	1957
1079920	1958
1079920	1983
1079920	1997
1079920	2005
1079920	2036
1079920	2073
1079920	2076
1079920	2084
1079920	2142
1079920	2144
1079920	2177
1079920	2180
1079920	2227
1079920	2231
1079920	2255
1079920	2350
1079920	2351
1079920	2356
1079920	2406
1079920	2412
1079920	2413
1079920	2417
1079920	2418
1079920	2419
1079920	2420
1079920	2422
1079920	2440
1079920	2441
1079920	2466
1079920	2468
1079920	2470
1079920	2472
1079920	2506
1079920	2507
1079920	2523
1079920	2526
1079920	2529
1079920	2534
1079920	2535
1079920	2538
1079920	2539
1079920	2540
1079920	2541
1079920	2591
1079920	2595
1079920	2619
1079920	2622
1079920	2626
1079920	2637
1079920	2660
1079920	2664
1079920	2672
1079920	2716
1079920	2717
1079920	2720
1079920	2721
1079920	2961
1079920	2989
1079920	2991
1079920	3032
1079920	3096
1079920	3115
1079920	3116
1079920	3117
1079920	3118
1079920	3145
1079920	3147
1079920	3169
1079920	3170
1079920	3303
1079920	3616
1079920	3621
1079920	3771
1079920	4081
2642702	1213
2642702	1217
2642702	1901
2642702	1905
2642702	2498
2642702	2499
2642702	2500
2642702	2636
2642702	3179
2642702	3265
2642702	3715
2642702	4052
2642702	4200
2642702	4201
2497928	41
2497928	47
2497928	54
2497928	78
2063569	129
2628790	885
2097341	2496
1402248	238
2425338	436
2425338	443
2425338	449
2425338	457
2425338	459
2425338	740
2425338	742
2425338	744
2425338	943
2425338	944
2425338	1702
2425338	2093
1537496	2490
1537496	2688
1537496	2821
1537496	3010
1537496	3528
1537496	3619
1537496	3657
1537496	3658
1537496	4053
2656175	141
2656175	148
2656175	152
2656175	190
2656175	1620
2656175	1753
2656175	1794
2656175	1816
2656175	2103
2656175	2333
2656175	2336
2656175	2337
2656175	2608
2656175	2609
2656175	2610
2656175	2611
2656175	2733
2656175	2734
2656175	2735
2656175	3008
2656175	3009
2656175	3356
2656175	3357
2656175	3358
2656175	3359
2656175	3504
2656175	3505
2656175	3506
2656175	3941
2656175	3942
2656175	3943
2656175	3944
2656175	3945
2656175	3946
2656175	3996
2656175	3997
2656175	4180
2656175	4181
2656175	4191
2656175	4192
2656175	4196
2656175	4206
2388689	611
2388689	620
1460372	482
1460372	954
2760837	512
2760837	1306
2760837	1322
2760837	1398
2760837	2195
2760837	2463
2741386	2652
2649669	582
2649669	825
2649669	1236
2649669	1238
2649669	1241
2649669	1243
2649669	1355
2649669	1412
2649669	1413
2649669	1486
2649669	1487
2649669	1499
2649669	1613
2649669	1888
2649669	2377
2649669	2378
2649669	2379
2649669	2653
2649669	2654
2649669	3360
2649669	3380
2649669	3401
2553741	514
2242614	403
2701957	1614
1694522	1337
1694522	2178
1694522	2373
1694522	2374
1694522	2423
1694522	2577
1694522	2800
1835888	750
1145574	159
1145574	357
2786957	1159
2062129	1472
2062129	3499
2062129	3516
2668550	122
2668550	613
2668550	618
2668550	1124
2668550	1125
2668550	1360
2668550	1615
2668550	1619
685440	40
685440	43
685440	44
685440	48
685440	49
685440	3927
685440	3929
1816267	854
1175352	3564
1505595	55
1505595	2089
2902450	1977
2902450	1978
845817	286
2713367	355
2888685	2772
2888685	2830
2888685	2831
2888685	2848
2888685	3523
2888685	3610
2888685	3612
2888685	3767
2888685	3772
2888685	4055
2888685	4166
2684679	1841
2535892	975
2535892	2965
2574862	668
1495240	1407
1495240	1408
1495240	1409
2864857	1847
2492975	1174
1436411	213
1436411	221
1212315	100
1212315	590
1212315	653
1212315	660
1212315	664
1212315	838
1212315	940
1212315	941
1212315	1303
1212315	1802
1212315	1996
1212315	1999
1212315	2000
1212315	2002
1212315	2299
1212315	2415
1212315	2416
1212315	2587
1212315	3192
1212315	3335
1212315	3859
1212315	3988
1212315	3989
2621823	110
2621823	112
2685612	616
2167797	1378
2410216	1801
1276705	16
1276705	18
1276705	24
1276705	29
1276705	38
1276705	1475
1276705	1600
1276705	1601
1276705	3015
1276705	3061
1276705	3218
1892350	864
2763820	505
2508392	382
2508392	407
1367455	2266
1367455	2601
1367455	2888
1367455	2905
1367455	2912
1367455	3174
1367455	3639
1367455	3640
1367455	4203
2506229	881
1822693	2275
1364911	626
1364911	675
1364911	677
1364911	695
1364911	882
1364911	884
2722198	288
2384442	2576
2384442	3773
2384442	3774
2384442	3905
2595064	832
2595064	921
2595064	929
2039156	1761
2393765	2281
2393765	2285
2393765	2403
2393765	2485
2393765	2486
2393765	2617
2393765	2618
2393765	2643
2393765	2894
2393765	2919
2393765	3585
2393765	3841
2393765	3928
2393765	3936
2758789	418
2758789	902
1180066	270
1180066	518
1180066	521
1180066	522
1180066	1591
1180066	1706
1180066	1715
1180066	1774
1180066	1789
1180066	1851
1180066	1854
1180066	2062
1180066	2063
1180066	2298
1180066	2562
1180066	2581
1180066	2602
1180066	2620
1180066	2659
1180066	2768
1180066	2836
1180066	2837
1180066	2844
1180066	2875
1180066	2876
1180066	2877
1180066	2878
1180066	2887
1180066	2889
1180066	2899
1180066	2925
1180066	2988
1180066	3058
1180066	3150
1180066	3189
1180066	3352
1180066	3452
1180066	3503
1180066	3871
1180066	4056
1180066	4176
2241272	2208
2592473	2970
2660175	374
2660175	1079
2660175	1091
2084693	2508
2084693	2665
2084693	3784
2084693	4298
2761674	387
878967	209
2602745	92
2602745	807
511800	465
2294180	363
2557291	261
2675890	1725
2675890	1726
679943	1107
1794586	337
2228483	246
1470420	2740
1470420	2758
1470420	2833
1882894	1119
1882894	1120
2326778	216
1368257	205
2725798	460
2725798	467
1687228	3266
1687228	3267
1687228	3291
1687228	3441
1687228	3559
1687228	3686
1687228	3687
1687228	3741
2558278	1194
2558278	1246
2558278	1253
2558278	1388
2558278	1444
2558278	1650
2558278	1870
2558278	2215
2558278	2289
2665659	1980
2665659	1981
2665659	2012
2665659	2013
2665659	2375
2481805	486
2544984	1083
2544984	1084
439132	917
916246	1563
2867260	1680
2867260	1682
2867260	1765
1054072	1632
1054072	1633
1894087	2982
2569677	651
2569677	845
2569677	2824
1918934	1481
1918934	1651
1918934	1969
1918934	1972
1918934	1975
1918934	2135
1918934	2137
1918934	2138
1918934	2140
1918934	2564
1918934	2631
1918934	2634
1918934	2635
1918934	3817
2719417	713
2719417	1909
2719417	3574
369714	2171
369714	2173
369714	2174
369714	2175
369714	3642
2086890	1163
2086890	1164
2562150	2141
2562150	2143
2596644	259
2328171	1590
2328171	1592
2609032	245
2609032	998
2609032	999
2609032	3071
2609032	4125
2125727	752
2125727	757
1541572	1178
1541572	1784
2873004	2045
1571304	500
1571304	517
1571304	519
1571304	1418
1187252	113
1187252	1368
1187252	1369
1187252	1603
1187252	2753
1187252	2754
1187252	2999
1187252	3000
1187252	3007
1784256	816
1784256	2066
1784256	2067
1784256	2068
1784256	2069
1784256	2306
1784256	2363
1784256	2532
1784256	2625
1784256	2627
1784256	2693
1784256	3295
2792506	1152
2792506	1153
2792506	1166
2792506	2003
2792506	2117
2792506	2118
2792506	2126
2020836	10
2020836	1165
2646849	2133
1169764	988
1169764	1016
618675	492
618675	508
2439337	693
1593273	1912
1340232	878
2709894	1257
2614785	696
2614785	731
2614785	1690
2614785	2359
2614785	2360
2614785	2795
2614785	4094
2614785	4172
2631234	776
2631234	788
2631234	2147
2631234	4049
1477593	1716
2616087	824
2616087	1035
2616087	1037
2616087	1038
2616087	1039
2616087	1041
2616087	1043
2616087	1047
2616087	1051
2616087	4306
2616087	4312
2046022	448
2461489	473
2461489	961
2461489	4029
2603931	1653
2603931	2226
2603931	2681
2603931	2692
2603931	2963
2603931	2973
2603931	3017
2603931	3064
2603931	3322
2603931	3476
2603931	3649
2603931	3785
2603931	4188
2603931	4214
2603931	4247
2603931	4258
2603931	4262
2549164	4263
1887943	586
1803082	3718
1803082	3719
1803082	3723
1803082	3782
1803082	4103
1803082	4105
1803082	4129
1803082	4130
1803082	4132
1803082	4136
1803082	4145
1803082	4157
1803082	4160
1803082	4163
1803082	4193
1803082	4204
1803082	4237
1803082	4280
1803082	4287
1803082	4293
1803082	4297
1803082	4299
1803082	4301
2689482	735
517871	31
517871	523
517871	526
1880614	1267
1880614	1268
1880614	1270
1880614	1272
1880614	1273
1403699	2207
1403699	2287
1403699	2291
1403699	2335
1403699	4257
702248	3105
702248	3636
702248	3706
702248	3729
702248	4182
702248	4260
702248	4264
2627292	2055
2627292	2056
2627292	2057
1861418	479
1532137	601
1532137	823
2591103	576
1237965	2204
2752931	350
2752931	1065
2712069	6
2424385	2072
1771489	1403
1771489	1405
1771489	2553
1443900	3648
1572191	587
249987	564
249987	2257
249987	3632
249987	4003
2735767	1004
2735767	1007
2735767	3411
2155279	851
2155279	1824
2688290	130
2688290	629
2688290	890
1099493	1003
2673360	228
2387660	95
1257381	2030
992593	3921
1331897	3478
1331897	3702
1331897	3758
1331897	3759
1331897	3964
1331897	3965
1331897	3967
1331897	3995
1454226	510
1408330	547
1408330	548
2722088	417
2722088	426
2722088	1744
2722088	4170
2672528	1010
1906693	102
2560975	1067
2560975	1070
2618775	1387
2734427	980
2734427	981
1743419	2711
1743419	2712
1978232	26
1978232	27
1978232	28
1978232	30
2634798	2931
2634798	3193
245850	1094
1593911	2405
1593911	2426
1593911	2527
1593911	3780
1593911	3798
2756584	341
2756584	353
2756584	2959
2756584	2960
2756584	3082
2756584	3085
2756584	3086
2756584	3087
2756584	3144
2756584	3146
2756584	3421
2102729	332
2564282	530
2564282	531
2564282	532
2564282	782
2564282	783
2623795	394
1813221	184
2538343	595
2538343	596
2538343	599
2362953	1490
2728237	1334
2728237	1336
2170887	536
2418610	1206
1023666	4236
1691298	5
1691298	33
1691298	42
1691298	45
1691298	136
1691298	155
1691298	176
1691298	327
1691298	1462
1691298	1755
1691298	1756
1691298	1758
1691298	1759
1691298	1775
1691298	1778
1691298	2009
1691298	2010
1691298	2094
1691298	2105
1691298	2145
1691298	2183
1691298	2228
1691298	2272
1691298	2312
1691298	2315
1691298	2347
1691298	2349
1691298	2352
1691298	2353
1691298	2384
1691298	2474
1691298	2478
1691298	2489
1691298	2854
1691298	2856
1691298	2858
1691298	2859
1691298	2860
1691298	2885
1691298	2891
1691298	3154
1691298	3427
1691298	3665
1691298	4144
2729150	2680
2755581	709
2755581	710
2755581	4140
2119803	3168
2708388	494
2708388	496
2708388	497
2708388	498
2708388	2230
1145642	333
2542778	1187
2542778	1188
2706882	2102
2706882	2488
2598538	1240
1857555	416
855177	2034
1264239	1297
1012326	1451
1012326	1586
1012326	1836
1012326	1839
1012326	1844
1012326	1916
1012326	1936
1012326	1940
1012326	1941
1012326	2006
1012326	2007
1012326	2008
1012326	2041
1012326	2042
1012326	2043
1012326	2049
1012326	2058
1012326	2092
1012326	2096
1012326	2163
1012326	2236
1012326	2265
1012326	2269
1012326	2270
1012326	2271
1012326	2292
1012326	2294
1012326	2295
1012326	2370
1012326	2398
1012326	2658
1012326	2661
1012326	2662
1012326	2663
1012326	2671
1012326	2715
1012326	2928
1012326	2929
1012326	2930
1012326	2993
1012326	2994
1012326	2995
1012326	3022
1012326	3023
1012326	3037
1012326	3110
1012326	3112
1012326	3113
1012326	3114
1012326	3138
1012326	3308
1649989	400
1649989	589
1649989	671
1649989	672
1649989	684
1649989	724
1649989	728
1649989	729
1649989	827
1649989	829
1649989	830
1649989	835
1649989	836
1649989	839
1649989	1000
1649989	1006
1649989	1009
1649989	1022
1649989	1160
1649989	1161
1649989	1216
1649989	1220
1649989	1296
1649989	1351
1649989	1365
1649989	1366
1649989	1432
1649989	1496
1649989	1498
1649989	1500
1649989	1622
1649989	1623
1649989	1625
1649989	1626
1649989	1696
1649989	1733
1649989	1734
1649989	1735
1649989	1737
1649989	1738
1649989	1804
1649989	1805
1649989	1806
1649989	1808
1649989	1831
1649989	1871
1649989	1903
1649989	1906
1649989	1924
1649989	1968
1649989	1971
1649989	1974
1649989	2022
1649989	2023
1649989	2024
1649989	2026
1649989	2031
1649989	2167
1649989	2217
1649989	2218
1649989	2219
1649989	2330
1649989	2332
1649989	2334
1649989	2364
1649989	2391
1649989	2395
1649989	2401
1649989	2409
1649989	2414
1649989	2427
1649989	2444
1649989	2492
1649989	2502
1649989	2510
1649989	2613
1649989	2684
1649989	2685
1649989	2880
1649989	2881
1649989	2882
1649989	2883
1649989	2884
1649989	2886
1649989	2903
1649989	2951
1649989	2952
1649989	2955
1649989	2968
1649989	3073
1649989	3074
1649989	3160
1649989	3161
1649989	3162
1649989	3163
1649989	3190
1649989	3271
1649989	3273
1649989	3432
1649989	3433
1649989	3443
1649989	3445
1649989	3458
1649989	3480
1649989	3483
1649989	3485
1649989	3489
1649989	3490
1649989	3491
1649989	3500
1649989	3697
1649989	3730
1649989	4134
1649989	4205
1649989	4208
1649989	4249
1649989	4250
1656015	81
1656015	2014
1656015	3054
1656015	3175
1656015	4097
2659984	303
2659984	1260
2659984	1262
2659984	1263
2659984	1266
2659984	1544
2659984	1551
2659984	1557
2659984	1642
2659984	1810
2659984	1928
2659984	1929
2659984	1930
2659984	2156
2659984	2157
2659984	2225
2659984	2246
2659984	2301
2659984	2385
2659984	2428
2659984	2454
2659984	2515
2659984	2516
2659984	2517
2659984	2565
2659984	2566
2659984	2623
2659984	2624
2659984	2704
2659984	2709
2659984	2757
2659984	2773
2659984	2778
2659984	2945
2659984	3019
2659984	3020
2659984	3021
2659984	3028
2659984	3140
2659984	3141
2659984	3200
2659984	3201
2659984	3293
2659984	3304
2659984	3333
2659984	3372
2659984	3396
2659984	3397
2659984	3422
2659984	3428
2659984	3444
2659984	3457
2659984	3525
2659984	3526
2659984	3527
2659984	3530
2659984	3650
2659984	3651
2659984	3652
2659984	3915
2659984	3916
2659984	3917
2659984	4002
2659984	4004
2659984	4005
2659984	4037
2659984	4158
2659984	4159
2659984	4161
2659984	4216
2659984	4217
2659984	4288
2659984	4289
2659984	4290
2531281	2239
2531281	2242
2531281	2243
2531281	2244
2531281	2828
53669	1641
53669	2074
53669	2079
53669	2216
53669	2223
53669	2262
53669	2544
53669	2638
53669	2738
53669	2742
53669	2775
53669	2776
53669	2779
53669	2781
53669	2782
53669	2820
53669	2825
53669	2826
53669	2829
53669	2900
53669	2944
53669	2998
53669	3039
53669	3040
53669	3042
53669	3079
53669	3104
53669	3106
53669	3124
53669	3155
53669	3157
53669	3187
53669	3285
53669	3300
53669	3400
53669	3551
53669	3646
53669	3664
53669	3675
53669	3902
53669	3999
53669	4121
53669	4123
53669	4224
53669	4226
53669	4295
53669	4304
1616686	2436
2101038	454
2101038	509
2508528	1328
2508528	1553
2508528	2305
2508528	2467
655034	1942
856127	789
856127	790
2154380	3637
2154380	4222
2342033	951
2342033	956
2342033	957
2342033	958
2342033	1203
2342033	1579
2342033	1580
2342033	1582
2342033	1780
2342033	1859
2342033	2241
2342033	2596
2342033	4307
2578645	694
2552492	1100
2547384	263
2744666	260
2747496	101
2414186	200
2414186	214
2414186	224
2414186	230
2414186	234
2414186	240
2414186	608
2414186	820
2414186	1013
2414186	1014
2414186	1019
2414186	1020
2414186	1021
2414186	1024
2414186	1144
2414186	1434
2414186	1578
2414186	1963
2414186	1973
2414186	1998
2414186	2166
2414186	2429
2414186	2450
2414186	2465
2414186	2509
2414186	2586
2414186	2746
2414186	2747
2414186	2832
2414186	2851
2414186	2879
2414186	3171
2414186	3172
2414186	3173
2414186	3207
2414186	3260
2414186	3315
2414186	3328
2414186	3329
2414186	3402
2414186	3406
2414186	3407
2414186	3435
2414186	3515
2414186	3535
2414186	3581
2414186	3596
2414186	3601
2414186	3617
2414186	3656
2414186	3809
2414186	3811
2414186	3823
2414186	3826
2414186	3835
2414186	3836
2414186	3870
2414186	3872
2414186	3880
2414186	3897
2414186	3899
2414186	3911
2414186	3923
2414186	3949
2414186	3951
2414186	4119
2414186	4142
2414186	4178
2414186	4179
2414186	4215
2414186	4283
2414186	4302
2414186	4305
1004418	3368
1004418	3369
1004418	3373
1336631	1251
2620142	558
2530026	265
2530026	268
2530026	411
2530026	1196
2530026	1371
2530026	1685
2530026	1705
2616719	563
1998450	1617
2177453	3800
2779646	774
2643590	3366
936060	1911
2723221	1546
2723221	1548
2522949	1731
2764862	2184
2764862	2201
2764862	2483
2764862	2629
2764862	2642
2764862	2797
2764862	2801
2764862	2865
2764862	2866
2764862	2867
2764862	2992
2764862	3053
2764862	3055
2764862	3111
2764862	3176
2764862	3906
2517160	2340
1472840	1655
1472840	1656
2640737	1382
2229579	19
2229579	602
2229579	879
2229579	1002
2229579	1222
2229579	1235
2229579	1276
2229579	1353
2229579	1491
2229579	1495
2229579	1604
2229579	1605
2229579	1612
2229579	1621
2229579	1627
2229579	1728
2229579	1787
2229579	1791
2229579	1792
2229579	1793
2229579	1813
2229579	1965
2229579	2021
2229579	2095
2229579	2187
2229579	2276
2229579	2278
2229579	2317
2229579	2319
2229579	2321
2229579	2322
2229579	2327
2229579	2383
2229579	2396
2229579	2407
2229579	2445
2229579	2484
2229579	2551
2229579	2603
2229579	2604
2229579	2606
2229579	2648
2229579	2676
2229579	2678
2229579	2722
2229579	2818
2229579	2819
2229579	2823
2229579	2864
2229579	2946
2229579	2950
2229579	3033
2229579	3065
2229579	3119
2229579	3166
2229579	3178
2229579	3196
2229579	3310
2229579	3331
2229579	3347
2229579	3404
2229579	3408
2229579	3442
2229579	3560
2229579	3569
2229579	3575
2229579	3576
2229579	3577
2229579	3597
2229579	3644
2229579	3670
2229579	3671
2229579	3694
2229579	3704
2229579	3705
2229579	3710
2229579	3711
2229579	3720
2229579	3744
2229579	3749
2229579	3750
2229579	3762
2229579	3786
2229579	3796
2229579	3797
2229579	3799
2229579	3818
2229579	3879
2229579	3881
2229579	3908
2229579	3925
2229579	3930
2229579	3932
2229579	3948
2229579	4000
2229579	4051
2229579	4079
2229579	4115
2229579	4265
2229579	4294
2229579	4303
2229579	4309
2598262	2410
1068202	63
58521	3101
58521	3323
2708608	253
1436840	1677
1436840	2232
1436840	2835
1436840	3419
1436840	3420
1436840	4165
2543758	723
2543758	772
2543758	938
2543758	939
2543758	1113
2543758	1223
2543758	1269
2543758	1293
2543758	1298
2543758	1304
2543758	1310
2543758	1313
2543758	1314
2543758	1317
2543758	1373
2543758	1479
2543758	1501
2543758	1515
2543758	1565
2543758	1610
2543758	1674
2543758	1819
2543758	1933
2543758	1934
2543758	1964
2543758	1991
2543758	2011
2543758	2015
2543758	2025
2543758	2035
2543758	2053
2543758	2064
2543758	2077
2543758	2154
2543758	2188
2543758	2193
2543758	2222
2543758	2254
2543758	2258
2543758	2282
2543758	2320
2543758	2443
2543758	2451
2543758	2452
2543758	2641
2543758	2646
2543758	2647
2543758	2649
2543758	2679
2543758	2783
2543758	2868
2543758	2923
2543758	2932
2543758	2958
2543758	2964
2543758	3060
2543758	3063
2543758	3066
2543758	3107
2543758	3135
2543758	3195
2543758	3645
2696724	2392
2194021	1001
2679774	706
2679774	707
2679774	806
2679774	912
2679774	1012
2679774	1015
2679774	1390
2059989	679
1217237	1630
1217237	1640
1217237	1657
1217237	1665
2720794	197
2163396	211
2571376	965
2571376	1436
2571376	1437
2571376	2192
2518497	1519
2518497	1649
2755561	1237
2755561	1242
2364186	555
2364186	556
2364186	581
2364186	659
2364186	3131
2364186	3255
2364186	3618
2364186	3851
2364186	4278
3306906	3655
2672591	924
2786892	1476
2333408	1597
2341910	1364
2341910	1379
2341910	1554
2341910	1822
2341910	1867
858097	4062
2761303	1757
2761303	1764
2761303	4281
2568974	1005
1530260	856
1530260	857
1048810	4300
2759176	477
2767668	598
1863774	1616
1863774	1636
1863774	3011
1863774	3403
1863774	3410
1863774	3752
1863774	3753
1863774	3764
1863774	3983
1863774	3984
1863774	3985
1863774	4008
1863774	4043
1863774	4050
1863774	4128
2533178	266
1863913	568
1863913	1136
2222010	897
1412878	2424
2020108	1042
2020108	1045
2058995	2511
2638701	2234
2755115	191
3138489	3205
3138489	3337
2717788	1611
2701585	3746
1939360	1807
2125942	172
2125942	1559
2125942	1643
2568697	342
2921147	2578
2645967	340
2645967	1381
2645967	1815
2469651	515
1591661	2656
1591661	2874
1591661	2927
1591661	2947
1591661	2957
1591661	3532
1591661	3539
1591661	3548
630016	331
630016	346
1552685	127
1552685	291
1168226	2380
1168226	2381
1168226	2382
1168226	2399
1168226	2400
1168226	2605
2114271	1170
1547625	264
494483	736
494483	935
494483	1571
1954778	14
1341474	2962
2421322	2743
485613	681
2697764	326
1688945	372
1688945	373
1688945	376
462163	3608
2678655	1558
2678655	1671
2678655	1672
2678655	1762
2678655	1833
2678655	1834
2678655	1835
2678655	2567
2678655	2744
2678655	2784
2678655	2785
2678655	2827
2678655	3339
2678655	4138
2666507	310
2666507	781
2666507	1074
2666507	1410
2666507	1528
2666507	1868
2666507	2528
2666507	2530
2666507	2695
2666507	2780
2666507	2789
2666507	2791
2666507	2985
2666507	3148
2666507	3149
2666507	3235
2666507	3237
2666507	3238
2666507	3246
2666507	3263
2666507	3264
2666507	3268
2666507	3269
2666507	3281
2666507	3292
2666507	3305
2666507	3374
2666507	3375
2666507	3377
2666507	3439
2666507	3488
2666507	3498
2666507	3622
2666507	3667
2666507	3695
2666507	3696
2666507	3735
2666507	3736
2666507	3755
2666507	3757
2666507	3761
2666507	3763
2666507	3787
2666507	3793
2666507	3950
2666507	4001
2666507	4032
2666507	4033
2420919	424
2420919	953
2420919	1072
2420919	1076
2420919	1077
2420919	1080
2420919	1502
2420919	2834
2420919	3016
2420919	3018
2420919	3024
2420919	3046
2420919	3047
2420919	3048
2420919	3067
2420919	3068
2420919	3075
2420919	3076
2420919	3077
2420919	3083
2420919	3084
2420919	3097
2420919	3098
2420919	3099
2420919	3108
2420919	3109
2420919	3121
2420919	3122
2420919	3123
2420919	3128
2420919	3133
2420919	3136
2420919	3137
2420919	3143
2420919	3199
2420919	3202
2420919	3203
2420919	3204
2420919	3206
2420919	3223
2420919	3228
2420919	3231
2420919	3239
2420919	3240
2420919	3242
2420919	3244
2420919	3248
2420919	3249
2420919	3250
2420919	3258
2420919	3286
2420919	3287
2420919	3290
2420919	3342
2420919	3343
2420919	3344
2420919	3361
2420919	3363
2420919	3370
2420919	3371
2420919	3507
2420919	3508
2420919	3510
2420919	3513
2420919	3514
2420919	3520
2420919	3529
2420919	3557
2420919	3558
2420919	3561
2420919	3562
2420919	3563
2420919	3567
2420919	3570
2420919	3573
2420919	3578
2420919	3583
2420919	3584
2420919	3587
2420919	3589
2420919	3590
2420919	3592
2420919	3593
2420919	3594
2420919	3595
2420919	3602
2420919	3605
2420919	3606
2420919	3659
2420919	3682
2420919	3683
2420919	3684
2420919	3685
2420919	3713
2420919	3714
2420919	3728
2420919	3801
2420919	3802
2420919	3803
2420919	3807
2420919	3812
2420919	3813
2420919	3814
2420919	3815
2420919	3844
2420919	3845
2420919	3846
2420919	3847
2420919	3849
2420919	3850
2420919	3853
2420919	3854
2420919	3855
2420919	3862
2420919	3863
2420919	3864
2420919	3866
2420919	3867
2420919	3868
2420919	3891
2420919	3892
2420919	3894
2420919	3895
2420919	3904
2420919	3924
2420919	3947
2420919	3953
2420919	3955
2420919	3957
2420919	3958
2420919	3959
2420919	3960
2420919	3961
2420919	3980
2420919	3981
2420919	3982
2420919	4148
2420919	4149
2420919	4150
2420919	4194
2420919	4195
2420919	4197
1224375	687
1224375	688
1224375	3700
1224375	3701
1224375	4143
995410	699
995410	700
995410	701
995410	1049
995410	1053
995410	1075
995410	1183
995410	1184
995410	1986
995410	1988
995410	2198
995410	2293
995410	2686
995410	2980
995410	3546
995410	3571
995410	3572
995410	3582
995410	3725
995410	3966
995410	4054
2770702	754
2770702	756
2770702	759
2770702	1199
1925583	925
2669782	462
2669782	501
2669782	623
2669782	627
2700167	441
2700167	446
1054120	3542
1054120	3669
1217335	46
1217335	1008
1217335	1550
1217335	2203
2398428	633
2398428	634
2398428	641
2398428	643
2398428	1540
2398428	1547
260803	2181
260803	2376
260803	2582
260803	3568
260803	3603
260803	3672
260803	3794
260803	4168
260803	4212
2293677	487
2293677	490
2293677	1103
2293677	1104
2293677	1231
2293677	1274
2293677	1419
2293677	1899
2293677	1902
630483	1250
2583299	2972
524759	1391
524759	1392
524759	1394
524759	1782
2756103	236
1763536	330
1763536	1089
2752978	427
1712492	561
2168166	3456
1798329	138
2850839	4071
1621835	1796
1621835	1797
1621835	1798
2542171	404
2542171	413
2734677	343
2734677	2158
1474140	1
1474140	2
1474140	3
1474140	1102
1474140	1224
1474140	1349
1474140	1454
1474140	1455
1474140	1458
1474140	1459
1474140	1631
1474140	1635
1474140	1683
1474140	1742
1474140	1743
1474140	1746
1474140	1747
1474140	1749
1474140	1788
1474140	1829
1474140	1883
1474140	1887
1474140	1891
1474140	1946
1474140	1960
1474140	2046
1474140	2048
1474140	2050
1474140	2051
1474140	2197
1474140	2199
1474140	2200
1474140	2279
1474140	2297
1474140	2300
1474140	2323
1474140	2326
1474140	2328
1474140	2329
1474140	2361
1474140	2365
1474140	2366
1474140	2367
1474140	2368
1474140	2389
1474140	2390
1474140	2434
1474140	2482
1474140	2493
1474140	2514
1474140	2518
1474140	2556
1474140	2571
1474140	2573
1474140	2803
1474140	2805
1474140	2806
1474140	2807
1474140	2808
1474140	2809
1474140	2810
1474140	2814
1474140	2815
1474140	2816
1474140	2862
1474140	2863
1474140	2869
1474140	2870
1474140	2904
1474140	3256
1474140	3257
1474140	3259
1474140	3282
1474140	3341
1474140	3365
1474140	3367
1474140	3389
1474140	3473
1474140	3474
1474140	3475
1474140	3477
1474140	3479
1474140	3492
1474140	3518
1474140	3776
1474140	3777
1474140	3778
1474140	3779
1474140	3783
1474140	3788
1474140	3804
1474140	3805
1474140	3806
1474140	3808
1474140	3834
1474140	3837
1474140	3838
1474140	3839
1474140	3840
1474140	3842
1474140	3843
1474140	3860
1474140	3884
1474140	3885
1474140	3886
1474140	3887
1474140	3888
1474140	3900
1474140	3901
1474140	3909
1474140	3910
2888511	2346
2755414	1060
2755414	1061
2755414	1062
2755414	1281
2755414	1284
2755414	1652
2421309	1463
2421309	1561
2421309	1691
2421309	1692
2421309	1694
2421309	1695
2421309	2264
2421309	2267
2421309	2268
2421309	2666
2421309	2667
2421309	2669
2421309	2793
2421309	2796
2421309	2798
2421309	2804
2421309	2812
2421309	2813
2421309	2953
2421309	2956
2421309	3307
2421309	3626
2421309	3627
2421309	3628
2421309	3828
2421309	4058
2421309	4074
2421309	4082
2421309	4083
2421309	4090
2421309	4092
2421309	4093
2749999	20
2464172	76
1435225	474
1435225	1109
1435225	1111
1435225	1275
1435225	1527
1067463	1189
1735092	142
1735092	182
1735092	617
2461613	1226
2461613	2238
2461613	2752
2461613	3509
2461613	3517
2461613	3733
2461613	3737
2461613	3775
2461613	3831
2461613	4225
604382	1821
2393146	299
1696892	1525
2562711	811
2562711	812
546866	2792
3003705	2550
2029693	3288
2029693	3296
2659866	1191
2659866	2542
2659866	2543
2659866	2935
2659866	3438
2659866	3447
2659866	3448
2659866	3450
2659866	3461
2659866	3472
2659866	3742
2659866	3743
2505189	1396
2505189	1397
1798279	2628
1798279	2668
1798279	3034
1798279	3129
1798279	3194
1798279	3230
1798279	4046
1798279	4047
1798279	4251
2215772	146
9678	283
2885765	1896
2270131	1732
2270131	1750
2270131	1913
2270131	2342
2270131	2343
2270131	2594
2270131	2599
2270131	2850
2270131	2897
2270131	2939
2270131	2976
2270131	3229
2270131	3284
2270131	3302
2270131	3425
2270131	3468
2270131	3604
2270131	3680
2270131	3690
2270131	3691
2270131	3709
2270131	3712
2270131	3721
2270131	3727
2270131	3756
2270131	3769
2270131	3770
2270131	3861
2270131	3889
2270131	3896
2270131	3903
2270131	3918
2270131	4067
2270131	4077
2270131	4207
2270131	4213
2300290	896
2300290	905
2300290	914
2507939	428
2507939	430
723430	267
2698322	405
1750865	2019
1750865	2431
1750865	2432
1750865	2433
1855126	61
2634579	169
1866598	2713
1866598	3326
1866598	3493
1866598	3494
1866598	3495
1866598	3497
1866598	3522
1866598	3824
1866598	3993
1866598	3994
1866598	4009
1866598	4010
1866598	4038
1866598	4098
1866598	4124
1866598	4175
2245054	1088
2653568	1507
2653568	2205
2653568	2313
2653568	2314
2653568	2344
2653568	2737
2653568	2893
2653568	3005
2653568	3027
2653568	3056
2653568	3093
2653568	3094
2653568	3184
2653568	3185
2653568	3186
2653568	3429
2653568	3430
2653568	3440
2653568	3751
2653568	3766
2653568	4039
2653568	4040
2653568	4041
2653568	4095
2653568	4277
2653568	4282
2445753	737
2445753	741
2445753	852
2445753	1056
2445753	1348
2445753	1741
2445753	1823
2445753	1826
2445753	1862
2445753	2161
2445753	2302
2445753	2303
2445753	2394
2445753	2847
2445753	2902
2445753	3272
2445753	3398
2445753	3609
2445753	3919
2445753	3920
2445753	4036
2416956	2148
2416956	2149
2359136	151
1539921	254
2603824	1200
2603824	1214
2603824	1219
2603824	1545
2603824	1890
2603824	1892
2603824	1894
2603824	1895
2603824	1976
2603824	1979
2603824	1984
2603824	1987
2603824	2119
2603824	2388
2603824	2494
2603824	2501
2603824	2503
2603824	2570
2603824	2572
2603824	2584
2603824	2697
2603824	2822
2603824	2933
2603824	2934
2603824	2936
2603824	2937
2603824	2938
2603824	3006
2603824	3029
2603824	3208
2603824	3212
2603824	3217
2603824	3221
2603824	3233
2603824	3247
2603824	3301
2603824	3511
2603824	3512
2603824	3599
2603824	3623
2603824	3666
2603824	3678
2603824	3731
2603824	3790
2603824	3792
2603824	3956
2603824	4061
2603824	4068
2603824	4078
2603824	4089
2603824	4223
2764625	535
727825	1790
843790	1809
1050887	843
1050887	844
1050887	1772
1050887	2176
2278586	2309
2760421	648
2760421	649
1772616	2458
1772616	3325
1772616	3660
1772616	3970
1772616	3972
1772616	4271
1772616	4272
2492252	635
2492252	655
2492252	658
2492252	1233
2492252	1234
2492252	1570
2492252	2189
2492252	2191
2492252	2491
2492252	2615
2492252	2978
2492252	3100
2492252	3324
2492252	3423
2492252	3424
2492252	3703
2492252	4059
2492252	4060
2492252	4063
2492252	4156
2492252	4296
1725471	179
398118	2202
398118	2705
2741418	2456
2177686	495
2220256	815
3196535	3313
2655729	204
480366	2345
322821	2442
322821	2723
322821	3095
322821	3935
17893	87
17893	88
2638616	669
2638616	2220
1987314	3454
2073858	276
2073858	277
2073858	369
2073858	438
257111	1180
1867530	1066
1867530	1078
2713929	323
2339028	2101
2339028	2766
2339028	2767
2501722	1255
2501722	4227
1974503	2304
1905997	481
1905997	484
1905997	488
1905997	763
1905997	933
1905997	1593
1905997	1594
2443081	125
2443081	126
2424456	786
2424456	1092
2424456	2990
2564198	50
634961	725
634961	1338
2460783	273
2662131	219
2662131	821
990495	822
990495	853
990495	1514
990495	1970
1191938	747
1191938	748
1982984	278
681637	1602
996087	2725
996087	2769
996087	2786
996087	2861
996087	3692
2174855	2139
398949	2421
398949	2522
398949	2583
398949	2585
398949	2607
398949	2650
398949	2651
398949	2677
398949	2890
398949	3001
398949	3026
398949	3197
398949	3198
398949	3311
398949	3312
398949	3364
398949	3677
398949	3754
398949	3922
398949	4127
398949	4131
398949	4133
398949	4146
2619051	150
2774544	673
2774544	680
2774544	686
2774544	689
2774544	690
2898199	2044
2898199	2404
1823483	1897
2747645	344
2222212	4259
2742404	753
727542	817
727542	818
1054249	72
1054249	529
1152572	2455
329555	2633
329555	4118
329555	4167
329555	4238
329555	4239
329555	4286
1706862	712
1706862	715
2707561	1720
2397453	1249
2397453	1881
1933719	1468
2638101	2240
2638101	2393
2638101	2940
2638101	3159
2638101	3314
2638101	3519
2638101	3521
1234254	2560
1234254	2590
1234254	3638
1234254	4186
2448753	942
2741913	2690
2741913	2691
2741913	2749
2741913	2917
2741913	2922
2741913	2926
2741913	2948
2741913	2949
2741913	2977
2741913	3156
2741913	3188
2741913	3216
2741913	3309
2741913	3334
2741913	3338
2741913	3349
2741913	3350
2741913	3354
2741913	3464
2741913	3465
2741913	3466
2741913	3467
2741913	3481
2741913	3482
2741913	3598
2741913	3615
2741913	3827
2741913	3882
2741913	3890
2741913	3893
2741913	3926
2741913	3931
2741913	4120
2741913	4185
2741913	4187
2741913	4198
2741913	4199
1023020	985
2764003	471
743217	867
743217	871
743217	873
743217	874
743217	876
2718706	67
2737191	779
2737191	1439
2737191	1441
2737191	2310
2737191	4045
2017042	118
2017042	120
2017042	128
2017042	149
1523118	1128
2829471	1367
2532297	389
2532297	1668
2397779	802
2397779	1712
2397779	1714
2397779	1760
2397779	2153
2397779	2159
2397779	2170
2397779	2372
2397779	2411
2397779	2687
2397779	2748
2397779	2802
2397779	2853
2397779	2855
2397779	2981
2397779	3151
2397779	3152
2397779	3153
2397779	3181
2397779	3297
2397779	3629
2397779	3630
2397779	3760
2397779	3952
2397779	3979
2397779	4137
2397779	4139
2397779	4173
2397779	4268
1168356	661
1168356	766
1168356	767
1168356	771
1168356	1707
1168356	1709
1168356	1717
1168356	1718
1168356	2316
287872	1059
287872	1063
287872	2459
287872	2639
287872	3336
2228711	1331
2228711	1466
2228711	3795
2225517	1122
