3	0.008695652
4	0.008695652
2903	0.747826086
3637	0.147826086
3970	0.747826086
4499	0.747826086
5264	0.626086956
5265	0.017391304
5570	0.017391304
6048	0.008695652
6190	0.747826086
6732	0.747826086
7153	0.008695652
7394	0.747826086
7646	0.182608695
7675	0.739130434
7829	0.008695652
8381	0.139130434
8573	0.139130434
11285	0.069565217
12643	0.756521739
13533	0.008695652
14687	0.017391304
15227	0.008695652
16987	0.747826086
17664	0.139130434
18506	0.739130434
18642	0.008695652
20571	0.008695652
20687	0.017391304
20990	0.234782608
21283	0.747826086
22849	0.017391304
23889	0.113043478
26066	0.008695652
30473	0.747826086
30959	0.017391304
31063	0.400000000
31612	0.747826086
33995	0.139130434
36010	0.052173913
36017	0.017391304
38596	0.069565217
38812	0.747826086
39680	0.260869565
39955	0.017391304
40260	0.008695652
40303	0.747826086
40439	0.017391304
44033	0.443478260
44144	0.017391304
44479	0.008695652
45381	0.747826086
45415	0.008695652
45975	0.017391304
46277	0.008695652
48340	0.739130434
50249	0.747826086
50258	0.234782608
50682	0.234782608
52980	0.026086956
53451	0.017391304
53669	0.756521739
54564	0.008695652
55792	0.017391304
55866	0.008695652
56038	0.234782608
56801	0.747826086
57347	0.747826086
58521	0.739130434
60747	0.747826086
62528	0.747826086
63979	0.234782608
64633	0.008695652
64757	0.173913043
67798	0.017391304
68875	0.026086956
69405	0.017391304
72425	0.695652173
75950	0.008695652
79557	0.086956521
83742	0.008695652
87448	0.747826086
87937	0.321739130
89395	0.747826086
89452	0.747826086
93520	0.582608695
95443	0.234782608
95925	0.356521739
99379	0.008695652
101635	0.747826086
101775	0.739130434
103697	0.382608695
104238	0.747826086
107328	0.747826086
108893	0.008695652
110285	0.321739130
110618	0.747826086
113899	0.069565217
115471	0.278260869
120044	0.695652173
121043	0.747826086
122138	0.017391304
122458	0.017391304
123252	0.017391304
127763	0.008695652
128091	0.017391304
129362	0.747826086
129568	0.017391304
129668	0.069565217
130150	0.747826086
131751	0.104347826
134082	0.008695652
135733	0.313043478
139100	0.008695652
144384	0.017391304
150908	0.017391304
152221	0.747826086
153226	0.104347826
156246	0.008695652
157241	0.017391304
157561	0.234782608
160846	0.060869565
162508	0.017391304
164864	0.017391304
165449	0.234782608
168527	0.139130434
168985	0.060869565
170417	0.017391304
170601	0.234782608
180208	0.747826086
188212	0.313043478
191041	0.008695652
194638	0.747826086
194732	0.747826086
202750	0.747826086
206873	0.234782608
209051	0.026086956
209192	0.069565217
213454	0.017391304
216708	0.756521739
219756	0.747826086
221385	0.695652173
222446	0.747826086
226432	0.017391304
226446	0.747826086
226595	0.017391304
228740	0.043478260
230893	0.182608695
232502	0.747826086
233126	0.747826086
234495	0.113043478
235546	0.026086956
241605	0.756521739
242447	0.017391304
243154	0.008695652
245850	0.052173913
247686	0.008695652
249315	0.643478260
249987	0.565217391
251123	0.008695652
251338	0.626086956
251590	0.017391304
252843	0.026086956
253451	0.008695652
254150	0.139130434
255766	0.008695652
255938	0.739130434
256355	0.747826086
256945	0.747826086
257111	0.026086956
257142	0.034782608
257868	0.017391304
257981	0.043478260
259903	0.747826086
260803	0.747826086
261095	0.156521739
261438	0.747826086
261534	0.008695652
262131	0.008695652
264319	0.017391304
265247	0.008695652
265307	0.539130434
267175	0.747826086
268427	0.069565217
270397	0.008695652
270922	0.026086956
271980	0.008695652
273969	0.017391304
275196	0.747826086
277831	0.008695652
278108	0.026086956
278704	0.747826086
278789	0.008695652
284478	0.026086956
285859	0.043478260
286401	0.026086956
287872	0.721739130
288036	0.017391304
288164	0.008695652
288225	0.017391304
288886	0.747826086
290460	0.069565217
290625	0.226086956
293000	0.139130434
293075	0.017391304
293595	0.747826086
294190	0.747826086
297894	0.008695652
297938	0.747826086
298763	0.565217391
300177	0.008695652
303388	0.017391304
305707	0.008695652
307237	0.017391304
308236	0.156521739
308248	0.043478260
310505	0.008695652
311150	0.017391304
312481	0.017391304
315035	0.747826086
315454	0.321739130
316382	0.034782608
318115	0.052173913
318174	0.008695652
320994	0.017391304
321449	0.043478260
322821	0.573913043
322946	0.034782608
324492	0.217391304
325002	0.747826086
328014	0.008695652
328449	0.060869565
328985	0.017391304
329555	0.747826086
333298	0.426086956
334672	0.026086956
335074	0.747826086
339420	0.017391304
340399	0.086956521
340829	0.008695652
342148	0.113043478
345051	0.034782608
346286	0.043478260
347024	0.008695652
347947	0.130434782
348016	0.008695652
348236	0.034782608
350513	0.008695652
353417	0.356521739
353840	0.069565217
354465	0.443478260
354628	0.008695652
354937	0.026086956
360922	0.008695652
362924	0.017391304
363304	0.747826086
364537	0.017391304
365484	0.026086956
366392	0.017391304
367428	0.008695652
369469	0.643478260
369714	0.295652173
369922	0.139130434
370786	0.747826086
371168	0.747826086
373287	0.104347826
380039	0.017391304
380724	0.008695652
381087	0.034782608
383139	0.017391304
384898	0.008695652
387350	0.269565217
387619	0.130434782
388828	0.721739130
390525	0.008695652
392422	0.747826086
392915	0.747826086
393740	0.747826086
394246	0.069565217
394320	0.008695652
394701	0.400000000
395042	0.756521739
396283	0.069565217
396709	0.052173913
397749	0.747826086
398118	0.686956521
398301	0.052173913
398949	0.747826086
399807	0.008695652
400909	0.017391304
401635	0.400000000
403203	0.017391304
403834	0.008695652
404056	0.008695652
407465	0.008695652
407811	0.739130434
410585	0.017391304
412198	0.017391304
413674	0.069565217
413743	0.643478260
414784	0.008695652
415289	0.069565217
415839	0.234782608
416524	0.008695652
416752	0.017391304
416992	0.017391304
420826	0.747826086
420927	0.313043478
422855	0.052173913
424531	0.026086956
425603	0.052173913
426002	0.086956521
428558	0.008695652
429084	0.747826086
434138	0.026086956
435202	0.139130434
435387	0.747826086
435781	0.008695652
437141	0.747826086
437187	0.130434782
437512	0.017391304
438183	0.008695652
438499	0.713043478
438746	0.008695652
439132	0.069565217
439670	0.156521739
440432	0.747826086
441222	0.017391304
444404	0.069565217
444690	0.008695652
444839	0.008695652
445466	0.017391304
447017	0.017391304
447190	0.026086956
448597	0.069565217
449299	0.008695652
450088	0.695652173
450311	0.121739130
453452	0.034782608
453838	0.069565217
453935	0.008695652
454104	0.017391304
454931	0.017391304
455851	0.069565217
457591	0.591304347
459511	0.747826086
462163	0.052173913
462193	0.008695652
462337	0.252173913
462436	0.008695652
463730	0.017391304
464584	0.017391304
464627	0.582608695
465134	0.747826086
465645	0.747826086
465972	0.008695652
466072	0.234782608
466392	0.008695652
467516	0.017391304
468058	0.234782608
468410	0.739130434
468439	0.008695652
468999	0.034782608
469698	0.069565217
472968	0.017391304
474063	0.017391304
474797	0.347826086
474861	0.017391304
476123	0.017391304
476256	0.008695652
477287	0.095652173
477350	0.008695652
479698	0.408695652
479804	0.304347826
480216	0.086956521
480366	0.147826086
481035	0.747826086
481652	0.043478260
483516	0.026086956
483872	0.234782608
485613	0.139130434
486999	0.017391304
487248	0.730434782
488951	0.034782608
489000	0.139130434
489598	0.017391304
492530	0.017391304
492813	0.017391304
493103	0.008695652
493211	0.026086956
493621	0.147826086
494483	0.617391304
495576	0.060869565
496775	0.165217391
496997	0.017391304
497055	0.008695652
497352	0.017391304
503586	0.008695652
505063	0.017391304
505703	0.017391304
506140	0.695652173
507315	0.313043478
507534	0.747826086
507646	0.321739130
507671	0.052173913
508848	0.017391304
509754	0.373913043
509907	0.008695652
510138	0.747826086
510154	0.017391304
512427	0.747826086
512763	0.017391304
513025	0.026086956
513529	0.026086956
516298	0.034782608
517871	0.678260869
519417	0.600000000
520326	0.156521739
521654	0.747826086
522113	0.017391304
522421	0.400000000
524759	0.234782608
525341	0.730434782
526979	0.095652173
527522	0.747826086
527817	0.069565217
528287	0.017391304
528435	0.747826086
531221	0.695652173
531917	0.443478260
533004	0.713043478
533675	0.008695652
534067	0.017391304
534250	0.017391304
534515	0.008695652
534519	0.747826086
536974	0.017391304
537413	0.008695652
538411	0.747826086
540507	0.017391304
546866	0.747826086
547056	0.008695652
549246	0.356521739
549532	0.043478260
549741	0.026086956
550283	0.008695652
550851	0.443478260
553446	0.060869565
554391	0.052173913
556568	0.173913043
558370	0.017391304
558793	0.008695652
558932	0.034782608
559829	0.043478260
561492	0.513043478
562124	0.660869565
564060	0.095652173
565089	0.139130434
568964	0.052173913
570375	0.008695652
571911	0.017391304
572027	0.347826086
573001	0.747826086
574809	0.278260869
576515	0.747826086
577346	0.747826086
577976	0.078260869
578459	0.069565217
580709	0.130434782
582508	0.008695652
582620	0.139130434
582766	0.408695652
584287	0.147826086
586809	0.747826086
587205	0.017391304
587397	0.095652173
588608	0.747826086
589059	0.695652173
589800	0.034782608
590469	0.008695652
590994	0.121739130
592174	0.026086956
592500	0.747826086
593391	0.043478260
593580	0.034782608
594001	0.069565217
594390	0.747826086
594726	0.008695652
594892	0.078260869
594941	0.008695652
596933	0.026086956
597693	0.008695652
598399	0.069565217
599248	0.313043478
601262	0.026086956
601327	0.513043478
601793	0.017391304
601990	0.069565217
602027	0.026086956
602891	0.069565217
603325	0.443478260
603406	0.008695652
604007	0.026086956
604226	0.017391304
604382	0.339130434
604844	0.078260869
605443	0.017391304
606550	0.069565217
606644	0.400000000
606973	0.356521739
607624	0.069565217
608681	0.747826086
609488	0.017391304
610181	0.747826086
611418	0.060869565
611529	0.008695652
611940	0.052173913
612046	0.034782608
614846	0.747826086
615836	0.086956521
616082	0.026086956
616118	0.026086956
616367	0.017391304
617004	0.008695652
618675	0.069565217
619281	0.130434782
621148	0.747826086
622360	0.017391304
622450	0.017391304
623799	0.513043478
625351	0.269565217
625519	0.017391304
627004	0.026086956
628277	0.008695652
628708	0.017391304
629662	0.017391304
630016	0.747826086
630483	0.086956521
631124	0.747826086
634701	0.321739130
634815	0.747826086
634959	0.026086956
634961	0.078260869
635115	0.747826086
635413	0.008695652
636580	0.052173913
637318	0.008695652
638532	0.017391304
639011	0.747826086
639414	0.747826086
640769	0.008695652
640770	0.060869565
643824	0.034782608
644735	0.069565217
646790	0.008695652
647554	0.165217391
647730	0.017391304
649748	0.060869565
655034	0.069565217
656185	0.582608695
658649	0.017391304
659598	0.008695652
661393	0.086956521
665051	0.747826086
666082	0.026086956
666608	0.078260869
666663	0.026086956
666844	0.017391304
667292	0.069565217
667531	0.747826086
668631	0.008695652
670745	0.026086956
671381	0.747826086
672043	0.008695652
672223	0.086956521
672602	0.017391304
672696	0.017391304
673882	0.017391304
674615	0.747826086
674925	0.008695652
678927	0.234782608
679943	0.043478260
680532	0.017391304
681189	0.139130434
682091	0.026086956
682443	0.747826086
682937	0.026086956
683630	0.017391304
684142	0.747826086
685004	0.043478260
685115	0.582608695
685440	0.556521739
686130	0.008695652
686901	0.060869565
687279	0.008695652
687608	0.008695652
692360	0.139130434
692705	0.008695652
693945	0.747826086
696033	0.008695652
699997	0.034782608
702248	0.747826086
703142	0.069565217
703561	0.747826086
703722	0.017391304
705045	0.043478260
707919	0.573913043
708177	0.060869565
709780	0.043478260
710766	0.060869565
712752	0.078260869
715452	0.026086956
716111	0.008695652
719183	0.139130434
720674	0.017391304
721740	0.008695652
722579	0.017391304
722874	0.034782608
723496	0.026086956
723513	0.008695652
725826	0.747826086
727542	0.234782608
731302	0.513043478
732376	0.069565217
733486	0.078260869
733939	0.017391304
735819	0.408695652
737570	0.034782608
738393	0.443478260
741969	0.008695652
743217	0.634782608
743775	0.626086956
743857	0.747826086
743890	0.034782608
744722	0.269565217
746637	0.017391304
746820	0.017391304
747353	0.017391304
747886	0.008695652
748099	0.043478260
748463	0.069565217
748851	0.069565217
749270	0.608695652
749361	0.139130434
749588	0.017391304
750815	0.652173913
751417	0.747826086
751705	0.026086956
752529	0.008695652
753328	0.008695652
753944	0.217391304
754002	0.008695652
754370	0.008695652
755799	0.008695652
756904	0.069565217
758244	0.234782608
759319	0.104347826
760151	0.052173913
760523	0.008695652
761061	0.017391304
762476	0.069565217
764896	0.008695652
765724	0.017391304
766042	0.017391304
766183	0.460869565
768125	0.008695652
768418	0.008695652
770837	0.026086956
771142	0.017391304
771318	0.530434782
771642	0.017391304
772752	0.747826086
775070	0.008695652
775200	0.008695652
775661	0.008695652
775803	0.443478260
776511	0.008695652
776679	0.008695652
777374	0.556521739
778525	0.747826086
778670	0.017391304
780117	0.686956521
781023	0.747826086
784688	0.739130434
784989	0.034782608
785012	0.017391304
785410	0.017391304
786537	0.069565217
786765	0.356521739
788134	0.747826086
788232	0.026086956
789698	0.008695652
789708	0.017391304
790461	0.017391304
790955	0.443478260
791178	0.017391304
791480	0.747826086
792296	0.043478260
793247	0.191304347
793474	0.017391304
794722	0.208695652
795252	0.026086956
798101	0.652173913
798835	0.026086956
799123	0.747826086
799640	0.008695652
800409	0.139130434
800945	0.747826086
802203	0.139130434
804479	0.026086956
805381	0.747826086
805956	0.008695652
806805	0.069565217
806833	0.017391304
807682	0.156521739
808112	0.026086956
808272	0.643478260
808554	0.756521739
810643	0.017391304
811801	0.747826086
812033	0.069565217
813589	0.443478260
814284	0.747826086
815312	0.017391304
817173	0.026086956
818083	0.008695652
818100	0.008695652
818912	0.008695652
821529	0.008695652
822191	0.165217391
823009	0.069565217
824885	0.330434782
825390	0.008695652
825690	0.078260869
826750	0.069565217
828239	0.008695652
828374	0.078260869
828885	0.026086956
829026	0.008695652
829734	0.017391304
832134	0.017391304
832870	0.373913043
835377	0.747826086
837388	0.582608695
837597	0.008695652
837612	0.730434782
837747	0.747826086
838716	0.008695652
838744	0.243478260
840094	0.165217391
840319	0.069565217
840765	0.017391304
842889	0.069565217
843790	0.686956521
844303	0.017391304
845623	0.330434782
845817	0.034782608
847521	0.008695652
847555	0.078260869
849895	0.147826086
850029	0.008695652
850914	0.008695652
854954	0.026086956
855143	0.026086956
855177	0.747826086
856127	0.008695652
857718	0.417391304
857730	0.060869565
858097	0.747826086
859738	0.130434782
861040	0.008695652
863162	0.017391304
863267	0.695652173
864968	0.026086956
865827	0.069565217
866721	0.747826086
866873	0.017391304
867634	0.017391304
867897	0.095652173
867973	0.069565217
869030	0.008695652
869158	0.669565217
869200	0.443478260
869837	0.139130434
870410	0.008695652
870718	0.069565217
870870	0.139130434
871805	0.026086956
872831	0.008695652
873330	0.017391304
873446	0.069565217
873548	0.017391304
873683	0.417391304
876602	0.017391304
878478	0.747826086
879707	0.313043478
880268	0.069565217
880643	0.234782608
880651	0.008695652
880818	0.582608695
884178	0.017391304
886122	0.747826086
886622	0.008695652
886712	0.069565217
887030	0.026086956
887767	0.234782608
887930	0.747826086
892174	0.017391304
892298	0.747826086
896129	0.139130434
898947	0.017391304
899417	0.104347826
900963	0.008695652
901318	0.139130434
901510	0.747826086
901835	0.069565217
903783	0.017391304
905531	0.008695652
906260	0.695652173
906758	0.017391304
907047	0.008695652
907857	0.313043478
908726	0.356521739
909707	0.008695652
910600	0.008695652
911582	0.026086956
913105	0.043478260
913381	0.060869565
913890	0.043478260
914078	0.069565217
914875	0.139130434
915666	0.008695652
916246	0.721739130
917216	0.747826086
918567	0.747826086
919585	0.008695652
920605	0.747826086
921095	0.026086956
921197	0.008695652
921231	0.173913043
922464	0.391304347
923977	0.008695652
925348	0.017391304
926637	0.130434782
927482	0.017391304
928095	0.747826086
929948	0.017391304
931209	0.008695652
932357	0.008695652
932808	0.347826086
932997	0.017391304
935800	0.078260869
936060	0.130434782
936472	0.017391304
936874	0.747826086
938658	0.017391304
938696	0.008695652
938966	0.069565217
940114	0.034782608
940741	0.747826086
942608	0.026086956
942749	0.008695652
943283	0.008695652
944156	0.008695652
945239	0.008695652
945249	0.634782608
945825	0.452173913
950217	0.747826086
950365	0.513043478
952420	0.617391304
953238	0.643478260
954059	0.069565217
954548	0.086956521
954646	0.008695652
954944	0.008695652
955620	0.086956521
955659	0.747826086
957983	0.008695652
958117	0.747826086
958919	0.026086956
960207	0.008695652
960594	0.139130434
960988	0.008695652
961642	0.017391304
962833	0.739130434
964146	0.026086956
967162	0.017391304
968399	0.026086956
971096	0.026086956
971973	0.260869565
973451	0.747826086
974562	0.008695652
975494	0.017391304
975592	0.626086956
976256	0.130434782
976314	0.139130434
977005	0.443478260
977665	0.008695652
978870	0.017391304
979176	0.695652173
979979	0.165217391
980234	0.017391304
980377	0.747826086
980500	0.017391304
984325	0.330434782
984750	0.008695652
984791	0.747826086
987246	0.034782608
987311	0.026086956
987881	0.747826086
987994	0.043478260
988559	0.017391304
988840	0.017391304
989140	0.017391304
989610	0.017391304
990057	0.008695652
990217	0.356521739
990262	0.008695652
990376	0.043478260
990495	0.139130434
992593	0.608695652
992856	0.060869565
992991	0.017391304
994441	0.443478260
995410	0.747826086
995675	0.026086956
996087	0.747826086
996278	0.008695652
996800	0.008695652
996900	0.043478260
997565	0.069565217
997610	0.173913043
998461	0.060869565
998937	0.043478260
998953	0.747826086
999423	0.139130434
999915	0.017391304
1000697	0.017391304
1000855	0.026086956
1001047	0.147826086
1002880	0.026086956
1003697	0.156521739
1003986	0.017391304
1004418	0.504347826
1005044	0.086956521
1005693	0.026086956
1005787	0.008695652
1009357	0.104347826
1010521	0.747826086
1011103	0.156521739
1011202	0.530434782
1011419	0.069565217
1011463	0.478260869
1012274	0.139130434
1012326	0.739130434
1013777	0.060869565
1013847	0.739130434
1014037	0.747826086
1014970	0.043478260
1016240	0.008695652
1017778	0.026086956
1018613	0.069565217
1019248	0.182608695
1019461	0.034782608
1019867	0.069565217
1020026	0.026086956
1022289	0.026086956
1023020	0.269565217
1023118	0.069565217
1023666	0.747826086
1024428	0.191304347
1024448	0.017391304
1025615	0.026086956
1026495	0.026086956
1026832	0.017391304
1027334	0.026086956
1027857	0.069565217
1028592	0.008695652
1028623	0.017391304
1029128	0.252173913
1031064	0.008695652
1031160	0.139130434
1032728	0.226086956
1033170	0.008695652
1034240	0.182608695
1036273	0.739130434
1036362	0.069565217
1038798	0.017391304
1040081	0.008695652
1040685	0.026086956
1041161	0.017391304
1041213	0.730434782
1046050	0.026086956
1046489	0.547826086
1046549	0.069565217
1046890	0.008695652
1048174	0.095652173
1048810	0.756521739
1048970	0.747826086
1049865	0.513043478
1050554	0.008695652
1050887	0.113043478
1051255	0.008695652
1052049	0.730434782
1052986	0.069565217
1053184	0.043478260
1053629	0.017391304
1054120	0.747826086
1054249	0.026086956
1054392	0.747826086
1056300	0.017391304
1056658	0.034782608
1058136	0.017391304
1058536	0.104347826
1058725	0.686956521
1059573	0.034782608
1059783	0.243478260
1059913	0.008695652
1063562	0.008695652
1064187	0.069565217
1065664	0.017391304
1067217	0.747826086
1067463	0.460869565
1067607	0.747826086
1067649	0.069565217
1067654	0.034782608
1068039	0.347826086
1068130	0.008695652
1073576	0.026086956
1077092	0.747826086
1078113	0.243478260
1078301	0.008695652
1079920	0.617391304
1080054	0.747826086
1081127	0.060869565
1082238	0.069565217
1084699	0.069565217
1084859	0.017391304
1085075	0.043478260
1085436	0.678260869
1085786	0.008695652
1086869	0.747826086
1088742	0.017391304
1089998	0.017391304
1090444	0.026086956
1094585	0.017391304
1094695	0.747826086
1096208	0.026086956
1096291	0.113043478
1096297	0.008695652
1097321	0.643478260
1097830	0.069565217
1097909	0.017391304
1098289	0.060869565
1099493	0.026086956
1099586	0.052173913
1099802	0.008695652
1099971	0.069565217
1100348	0.034782608
1102408	0.747826086
1102915	0.026086956
1103695	0.043478260
1104881	0.026086956
1108635	0.521739130
1109678	0.034782608
1111186	0.747826086
1112190	0.026086956
1112300	0.017391304
1113451	0.747826086
1114204	0.008695652
1115457	0.026086956
1116717	0.747826086
1117612	0.008695652
1117657	0.008695652
1119297	0.017391304
1121586	0.121739130
1121948	0.069565217
1123398	0.452173913
1124849	0.130434782
1125120	0.026086956
1125520	0.069565217
1126282	0.373913043
1126880	0.008695652
1129170	0.747826086
1130617	0.008695652
1131428	0.017391304
1131654	0.400000000
1132303	0.747826086
1133941	0.017391304
1136148	0.165217391
1137850	0.747826086
1137967	0.008695652
1138841	0.008695652
1139474	0.469565217
1142839	0.026086956
1144345	0.747826086
1144622	0.139130434
1145094	0.121739130
1145469	0.747826086
1145642	0.026086956
1146791	0.017391304
1148236	0.747826086
1148329	0.582608695
1150033	0.747826086
1150593	0.017391304
1150888	0.017391304
1151409	0.008695652
1152450	0.017391304
1152570	0.026086956
1152572	0.747826086
1152679	0.739130434
1154727	0.313043478
1155487	0.017391304
1156230	0.060869565
1157014	0.008695652
1158805	0.008695652
1159212	0.017391304
1159638	0.747826086
1160775	0.095652173
1161416	0.234782608
1161484	0.052173913
1161647	0.156521739
1162807	0.730434782
1163250	0.747826086
1164135	0.017391304
1165080	0.704347826
1165092	0.008695652
1165329	0.017391304
1165432	0.052173913
1168041	0.017391304
1168134	0.052173913
1168226	0.747826086
1168356	0.165217391
1169764	0.043478260
1170305	0.113043478
1170519	0.034782608
1171433	0.747826086
1174352	0.017391304
1175170	0.026086956
1175352	0.747826086
1175578	0.008695652
1176246	0.017391304
1176911	0.017391304
1177351	0.008695652
1177654	0.017391304
1178893	0.130434782
1179417	0.017391304
1179991	0.017391304
1180066	0.747826086
1181216	0.034782608
1184079	0.017391304
1184929	0.139130434
1187135	0.069565217
1187252	0.452173913
1187619	0.756521739
1191544	0.026086956
1191757	0.313043478
1191938	0.139130434
1192880	0.069565217
1193533	0.747826086
1196028	0.017391304
1196969	0.008695652
1198060	0.017391304
1198654	0.034782608
1199490	0.034782608
1200138	0.026086956
1201131	0.034782608
1201663	0.008695652
1202276	0.008695652
1202734	0.017391304
1204710	0.008695652
1204886	0.043478260
1205162	0.008695652
1206188	0.017391304
1206732	0.008695652
1207015	0.069565217
1207571	0.408695652
1207866	0.356521739
1208454	0.017391304
1208925	0.747826086
1209270	0.034782608
1209356	0.739130434
1209777	0.026086956
1209865	0.008695652
1210120	0.086956521
1210405	0.747826086
1210578	0.747826086
1211363	0.017391304
1211631	0.017391304
1212315	0.747826086
1212749	0.721739130
1214314	0.069565217
1214835	0.008695652
1217237	0.165217391
1218199	0.008695652
1218239	0.747826086
1218444	0.008695652
1220196	0.747826086
1220924	0.069565217
1221399	0.026086956
1221629	0.008695652
1221801	0.069565217
1222410	0.017391304
1222518	0.069565217
1223149	0.008695652
1224059	0.052173913
1224375	0.565217391
1226328	0.643478260
1226847	0.313043478
1227468	0.034782608
1228336	0.017391304
1229192	0.104347826
1229577	0.747826086
1230088	0.147826086
1230163	0.017391304
1230430	0.008695652
1231352	0.747826086
1232316	0.008695652
1234254	0.747826086
1234552	0.060869565
1235116	0.139130434
1235767	0.034782608
1237007	0.356521739
1237149	0.017391304
1237965	0.165217391
1239335	0.582608695
1240408	0.017391304
1241209	0.313043478
1242606	0.069565217
1244530	0.008695652
1245131	0.069565217
1246007	0.469565217
1246198	0.469565217
1249020	0.017391304
1250777	0.695652173
1251331	0.747826086
1251399	0.008695652
1251539	0.747826086
1251860	0.739130434
1252515	0.008695652
1252763	0.747826086
1252913	0.469565217
1253284	0.017391304
1253783	0.069565217
1254576	0.747826086
1257381	0.513043478
1257692	0.008695652
1258092	0.060869565
1258457	0.165217391
1258475	0.008695652
1260632	0.069565217
1261807	0.060869565
1262563	0.069565217
1262788	0.330434782
1263500	0.139130434
1263657	0.730434782
1264239	0.104347826
1264495	0.200000000
1264960	0.069565217
1265656	0.060869565
1266025	0.139130434
1266849	0.008695652
1266909	0.017391304
1267382	0.747826086
1267764	0.026086956
1268723	0.095652173
1269338	0.008695652
1269916	0.017391304
1271175	0.017391304
1272049	0.034782608
1272523	0.747826086
1272735	0.591304347
1274891	0.017391304
1276639	0.130434782
1276660	0.234782608
1276705	0.756521739
1278708	0.060869565
1279130	0.017391304
1280208	0.017391304
1280614	0.017391304
1281948	0.747826086
1282128	0.034782608
1283846	0.017391304
1284345	0.747826086
1284630	0.052173913
1284845	0.026086956
1285603	0.513043478
1285811	0.234782608
1285924	0.017391304
1289331	0.139130434
1290516	0.191304347
1294234	0.017391304
1295844	0.747826086
1296172	0.017391304
1296190	0.069565217
1296788	0.008695652
1297993	0.026086956
1301788	0.069565217
1301877	0.017391304
1303223	0.139130434
1305457	0.243478260
1305476	0.313043478
1305614	0.017391304
1305829	0.739130434
1306646	0.139130434
1307201	0.026086956
1307836	0.139130434
1307895	0.026086956
1309432	0.017391304
1309546	0.695652173
1310084	0.026086956
1310489	0.747826086
1310779	0.139130434
1311472	0.069565217
1311590	0.347826086
1312536	0.008695652
1312641	0.026086956
1313990	0.008695652
1314566	0.008695652
1315159	0.069565217
1315965	0.069565217
1316395	0.008695652
1317364	0.243478260
1318362	0.069565217
1320099	0.104347826
1320147	0.139130434
1321219	0.026086956
1321473	0.747826086
1321630	0.165217391
1321741	0.443478260
1321842	0.069565217
1325149	0.017391304
1325901	0.008695652
1327962	0.017391304
1328728	0.017391304
1329393	0.052173913
1329686	0.017391304
1329928	0.234782608
1331114	0.017391304
1331296	0.147826086
1331617	0.643478260
1331897	0.747826086
1331935	0.017391304
1332410	0.017391304
1332676	0.008695652
1332986	0.226086956
1334007	0.086956521
1334379	0.034782608
1334450	0.104347826
1334579	0.008695652
1335668	0.739130434
1336531	0.086956521
1336631	0.260869565
1337311	0.008695652
1337524	0.069565217
1337837	0.747826086
1338661	0.017391304
1339058	0.747826086
1340232	0.017391304
1340247	0.017391304
1341116	0.017391304
1341474	0.695652173
1343579	0.008695652
1350183	0.408695652
1351974	0.017391304
1352312	0.069565217
1352689	0.747826086
1353725	0.008695652
1353900	0.008695652
1354476	0.026086956
1354590	0.026086956
1355054	0.034782608
1355300	0.026086956
1355469	0.017391304
1356324	0.052173913
1356570	0.008695652
1356612	0.139130434
1357304	0.017391304
1359147	0.747826086
1359511	0.017391304
1359522	0.173913043
1361111	0.017391304
1361806	0.521739130
1362759	0.026086956
1364911	0.147826086
1365870	0.643478260
1365919	0.139130434
1367455	0.747826086
1368257	0.069565217
1370197	0.017391304
1370280	0.747826086
1371342	0.008695652
1372679	0.139130434
1373181	0.017391304
1373411	0.017391304
1374267	0.034782608
1374424	0.017391304
1374831	0.017391304
1375149	0.739130434
1375989	0.095652173
1377221	0.747826086
1377567	0.008695652
1381067	0.756521739
1381872	0.008695652
1381903	0.382608695
1381920	0.139130434
1383404	0.017391304
1383688	0.008695652
1385015	0.747826086
1385562	0.113043478
1385915	0.252173913
1386702	0.139130434
1386809	0.356521739
1387009	0.747826086
1387646	0.643478260
1388411	0.008695652
1388607	0.747826086
1389871	0.313043478
1390890	0.008695652
1391476	0.756521739
1392164	0.008695652
1392443	0.069565217
1392703	0.347826086
1394726	0.008695652
1396174	0.652173913
1397430	0.052173913
1397653	0.678260869
1397700	0.313043478
1397970	0.017391304
1398949	0.008695652
1400031	0.052173913
1400216	0.008695652
1401053	0.060869565
1401247	0.026086956
1401260	0.069565217
1401342	0.017391304
1401405	0.747826086
1402248	0.078260869
1402661	0.139130434
1403073	0.026086956
1403699	0.747826086
1404623	0.008695652
1405389	0.034782608
1406896	0.008695652
1407610	0.017391304
1408240	0.026086956
1408330	0.078260869
1408407	0.026086956
1408952	0.747826086
1409633	0.747826086
1411500	0.017391304
1411639	0.017391304
1411858	0.104347826
1412368	0.017391304
1412878	0.086956521
1414359	0.008695652
1414658	0.747826086
1414917	0.026086956
1415229	0.008695652
1415464	0.008695652
1415804	0.026086956
1416068	0.026086956
1416309	0.017391304
1417447	0.139130434
1418876	0.060869565
1419210	0.208695652
1420844	0.747826086
1421798	0.026086956
1422019	0.017391304
1422073	0.747826086
1422502	0.008695652
1422836	0.034782608
1423814	0.747826086
1423983	0.747826086
1424554	0.747826086
1426098	0.260869565
1427708	0.017391304
1427962	0.747826086
1430256	0.008695652
1430316	0.008695652
1431222	0.008695652
1431816	0.182608695
1432149	0.008695652
1432288	0.278260869
1432793	0.026086956
1433323	0.008695652
1434022	0.356521739
1435043	0.695652173
1435225	0.643478260
1436267	0.652173913
1436411	0.017391304
1436455	0.026086956
1436840	0.747826086
1438179	0.026086956
1438393	0.243478260
1439664	0.026086956
1440019	0.069565217
1440082	0.365217391
1440464	0.043478260
1440610	0.017391304
1440959	0.017391304
1441079	0.026086956
1441512	0.252173913
1441528	0.008695652
1441720	0.017391304
1443122	0.208695652
1443193	0.017391304
1443900	0.747826086
1445344	0.008695652
1447706	0.747826086
1448248	0.078260869
1449564	0.008695652
1450253	0.017391304
1450651	0.321739130
1452888	0.747826086
1454226	0.234782608
1454621	0.747826086
1455082	0.034782608
1456330	0.017391304
1456553	0.747826086
1457196	0.017391304
1457476	0.060869565
1457524	0.452173913
1458401	0.017391304
1459238	0.147826086
1459441	0.139130434
1459892	0.382608695
1459967	0.026086956
1460372	0.086956521
1463429	0.017391304
1464141	0.008695652
1467940	0.069565217
1468211	0.086956521
1468506	0.191304347
1469785	0.008695652
1470420	0.739130434
1472524	0.747826086
1472662	0.069565217
1473809	0.017391304
1474140	1.000000000
1474349	0.017391304
1475303	0.747826086
1476314	0.017391304
1477292	0.017391304
1477389	0.269565217
1477593	0.017391304
1477755	0.060869565
1477978	0.669565217
1478449	0.069565217
1479150	0.017391304
1479624	0.017391304
1480125	0.026086956
1481180	0.026086956
1481613	0.747826086
1482768	0.069565217
1484355	0.747826086
1484612	0.269565217
1484917	0.017391304
1485093	0.434782608
1485366	0.069565217
1485400	0.017391304
1486279	0.026086956
1486891	0.017391304
1487018	0.017391304
1488613	0.339130434
1488775	0.078260869
1489109	0.208695652
1490452	0.747826086
1490570	0.060869565
1492157	0.617391304
1492348	0.234782608
1493694	0.017391304
1495240	0.147826086
1495769	0.008695652
1495833	0.095652173
1497371	0.008695652
1499665	0.008695652
1499990	0.234782608
1500917	0.008695652
1501319	0.365217391
1501560	0.408695652
1503947	0.747826086
1503987	0.008695652
1505595	0.269565217
1505638	0.069565217
1505752	0.747826086
1506836	0.069565217
1506955	0.008695652
1507044	0.008695652
1507061	0.573913043
1507622	0.008695652
1510645	0.747826086
1510694	0.026086956
1512565	0.008695652
1513867	0.739130434
1514456	0.200000000
1514734	0.017391304
1514747	0.756521739
1516168	0.008695652
1516992	0.026086956
1517035	0.356521739
1517199	0.017391304
1518869	0.026086956
1519070	0.017391304
1519082	0.434782608
1520233	0.747826086
1520809	0.043478260
1521045	0.008695652
1521231	0.008695652
1522377	0.008695652
1522650	0.069565217
1523118	0.078260869
1524426	0.017391304
1525337	0.034782608
1525746	0.069565217
1525959	0.043478260
1526231	0.008695652
1526954	0.130434782
1527175	0.269565217
1527283	0.747826086
1528493	0.043478260
1528781	0.313043478
1529582	0.008695652
1529971	0.069565217
1530260	0.008695652
1531416	0.026086956
1531593	0.008695652
1532137	0.565217391
1532610	0.139130434
1532619	0.034782608
1532811	0.017391304
1533378	0.017391304
1533519	0.008695652
1534236	0.034782608
1534438	0.034782608
1535198	0.043478260
1535316	0.008695652
1536500	0.017391304
1537238	0.017391304
1537295	0.026086956
1537496	0.756521739
1537509	0.008695652
1538035	0.026086956
1538832	0.078260869
1539150	0.008695652
1539757	0.043478260
1539921	0.747826086
1539942	0.069565217
1540157	0.095652173
1540438	0.747826086
1540586	0.008695652
1540680	0.008695652
1541572	0.234782608
1541609	0.060869565
1542493	0.017391304
1543555	0.017391304
1543959	0.017391304
1544545	0.008695652
1545621	0.008695652
1545927	0.008695652
1547542	0.017391304
1547625	0.078260869
1548001	0.313043478
1551486	0.078260869
1551650	0.017391304
1552014	0.008695652
1552079	0.034782608
1552185	0.069565217
1552515	0.008695652
1552685	0.043478260
1552839	0.017391304
1553548	0.017391304
1553819	0.043478260
1554175	0.069565217
1554397	0.747826086
1554736	0.617391304
1555614	0.017391304
1556346	0.747826086
1556365	0.069565217
1556646	0.008695652
1556802	0.008695652
1557528	0.060869565
1560531	0.747826086
1562945	0.017391304
1563503	0.043478260
1565719	0.747826086
1568263	0.060869565
1568440	0.017391304
1568583	0.008695652
1568613	0.443478260
1569685	0.234782608
1570115	0.069565217
1570844	0.026086956
1571304	0.243478260
1571837	0.313043478
1572191	0.017391304
1572360	0.043478260
1572491	0.017391304
1574200	0.234782608
1574953	0.026086956
1577775	0.017391304
1577848	0.008695652
1578430	0.095652173
1578642	0.017391304
1579917	0.008695652
1580230	0.643478260
1583762	0.017391304
1583879	0.008695652
1585599	0.026086956
1587062	0.008695652
1588326	0.008695652
1588908	0.434782608
1589859	0.017391304
1589936	0.008695652
1590674	0.313043478
1591391	0.017391304
1591661	0.547826086
1592587	0.052173913
1593273	0.747826086
1593911	0.747826086
1594444	0.017391304
1594770	0.069565217
1595255	0.017391304
1597347	0.043478260
1599393	0.026086956
1599710	0.408695652
1600618	0.017391304
1604344	0.043478260
1604496	0.747826086
1606297	0.104347826
1607177	0.739130434
1607483	0.026086956
1609144	0.078260869
1609631	0.017391304
1609772	0.017391304
1610652	0.017391304
1610815	0.173913043
1611615	0.217391304
1611774	0.026086956
1612880	0.052173913
1614882	0.034782608
1614923	0.008695652
1615327	0.026086956
1615891	0.747826086
1616686	0.513043478
1616992	0.017391304
1617424	0.747826086
1619216	0.017391304
1619474	0.008695652
1619769	0.017391304
1621768	0.017391304
1621835	0.704347826
1622897	0.017391304
1623593	0.017391304
1623731	0.008695652
1627735	0.008695652
1629928	0.234782608
1630417	0.026086956
1631368	0.634782608
1631417	0.052173913
1632463	0.017391304
1632618	0.069565217
1633575	0.695652173
1634343	0.304347826
1635303	0.026086956
1636060	0.017391304
1636566	0.626086956
1636973	0.017391304
1637056	0.017391304
1637260	0.008695652
1637877	0.139130434
1637987	0.034782608
1638652	0.139130434
1638960	0.017391304
1639226	0.017391304
1639325	0.043478260
1639436	0.008695652
1640875	0.069565217
1641426	0.008695652
1643507	0.008695652
1644165	0.139130434
1648359	0.069565217
1649347	0.026086956
1649989	0.730434782
1651422	0.747826086
1651667	0.008695652
1651752	0.008695652
1652522	0.069565217
1654809	0.747826086
1655116	0.260869565
1655616	0.017391304
1656015	0.747826086
1657663	0.747826086
1659326	0.026086956
1661125	0.043478260
1661380	0.026086956
1661968	0.017391304
1662024	0.695652173
1662835	0.008695652
1663922	0.747826086
1664272	0.043478260
1665177	0.026086956
1665369	0.034782608
1665720	0.026086956
1667427	0.069565217
1667698	0.017391304
1670068	0.034782608
1671490	0.747826086
1672204	0.017391304
1673174	0.191304347
1673424	0.008695652
1674270	0.426086956
1675535	0.747826086
1675917	0.043478260
1676039	0.017391304
1676123	0.017391304
1676823	0.069565217
1676895	0.408695652
1677768	0.008695652
1678487	0.008695652
1679365	0.017391304
1679809	0.078260869
1679991	0.591304347
1681078	0.026086956
1681221	0.026086956
1682440	0.017391304
1687228	0.756521739
1688000	0.452173913
1688390	0.017391304
1688945	0.069565217
1689424	0.052173913
1691298	0.747826086
1692200	0.017391304
1692329	0.008695652
1692351	0.747826086
1693607	0.113043478
1694505	0.060869565
1694522	0.356521739
1694999	0.026086956
1695434	0.017391304
1696892	0.365217391
1697580	0.017391304
1697627	0.095652173
1697775	0.008695652
1698175	0.086956521
1698324	0.165217391
1698974	0.034782608
1699312	0.008695652
1699734	0.747826086
1700773	0.017391304
1700993	0.008695652
1701124	0.747826086
1701598	0.008695652
1702265	0.008695652
1702989	0.747826086
1706189	0.147826086
1706762	0.043478260
1706862	0.747826086
1707240	0.026086956
1707948	0.104347826
1708117	0.008695652
1708480	0.026086956
1709707	0.678260869
1709710	0.026086956
1709935	0.017391304
1709958	0.008695652
1711456	0.008695652
1711810	0.747826086
1712492	0.156521739
1714007	0.026086956
1715383	0.017391304
1716242	0.747826086
1716456	0.026086956
1717206	0.060869565
1717224	0.052173913
1717732	0.026086956
1719271	0.060869565
1719793	0.582608695
1720033	0.008695652
1720443	0.139130434
1720523	0.304347826
1720540	0.069565217
1720857	0.330434782
1722084	0.086956521
1722325	0.052173913
1722352	0.017391304
1723065	0.747826086
1724103	0.017391304
1724298	0.017391304
1724730	0.026086956
1724861	0.026086956
1725471	0.026086956
1725584	0.747826086
1725732	0.747826086
1725752	0.008695652
1726389	0.060869565
1727455	0.060869565
1728345	0.008695652
1728895	0.060869565
1730315	0.217391304
1730939	0.017391304
1731924	0.747826086
1734300	0.747826086
1734820	0.017391304
1735017	0.234782608
1735092	0.026086956
1736442	0.052173913
1737215	0.243478260
1737755	0.017391304
1738093	0.747826086
1738671	0.008695652
1739130	0.713043478
1739787	0.034782608
1741090	0.008695652
1741292	0.747826086
1742768	0.330434782
1743419	0.147826086
1743968	0.069565217
1746030	0.634782608
1746283	0.026086956
1746345	0.008695652
1746463	0.747826086
1749330	0.052173913
1749523	0.017391304
1750019	0.008695652
1750865	0.069565217
1751285	0.017391304
1751515	0.008695652
1751839	0.730434782
1752548	0.008695652
1752732	0.747826086
1753034	0.017391304
1755236	0.139130434
1755923	0.139130434
1759628	0.130434782
1760821	0.147826086
1760977	0.017391304
1763510	0.008695652
1763536	0.026086956
1764128	0.034782608
1764651	0.234782608
1764769	0.026086956
1765059	0.747826086
1765094	0.139130434
1765131	0.069565217
1766856	0.747826086
1767319	0.095652173
1768670	0.147826086
1768793	0.165217391
1768975	0.008695652
1769026	0.008695652
1769477	0.017391304
1770650	0.017391304
1770846	0.069565217
1771356	0.182608695
1771489	0.313043478
1771563	0.321739130
1772594	0.069565217
1772616	0.747826086
1772639	0.017391304
1772739	0.017391304
1772920	0.295652173
1773012	0.747826086
1773100	0.695652173
1773356	0.365217391
1773690	0.026086956
1774504	0.008695652
1775765	0.008695652
1777011	0.217391304
1777344	0.069565217
1777411	0.043478260
1777577	0.356521739
1777758	0.008695652
1777770	0.052173913
1778330	0.660869565
1778721	0.017391304
1778929	0.017391304
1779055	0.017391304
1780636	0.747826086
1780742	0.747826086
1780792	0.060869565
1781154	0.043478260
1781247	0.226086956
1782383	0.234782608
1783115	0.008695652
1784256	0.460869565
1785509	0.695652173
1788951	0.017391304
1789463	0.226086956
1789529	0.026086956
1790141	0.008695652
1790270	0.017391304
1793370	0.017391304
1793975	0.147826086
1794500	0.747826086
1794586	0.356521739
1797030	0.008695652
1797058	0.017391304
1797640	0.269565217
1797650	0.269565217
1798119	0.156521739
1798279	0.747826086
1798329	0.017391304
1798879	0.234782608
1799740	0.747826086
1801199	0.269565217
1803082	0.747826086
1803449	0.017391304
1804595	0.026086956
1804895	0.008695652
1806190	0.069565217
1807273	0.017391304
1807327	0.008695652
1807649	0.113043478
1807978	0.026086956
1808944	0.069565217
1809921	0.017391304
1810519	0.026086956
1810600	0.069565217
1811051	0.008695652
1811066	0.017391304
1811450	0.234782608
1811502	0.008695652
1812654	0.043478260
1813221	0.008695652
1813373	0.017391304
1813988	0.747826086
1814445	0.086956521
1814527	0.017391304
1816267	0.234782608
1816694	0.582608695
1817391	0.260869565
1818067	0.008695652
1818709	0.008695652
1818766	0.008695652
1819144	0.747826086
1819562	0.295652173
1820222	0.139130434
1820329	0.008695652
1820361	0.026086956
1820545	0.034782608
1820681	0.008695652
1821055	0.139130434
1822693	0.147826086
1823483	0.130434782
1824306	0.017391304
1825098	0.104347826
1826003	0.269565217
1826740	0.026086956
1827251	0.747826086
1827420	0.008695652
1828087	0.026086956
1828369	0.008695652
1828745	0.034782608
1830434	0.069565217
1830594	0.043478260
1830746	0.034782608
1832322	0.756521739
1832700	0.078260869
1833411	0.008695652
1834472	0.026086956
1835888	0.078260869
1837254	0.017391304
1838025	0.234782608
1838210	0.747826086
1838770	0.234782608
1839311	0.269565217
1839421	0.017391304
1839474	0.008695652
1840450	0.008695652
1841251	0.026086956
1841461	0.043478260
1841627	0.104347826
1841835	0.017391304
1841892	0.139130434
1842097	0.069565217
1842545	0.069565217
1842864	0.130434782
1843352	0.017391304
1844085	0.017391304
1845102	0.191304347
1845345	0.043478260
1845713	0.017391304
1847203	0.747826086
1847455	0.008695652
1848553	0.017391304
1849352	0.008695652
1849425	0.008695652
1849495	0.660869565
1849620	0.200000000
1849798	0.017391304
1852044	0.747826086
1852400	0.113043478
1852501	0.747826086
1852597	0.026086956
1852806	0.217391304
1854512	0.747826086
1854718	0.147826086
1855190	0.026086956
1855233	0.069565217
1855662	0.060869565
1856301	0.008695652
1856407	0.017391304
1857555	0.313043478
1857668	0.069565217
1860312	0.747826086
1860851	0.034782608
1860871	0.104347826
1861391	0.008695652
1861953	0.017391304
1862186	0.008695652
1862364	0.313043478
1862750	0.747826086
1863417	0.017391304
1863774	0.408695652
1863913	0.191304347
1864480	0.234782608
1864636	0.008695652
1864887	0.330434782
1865716	0.017391304
1865926	0.695652173
1866598	0.747826086
1867408	0.008695652
1867530	0.747826086
1867690	0.017391304
1868813	0.304347826
1869266	0.008695652
1869275	0.017391304
1869664	0.008695652
1869745	0.365217391
1869934	0.034782608
1870074	0.026086956
1870291	0.060869565
1870525	0.052173913
1870651	0.060869565
1871386	0.747826086
1871756	0.191304347
1871935	0.034782608
1873236	0.069565217
1875119	0.060869565
1875700	0.139130434
1875753	0.069565217
1876049	0.034782608
1876299	0.747826086
1877071	0.069565217
1877157	0.104347826
1878951	0.747826086
1879006	0.008695652
1880358	0.008695652
1880614	0.069565217
1881228	0.043478260
1881503	0.078260869
1881523	0.017391304
1882023	0.017391304
1882651	0.017391304
1882757	0.339130434
1883054	0.008695652
1886689	0.008695652
1886805	0.747826086
1886989	0.747826086
1887008	0.008695652
1887609	0.008695652
1887943	0.034782608
1888280	0.643478260
1889166	0.747826086
1889765	0.747826086
1891477	0.017391304
1892350	0.408695652
1892734	0.026086956
1893892	0.313043478
1894087	0.747826086
1895208	0.052173913
1895654	0.069565217
1896124	0.747826086
1896393	0.582608695
1897694	0.017391304
1899489	0.017391304
1899581	0.139130434
1900231	0.356521739
1901189	0.121739130
1901213	0.017391304
1901246	0.017391304
1901553	0.008695652
1903047	0.008695652
1903580	0.017391304
1904024	0.008695652
1904531	0.747826086
1904619	0.008695652
1904853	0.008695652
1905284	0.008695652
1905997	0.139130434
1907829	0.043478260
1908428	0.069565217
1908548	0.017391304
1908606	0.747826086
1909476	0.017391304
1911015	0.747826086
1911229	0.017391304
1912129	0.017391304
1913822	0.008695652
1914293	0.008695652
1914840	0.521739130
1915328	0.443478260
1915410	0.356521739
1915512	0.026086956
1915782	0.069565217
1916282	0.060869565
1916609	0.026086956
1917472	0.017391304
1917810	0.086956521
1918346	0.060869565
1918611	0.747826086
1918934	0.121739130
1919694	0.026086956
1920901	0.043478260
1921664	0.747826086
1922308	0.008695652
1923518	0.747826086
1923542	0.008695652
1925104	0.017391304
1925194	0.069565217
1925583	0.304347826
1926095	0.313043478
1926673	0.078260869
1927130	0.582608695
1927280	0.069565217
1927602	0.008695652
1928080	0.017391304
1928429	0.373913043
1929922	0.095652173
1930280	0.008695652
1932333	0.017391304
1932513	0.017391304
1932838	0.008695652
1933719	0.060869565
1934255	0.113043478
1934568	0.017391304
1934734	0.747826086
1935018	0.356521739
1935068	0.156521739
1935490	0.008695652
1935889	0.452173913
1936336	0.008695652
1937128	0.747826086
1937591	0.008695652
1937862	0.747826086
1937892	0.017391304
1938209	0.443478260
1939360	0.321739130
1940142	0.008695652
1942520	0.017391304
1942536	0.478260869
1943728	0.313043478
1945073	0.008695652
1945839	0.747826086
1947608	0.008695652
1950208	0.017391304
1950456	0.008695652
1950657	0.008695652
1953113	0.017391304
1953518	0.747826086
1954476	0.747826086
1954521	0.443478260
1954832	0.547826086
1955083	0.747826086
1956509	0.565217391
1957183	0.747826086
1959025	0.008695652
1960347	0.034782608
1960478	0.008695652
1962657	0.747826086
1962727	0.008695652
1964152	0.008695652
1965088	0.008695652
1966768	0.321739130
1966851	0.582608695
1967037	0.008695652
1967624	0.008695652
1968857	0.026086956
1971925	0.017391304
1973175	0.069565217
1973190	0.139130434
1974050	0.008695652
1974503	0.269565217
1974927	0.747826086
1976726	0.069565217
1976846	0.747826086
1977273	0.026086956
1977538	0.043478260
1977766	0.034782608
1978232	0.026086956
1978519	0.365217391
1979745	0.747826086
1979902	0.060869565
1980166	0.069565217
1980588	0.017391304
1981933	0.747826086
1982640	0.034782608
1982984	0.052173913
1984365	0.078260869
1985604	0.008695652
1985624	0.017391304
1985671	0.243478260
1985954	0.008695652
1987314	0.747826086
1988332	0.008695652
1988404	0.260869565
1988408	0.217391304
1989287	0.208695652
1989382	0.130434782
1989557	0.008695652
1990727	0.747826086
1991966	0.034782608
1993270	0.008695652
1993706	0.017391304
1994194	0.078260869
1994241	0.026086956
1994961	0.104347826
1995314	0.721739130
1997398	0.017391304
1997427	0.008695652
1997965	0.408695652
1998450	0.234782608
1998910	0.113043478
1999887	0.017391304
1999914	0.217391304
2000326	0.139130434
2001172	0.069565217
2001309	0.408695652
2001511	0.069565217
2003100	0.008695652
2003689	0.078260869
2004339	0.026086956
2004453	0.443478260
2005558	0.026086956
2006109	0.408695652
2006319	0.356521739
2006332	0.104347826
2007398	0.008695652
2008147	0.313043478
2008428	0.017391304
2008514	0.026086956
2008578	0.321739130
2009613	0.008695652
2010462	0.017391304
2010668	0.026086956
2010840	0.008695652
2010990	0.069565217
2011995	0.008695652
2012248	0.008695652
2012337	0.521739130
2012808	0.313043478
2015310	0.017391304
2015664	0.069565217
2016596	0.747826086
2017042	0.321739130
2017291	0.017391304
2017526	0.008695652
2018040	0.017391304
2019328	0.008695652
2019370	0.017391304
2019528	0.069565217
2020108	0.234782608
2020517	0.686956521
2020786	0.069565217
2020836	0.147826086
2021025	0.008695652
2021336	0.043478260
2021492	0.026086956
2023736	0.747826086
2025249	0.521739130
2025651	0.008695652
2025776	0.052173913
2026231	0.008695652
2027584	0.008695652
2028873	0.052173913
2029065	0.147826086
2029329	0.026086956
2029693	0.747826086
2029719	0.017391304
2029889	0.069565217
2031414	0.069565217
2032000	0.034782608
2034603	0.747826086
2034645	0.026086956
2035734	0.008695652
2035979	0.017391304
2036013	0.747826086
2036254	0.339130434
2036570	0.043478260
2036587	0.008695652
2036632	0.069565217
2036714	0.017391304
2037210	0.034782608
2037944	0.669565217
2038034	0.104347826
2038727	0.017391304
2039081	0.026086956
2039119	0.747826086
2039156	0.139130434
2039917	0.139130434
2040908	0.008695652
2041141	0.147826086
2041813	0.043478260
2042007	0.747826086
2042529	0.008695652
2042663	0.747826086
2042801	0.008695652
2043006	0.060869565
2043642	0.347826086
2044741	0.008695652
2044754	0.017391304
2045321	0.052173913
2045483	0.017391304
2046022	0.034782608
2046662	0.443478260
2047629	0.069565217
2048209	0.069565217
2048555	0.008695652
2048580	0.008695652
2048694	0.017391304
2050245	0.747826086
2050446	0.017391304
2051201	0.008695652
2051455	0.008695652
2051791	0.052173913
2052838	0.243478260
2052991	0.086956521
2053185	0.008695652
2053654	0.460869565
2054059	0.034782608
2054304	0.104347826
2055277	0.026086956
2055820	0.017391304
2056012	0.713043478
2056346	0.008695652
2056399	0.026086956
2056514	0.017391304
2056533	0.043478260
2056754	0.017391304
2058995	0.747826086
2059846	0.026086956
2059894	0.426086956
2059989	0.078260869
2060813	0.017391304
2061082	0.234782608
2061807	0.008695652
2062129	0.695652173
2063569	0.139130434
2064048	0.017391304
2064388	0.017391304
2064803	0.069565217
2064844	0.017391304
2065524	0.069565217
2065942	0.017391304
2067359	0.730434782
2067417	0.139130434
2067704	0.008695652
2068601	0.008695652
2069377	0.747826086
2069487	0.052173913
2069857	0.008695652
2070200	0.017391304
2071109	0.060869565
2072135	0.017391304
2073832	0.008695652
2073858	0.008695652
2074836	0.008695652
2076013	0.747826086
2076339	0.086956521
2077147	0.026086956
2077940	0.069565217
2078499	0.008695652
2078675	0.008695652
2078992	0.008695652
2079272	0.069565217
2079609	0.747826086
2080257	0.234782608
2080650	0.043478260
2082044	0.043478260
2082632	0.017391304
2082741	0.008695652
2082812	0.008695652
2084124	0.017391304
2084443	0.060869565
2084581	0.052173913
2084622	0.747826086
2084693	0.747826086
2084851	0.365217391
2085731	0.069565217
2086188	0.095652173
2086391	0.139130434
2086461	0.365217391
2086615	0.356521739
2086890	0.217391304
2087337	0.008695652
2088448	0.182608695
2089175	0.139130434
2089280	0.069565217
2090138	0.017391304
2090331	0.139130434
2091022	0.747826086
2091151	0.017391304
2091554	0.113043478
2091664	0.069565217
2091978	0.008695652
2092039	0.095652173
2093064	0.478260869
2093091	0.086956521
2094033	0.017391304
2094134	0.008695652
2095123	0.478260869
2095443	0.026086956
2095875	0.008695652
2096001	0.139130434
2096793	0.747826086
2097341	0.200000000
2097905	0.121739130
2098517	0.356521739
2099084	0.008695652
2099373	0.008695652
2099562	0.226086956
2100676	0.069565217
2101038	0.191304347
2101426	0.078260869
2101686	0.739130434
2102729	0.008695652
2103010	0.069565217
2104051	0.026086956
2105010	0.747826086
2105240	0.008695652
2105706	0.017391304
2106177	0.747826086
2106991	0.504347826
2107420	0.026086956
2107479	0.008695652
2107798	0.034782608
2108206	0.234782608
2109503	0.017391304
2112839	0.017391304
2113233	0.008695652
2113330	0.060869565
2113398	0.017391304
2113520	0.443478260
2113918	0.017391304
2114266	0.330434782
2114271	0.243478260
2114597	0.747826086
2115882	0.043478260
2116039	0.008695652
2116669	0.008695652
2117225	0.043478260
2117678	0.078260869
2118122	0.043478260
2119803	0.356521739
2121387	0.008695652
2121950	0.104347826
2122133	0.017391304
2122718	0.086956521
2123382	0.139130434
2124058	0.234782608
2124686	0.026086956
2125187	0.643478260
2125727	0.400000000
2125942	0.252173913
2126066	0.034782608
2126560	0.008695652
2126920	0.130434782
2127817	0.008695652
2128014	0.069565217
2129394	0.747826086
2129658	0.026086956
2129909	0.747826086
2129966	0.008695652
2130027	0.139130434
2130051	0.721739130
2130629	0.086956521
2131488	0.008695652
2131767	0.078260869
2131878	0.556521739
2131921	0.643478260
2132488	0.747826086
2134103	0.017391304
2134853	0.017391304
2136921	0.008695652
2137149	0.034782608
2138600	0.747826086
2138631	0.026086956
2138814	0.747826086
2139013	0.017391304
2140228	0.704347826
2140848	0.695652173
2141057	0.017391304
2141790	0.747826086
2142109	0.069565217
2142534	0.008695652
2142976	0.643478260
2143691	0.008695652
2143721	0.008695652
2145050	0.017391304
2145418	0.017391304
2145602	0.078260869
2146031	0.026086956
2146565	0.069565217
2146799	0.008695652
2147853	0.017391304
2148244	0.069565217
2148435	0.017391304
2150818	0.513043478
2151573	0.043478260
2153823	0.026086956
2153829	0.026086956
2154110	0.017391304
2154380	0.747826086
2154868	0.017391304
2155041	0.008695652
2155279	0.452173913
2155497	0.008695652
2155572	0.139130434
2156471	0.017391304
2156954	0.513043478
2158946	0.139130434
2159208	0.747826086
2159784	0.069565217
2160302	0.026086956
2160532	0.043478260
2160814	0.173913043
2161692	0.008695652
2163396	0.017391304
2163921	0.139130434
2164277	0.747826086
2165766	0.034782608
2166623	0.017391304
2166988	0.747826086
2167797	0.747826086
2170698	0.034782608
2170887	0.017391304
2171702	0.747826086
2171930	0.017391304
2172130	0.017391304
2172310	0.104347826
2174855	0.747826086
2175390	0.008695652
2175804	0.017391304
2177453	0.747826086
2177686	0.356521739
2178881	0.008695652
2181793	0.069565217
2183089	0.069565217
2184376	0.017391304
2184728	0.582608695
2185221	0.008695652
2185236	0.008695652
2185935	0.017391304
2186427	0.017391304
2186898	0.026086956
2188163	0.747826086
2190713	0.060869565
2191401	0.026086956
2193770	0.208695652
2194021	0.747826086
2194237	0.017391304
2194500	0.156521739
2194854	0.200000000
2196419	0.078260869
2197204	0.060869565
2198456	0.747826086
2198896	0.017391304
2200214	0.643478260
2200313	0.756521739
2201445	0.069565217
2202689	0.008695652
2203186	0.008695652
2204282	0.347826086
2208639	0.026086956
2209822	0.008695652
2210452	0.026086956
2210640	0.139130434
2212505	0.547826086
2212526	0.069565217
2212897	0.060869565
2213191	0.034782608
2213283	0.026086956
2214206	0.173913043
2214978	0.008695652
2215655	0.695652173
2215772	0.017391304
2216076	0.113043478
2218024	0.739130434
2218840	0.008695652
2219896	0.017391304
2220963	0.652173913
2221002	0.043478260
2221314	0.147826086
2221325	0.017391304
2221461	0.069565217
2222010	0.060869565
2222075	0.747826086
2222212	0.747826086
2224831	0.530434782
2225517	0.156521739
2225538	0.017391304
2226801	0.008695652
2227491	0.026086956
2227705	0.017391304
2228483	0.026086956
2228711	0.747826086
2228747	0.139130434
2229052	0.008695652
2229579	0.756521739
2229965	0.017391304
2230529	0.069565217
2231631	0.017391304
2232119	0.026086956
2234035	0.008695652
2234246	0.069565217
2234267	0.017391304
2235418	0.234782608
2235655	0.321739130
2236919	0.043478260
2237202	0.643478260
2237466	0.069565217
2241074	0.139130434
2241272	0.095652173
2241508	0.017391304
2241688	0.026086956
2242614	0.147826086
2244144	0.008695652
2244372	0.008695652
2245054	0.017391304
2245583	0.113043478
2246536	0.043478260
2246819	0.026086956
2247709	0.747826086
2249144	0.060869565
2249292	0.443478260
2249309	0.139130434
2249970	0.034782608
2250188	0.008695652
2252093	0.008695652
2252265	0.069565217
2252934	0.069565217
2254231	0.747826086
2254628	0.339130434
2255250	0.747826086
2255464	0.104347826
2256091	0.747826086
2257246	0.452173913
2257365	0.017391304
2258671	0.026086956
2259564	0.017391304
2259619	0.017391304
2259966	0.747826086
2260012	0.069565217
2260978	0.347826086
2261137	0.086956521
2261172	0.060869565
2262209	0.313043478
2262440	0.069565217
2262801	0.017391304
2265867	0.026086956
2266392	0.008695652
2266595	0.104347826
2267467	0.747826086
2267476	0.017391304
2267821	0.026086956
2268258	0.008695652
2269162	0.026086956
2270131	0.704347826
2270375	0.017391304
2270778	0.200000000
2271035	0.391304347
2271587	0.008695652
2272437	0.026086956
2272561	0.026086956
2273753	0.052173913
2274105	0.034782608
2274610	0.026086956
2275216	0.008695652
2275358	0.026086956
2276211	0.678260869
2276774	0.060869565
2277508	0.739130434
2277738	0.017391304
2278577	0.017391304
2278586	0.591304347
2278597	0.747826086
2278918	0.017391304
2279060	0.043478260
2279345	0.078260869
2279504	0.008695652
2279766	0.069565217
2279917	0.408695652
2280633	0.043478260
2281195	0.486956521
2281463	0.008695652
2281582	0.017391304
2282061	0.026086956
2282158	0.017391304
2282646	0.382608695
2283490	0.008695652
2284519	0.069565217
2285019	0.104347826
2285849	0.008695652
2286867	0.008695652
2288031	0.052173913
2288913	0.408695652
2290088	0.069565217
2290106	0.017391304
2290535	0.747826086
2290860	0.017391304
2291028	0.060869565
2291043	0.234782608
2291293	0.017391304
2293650	0.017391304
2293677	0.130434782
2294180	0.017391304
2294205	0.017391304
2294866	0.043478260
2294917	0.086956521
2295531	0.017391304
2296076	0.043478260
2296336	0.017391304
2297400	0.234782608
2297605	0.234782608
2299555	0.069565217
2300290	0.547826086
2302056	0.695652173
2302171	0.026086956
2304439	0.234782608
2304984	0.191304347
2305724	0.095652173
2305844	0.747826086
2307309	0.139130434
2308045	0.730434782
2308688	0.008695652
2308968	0.130434782
2309369	0.043478260
2309512	0.026086956
2310780	0.747826086
2312286	0.356521739
2312341	0.234782608
2315939	0.026086956
2317709	0.017391304
2317878	0.052173913
2317951	0.017391304
2318777	0.139130434
2319784	0.747826086
2320459	0.113043478
2325836	0.069565217
2326038	0.017391304
2326734	0.747826086
2326778	0.069565217
2326791	0.104347826
2327103	0.156521739
2327222	0.139130434
2328171	0.356521739
2330102	0.026086956
2332295	0.139130434
2332411	0.017391304
2333367	0.260869565
2333408	0.130434782
2333546	0.017391304
2335139	0.747826086
2335285	0.104347826
2335425	0.139130434
2336079	0.747826086
2336428	0.008695652
2336440	0.069565217
2336696	0.721739130
2337162	0.017391304
2339028	0.747826086
2339150	0.739130434
2339265	0.008695652
2339559	0.026086956
2340160	0.017391304
2340666	0.104347826
2341024	0.052173913
2341638	0.026086956
2341910	0.730434782
2341919	0.121739130
2342033	0.591304347
2342231	0.043478260
2342260	0.008695652
2342756	0.017391304
2343282	0.017391304
2343827	0.034782608
2343993	0.034782608
2344379	0.747826086
2346847	0.026086956
2347075	0.008695652
2347852	0.017391304
2348393	0.069565217
2348634	0.008695652
2348982	0.078260869
2351362	0.426086956
2351846	0.747826086
2352572	0.017391304
2352681	0.052173913
2352905	0.017391304
2353760	0.660869565
2353860	0.008695652
2353919	0.008695652
2354085	0.643478260
2354098	0.434782608
2354173	0.017391304
2355300	0.513043478
2355810	0.069565217
2356276	0.234782608
2357400	0.034782608
2358281	0.069565217
2359136	0.026086956
2359178	0.130434782
2360068	0.130434782
2360591	0.008695652
2361005	0.356521739
2361756	0.026086956
2362589	0.747826086
2362953	0.747826086
2362984	0.747826086
2363119	0.234782608
2363408	0.060869565
2364186	0.747826086
2364241	0.069565217
2364991	0.008695652
2365111	0.043478260
2365682	0.017391304
2366606	0.426086956
2366656	0.321739130
2366663	0.008695652
2367095	0.747826086
2367289	0.139130434
2367641	0.008695652
2367861	0.069565217
2369862	0.043478260
2370522	0.026086956
2370609	0.017391304
2370971	0.139130434
2371185	0.008695652
2371983	0.008695652
2372220	0.313043478
2372561	0.747826086
2373169	0.052173913
2373530	0.017391304
2373940	0.339130434
2375185	0.069565217
2375667	0.147826086
2377383	0.330434782
2378098	0.747826086
2378730	0.191304347
2379059	0.652173913
2381329	0.008695652
2381642	0.547826086
2381932	0.069565217
2382290	0.017391304
2382434	0.008695652
2382623	0.513043478
2383041	0.095652173
2384010	0.095652173
2384045	0.347826086
2384442	0.747826086
2385580	0.652173913
2385959	0.052173913
2386049	0.017391304
2386510	0.017391304
2387227	0.078260869
2387276	0.747826086
2387669	0.139130434
2388260	0.008695652
2388663	0.034782608
2388689	0.026086956
2391621	0.017391304
2391842	0.008695652
2393146	0.747826086
2393234	0.556521739
2393765	0.756521739
2393841	0.017391304
2394024	0.313043478
2394960	0.017391304
2395650	0.747826086
2395677	0.043478260
2395919	0.747826086
2396543	0.104347826
2396658	0.017391304
2396869	0.026086956
2396972	0.043478260
2397453	0.208695652
2397672	0.408695652
2397779	0.747826086
2397993	0.486956521
2398428	0.017391304
2398465	0.356521739
2398475	0.017391304
2398525	0.034782608
2399118	0.008695652
2399283	0.017391304
2400841	0.008695652
2400934	0.095652173
2402452	0.043478260
2402667	0.739130434
2403677	0.069565217
2405091	0.078260869
2406099	0.408695652
2406118	0.017391304
2406220	0.008695652
2406317	0.043478260
2406969	0.747826086
2407436	0.704347826
2407829	0.121739130
2407900	0.747826086
2408421	0.147826086
2408776	0.060869565
2409033	0.008695652
2409925	0.269565217
2410216	0.243478260
2411799	0.713043478
2414186	0.573913043
2415083	0.234782608
2415324	0.017391304
2416446	0.252173913
2416956	0.660869565
2417393	0.069565217
2418346	0.008695652
2418527	0.408695652
2418610	0.069565217
2419241	0.104347826
2419598	0.026086956
2419717	0.139130434
2420083	0.069565217
2420485	0.008695652
2420919	0.747826086
2421181	0.043478260
2421309	0.747826086
2421322	0.747826086
2422460	0.017391304
2422611	0.017391304
2423619	0.747826086
2424385	0.034782608
2424456	0.747826086
2425287	0.017391304
2425338	0.286956521
2425715	0.026086956
2426909	0.069565217
2428303	0.069565217
2429720	0.069565217
2429888	0.086956521
2430975	0.034782608
2431291	0.008695652
2431385	0.026086956
2431774	0.747826086
2431899	0.017391304
2433004	0.017391304
2434124	0.234782608
2434203	0.104347826
2434232	0.069565217
2436034	0.008695652
2436337	0.069565217
2437143	0.008695652
2437597	0.313043478
2437830	0.017391304
2438548	0.017391304
2438720	0.069565217
2438938	0.043478260
2439055	0.026086956
2439101	0.017391304
2439200	0.043478260
2439337	0.008695652
2439394	0.747826086
2439706	0.078260869
2439998	0.747826086
2440213	0.130434782
2440354	0.747826086
2440815	0.008695652
2440818	0.017391304
2440865	0.008695652
2440980	0.043478260
2441601	0.026086956
2442280	0.017391304
2443025	0.008695652
2443081	0.069565217
2443230	0.069565217
2443508	0.008695652
2443950	0.069565217
2444262	0.017391304
2444301	0.086956521
2444668	0.086956521
2445753	0.678260869
2446136	0.104347826
2446614	0.069565217
2448605	0.026086956
2448753	0.052173913
2448810	0.078260869
2449269	0.278260869
2449506	0.017391304
2449519	0.069565217
2449597	0.747826086
2450855	0.034782608
2452137	0.747826086
2452456	0.034782608
2453384	0.008695652
2453663	0.069565217
2453899	0.008695652
2454272	0.017391304
2454685	0.147826086
2455068	0.747826086
2455360	0.182608695
2455532	0.026086956
2455722	0.052173913
2456603	0.017391304
2456646	0.139130434
2457046	0.026086956
2458486	0.756521739
2458534	0.008695652
2460327	0.017391304
2460783	0.643478260
2460998	0.060869565
2461277	0.191304347
2461489	0.747826086
2461613	0.747826086
2463427	0.747826086
2463629	0.130434782
2463785	0.008695652
2464172	0.069565217
2464219	0.017391304
2464640	0.026086956
2464837	0.182608695
2465080	0.234782608
2465538	0.026086956
2465932	0.147826086
2466621	0.173913043
2467586	0.026086956
2467790	0.043478260
2468261	0.017391304
2468600	0.139130434
2468718	0.147826086
2468734	0.747826086
2468752	0.034782608
2469337	0.008695652
2469651	0.008695652
2469666	0.008695652
2471286	0.017391304
2471410	0.017391304
2471669	0.017391304
2472202	0.747826086
2472516	0.573913043
2473675	0.026086956
2476110	0.504347826
2476112	0.156521739
2476414	0.243478260
2481541	0.747826086
2482218	0.026086956
2482243	0.008695652
2483279	0.008695652
2484054	0.008695652
2484101	0.582608695
2484149	0.043478260
2484802	0.156521739
2486202	0.008695652
2487617	0.017391304
2488027	0.356521739
2488157	0.208695652
2488198	0.043478260
2489029	0.069565217
2489415	0.008695652
2489832	0.069565217
2490271	0.582608695
2490776	0.034782608
2491194	0.017391304
2491201	0.008695652
2491253	0.034782608
2492100	0.147826086
2492252	0.747826086
2492716	0.739130434
2493144	0.078260869
2493253	0.008695652
2493620	0.034782608
2494223	0.017391304
2494443	0.008695652
2495116	0.017391304
2497168	0.034782608
2497928	0.026086956
2497970	0.095652173
2498018	0.008695652
2498223	0.069565217
2499408	0.069565217
2499551	0.026086956
2500240	0.026086956
2501054	0.026086956
2501722	0.747826086
2501820	0.017391304
2503371	0.747826086
2503831	0.034782608
2504258	0.747826086
2504616	0.008695652
2505062	0.008695652
2505162	0.017391304
2505189	0.052173913
2505307	0.356521739
2506115	0.069565217
2506229	0.173913043
2506285	0.539130434
2506966	0.017391304
2507002	0.052173913
2507623	0.086956521
2507930	0.008695652
2507939	0.069565217
2508076	0.747826086
2508392	0.086956521
2508528	0.234782608
2509037	0.121739130
2509656	0.017391304
2510012	0.747826086
2510767	0.026086956
2511066	0.008695652
2511084	0.104347826
2512046	0.017391304
2512391	0.521739130
2512938	0.017391304
2513105	0.026086956
2514430	0.008695652
2514651	0.234782608
2514691	0.017391304
2515470	0.260869565
2515975	0.086956521
2516822	0.156521739
2517160	0.243478260
2518235	0.008695652
2518278	0.008695652
2518357	0.026086956
2518497	0.747826086
2518695	0.008695652
2518932	0.747826086
2519456	0.008695652
2519467	0.504347826
2520363	0.052173913
2520446	0.069565217
2521031	0.747826086
2521314	0.139130434
2522193	0.565217391
2522949	0.339130434
2523256	0.017391304
2524858	0.008695652
2524863	0.747826086
2525355	0.008695652
2526727	0.008695652
2527008	0.034782608
2527064	0.443478260
2527097	0.026086956
2527204	0.034782608
2527299	0.008695652
2527919	0.139130434
2528073	0.069565217
2528415	0.008695652
2528894	0.034782608
2529053	0.313043478
2529802	0.017391304
2529879	0.747826086
2530026	0.252173913
2530300	0.008695652
2531281	0.008695652
2531343	0.017391304
2531923	0.026086956
2532297	0.069565217
2532627	0.086956521
2532787	0.060869565
2532955	0.017391304
2533015	0.043478260
2533178	0.521739130
2533710	0.017391304
2534209	0.695652173
2534548	0.017391304
2535064	0.017391304
2535203	0.060869565
2535892	0.747826086
2536640	0.017391304
2536870	0.008695652
2537135	0.069565217
2538011	0.400000000
2538343	0.017391304
2539060	0.017391304
2539321	0.069565217
2540256	0.008695652
2540823	0.026086956
2542171	0.026086956
2542721	0.008695652
2542778	0.078260869
2543758	0.747826086
2543959	0.026086956
2544984	0.043478260
2545630	0.173913043
2545951	0.043478260
2546255	0.356521739
2547332	0.017391304
2547384	0.747826086
2548552	0.747826086
2549099	0.008695652
2549164	0.539130434
2549534	0.139130434
2549595	0.017391304
2549999	0.043478260
2550139	0.139130434
2550349	0.408695652
2550918	0.443478260
2551056	0.008695652
2551723	0.234782608
2551749	0.008695652
2552369	0.008695652
2552492	0.704347826
2552605	0.695652173
2552623	0.730434782
2553672	0.139130434
2553741	0.104347826
2554760	0.060869565
2556277	0.443478260
2557081	0.008695652
2557291	0.086956521
2557432	0.582608695
2557744	0.747826086
2558278	0.408695652
2559263	0.234782608
2560927	0.034782608
2560975	0.017391304
2562150	0.113043478
2562711	0.252173913
2562950	0.008695652
2563193	0.017391304
2563495	0.017391304
2563571	0.026086956
2563642	0.026086956
2564019	0.069565217
2564198	0.052173913
2564282	0.556521739
2564420	0.017391304
2564896	0.026086956
2565469	0.600000000
2565875	0.017391304
2566241	0.017391304
2568697	0.069565217
2568974	0.069565217
2569283	0.200000000
2569677	0.339130434
2570103	0.017391304
2570811	0.017391304
2571376	0.513043478
2571463	0.017391304
2571670	0.513043478
2571976	0.139130434
2572081	0.313043478
2572312	0.008695652
2572847	0.017391304
2572864	0.017391304
2572894	0.008695652
2573428	0.017391304
2573457	0.313043478
2573558	0.521739130
2573999	0.104347826
2574312	0.695652173
2574855	0.017391304
2574862	0.008695652
2575957	0.234782608
2576276	0.017391304
2576289	0.417391304
2576333	0.008695652
2577035	0.165217391
2577100	0.017391304
2577120	0.008695652
2578645	0.008695652
2579010	0.095652173
2579473	0.643478260
2579745	0.017391304
2579865	0.017391304
2580046	0.486956521
2580059	0.017391304
2580449	0.008695652
2580452	0.582608695
2580873	0.739130434
2581136	0.017391304
2581431	0.034782608
2582051	0.069565217
2582175	0.095652173
2582997	0.017391304
2583299	0.408695652
2583720	0.017391304
2583919	0.069565217
2584143	0.008695652
2584885	0.356521739
2584991	0.747826086
2585398	0.026086956
2585789	0.747826086
2586101	0.243478260
2587109	0.069565217
2588303	0.086956521
2588545	0.069565217
2589286	0.078260869
2590181	0.634782608
2590470	0.469565217
2591103	0.539130434
2591171	0.139130434
2591631	0.017391304
2591661	0.008695652
2592433	0.095652173
2592473	0.591304347
2592929	0.086956521
2593055	0.034782608
2593313	0.017391304
2593456	0.008695652
2593622	0.026086956
2593792	0.008695652
2594812	0.095652173
2595064	0.634782608
2595728	0.008695652
2596157	0.008695652
2596392	0.008695652
2596500	0.026086956
2596644	0.026086956
2596670	0.034782608
2596878	0.069565217
2597609	0.008695652
2597953	0.139130434
2598001	0.026086956
2598262	0.747826086
2598355	0.747826086
2598538	0.008695652
2598970	0.660869565
2599369	0.008695652
2599754	0.008695652
2599908	0.069565217
2599930	0.747826086
2600113	0.008695652
2600885	0.747826086
2601056	0.130434782
2601808	0.034782608
2602266	0.069565217
2602680	0.034782608
2602728	0.008695652
2602745	0.373913043
2603320	0.565217391
2603728	0.017391304
2603824	0.747826086
2603931	0.747826086
2604488	0.026086956
2605348	0.008695652
2605369	0.017391304
2605734	0.069565217
2605930	0.017391304
2606225	0.069565217
2606311	0.556521739
2606368	0.600000000
2606379	0.747826086
2606458	0.008695652
2607243	0.017391304
2607412	0.008695652
2607740	0.313043478
2608517	0.234782608
2608544	0.069565217
2608550	0.008695652
2609032	0.747826086
2609271	0.017391304
2610024	0.060869565
2610034	0.008695652
2610223	0.747826086
2611389	0.060869565
2611396	0.069565217
2611753	0.008695652
2612384	0.043478260
2612739	0.173913043
2612812	0.017391304
2613042	0.304347826
2613296	0.747826086
2614353	0.017391304
2614714	0.008695652
2614785	0.747826086
2614830	0.008695652
2615905	0.017391304
2616087	0.747826086
2616565	0.086956521
2616719	0.017391304
2617655	0.008695652
2617879	0.478260869
2618649	0.017391304
2618775	0.026086956
2618802	0.660869565
2619045	0.017391304
2619051	0.165217391
2619403	0.043478260
2619674	0.017391304
2619758	0.634782608
2619783	0.017391304
2620120	0.008695652
2620142	0.060869565
2620459	0.017391304
2621285	0.017391304
2621532	0.017391304
2621589	0.008695652
2621594	0.017391304
2621823	0.069565217
2622026	0.008695652
2622506	0.008695652
2622547	0.008695652
2622746	0.008695652
2622905	0.095652173
2623318	0.008695652
2623560	0.069565217
2623613	0.043478260
2623621	0.234782608
2623642	0.069565217
2623757	0.017391304
2623795	0.017391304
2624020	0.069565217
2624539	0.582608695
2624954	0.026086956
2625542	0.747826086
2625628	0.017391304
2625718	0.026086956
2627112	0.017391304
2627244	0.017391304
2627405	0.017391304
2627428	0.069565217
2628530	0.008695652
2628705	0.017391304
2628790	0.026086956
2629770	0.008695652
2630321	0.130434782
2631234	0.747826086
2631348	0.017391304
2633827	0.139130434
2633850	0.026086956
2634520	0.113043478
2634579	0.017391304
2634615	0.452173913
2634798	0.095652173
2635288	0.017391304
2635496	0.008695652
2635938	0.008695652
2635952	0.669565217
2636628	0.026086956
2637039	0.069565217
2637124	0.739130434
2637788	0.034782608
2637874	0.008695652
2638101	0.556521739
2638616	0.460869565
2638746	0.069565217
2640527	0.017391304
2640651	0.008695652
2640717	0.026086956
2640737	0.130434782
2642521	0.069565217
2642702	0.747826086
2643409	0.356521739
2643498	0.078260869
2643590	0.747826086
2643702	0.069565217
2644432	0.017391304
2644710	0.139130434
2644822	0.043478260
2645296	0.747826086
2645703	0.017391304
2645967	0.739130434
2646076	0.095652173
2646150	0.017391304
2646549	0.139130434
2646689	0.139130434
2646849	0.182608695
2646943	0.008695652
2647002	0.113043478
2647990	0.034782608
2648513	0.008695652
2649018	0.017391304
2649070	0.026086956
2649546	0.165217391
2649669	0.600000000
2650332	0.034782608
2650626	0.069565217
2651048	0.643478260
2651259	0.026086956
2651521	0.017391304
2651899	0.026086956
2652076	0.017391304
2652084	0.078260869
2652215	0.017391304
2652270	0.078260869
2652317	0.026086956
2652848	0.017391304
2653380	0.017391304
2653436	0.008695652
2653568	0.747826086
2653894	0.052173913
2653899	0.008695652
2653951	0.069565217
2654167	0.034782608
2654229	0.104347826
2654438	0.008695652
2654973	0.017391304
2655433	0.069565217
2655539	0.747826086
2655729	0.060869565
2656037	0.008695652
2656175	0.747826086
2656330	0.008695652
2657107	0.008695652
2657326	0.034782608
2657429	0.234782608
2657461	0.130434782
2658052	0.017391304
2658447	0.365217391
2658482	0.078260869
2659470	0.617391304
2659866	0.747826086
2659981	0.721739130
2659984	0.565217391
2660056	0.626086956
2660175	0.173913043
2660304	0.086956521
2660574	0.356521739
2660760	0.052173913
2660897	0.643478260
2660945	0.086956521
2661166	0.052173913
2662099	0.356521739
2662217	0.017391304
2663501	0.017391304
2663726	0.069565217
2663921	0.582608695
2664263	0.234782608
2664395	0.026086956
2664437	0.034782608
2664453	0.017391304
2664473	0.069565217
2664911	0.026086956
2665213	0.269565217
2665216	0.104347826
2665659	0.626086956
2665668	0.060869565
2665874	0.026086956
2666100	0.017391304
2666365	0.052173913
2666400	0.626086956
2666507	0.756521739
2666519	0.008695652
2666735	0.017391304
2667607	0.026086956
2667804	0.008695652
2667867	0.139130434
2667969	0.043478260
2668480	0.747826086
2668550	0.113043478
2668771	0.017391304
2669650	0.069565217
2670308	0.008695652
2670474	0.747826086
2670670	0.017391304
2670686	0.504347826
2670971	0.008695652
2671079	0.026086956
2671859	0.069565217
2672074	0.017391304
2672379	0.017391304
2672528	0.069565217
2672591	0.017391304
2672734	0.113043478
2672874	0.008695652
2672960	0.078260869
2673360	0.017391304
2673511	0.008695652
2673744	0.017391304
2673877	0.069565217
2674280	0.008695652
2674631	0.017391304
2675030	0.008695652
2675729	0.339130434
2675847	0.026086956
2675851	0.052173913
2675890	0.747826086
2675963	0.008695652
2676182	0.017391304
2676335	0.747826086
2676412	0.034782608
2676601	0.086956521
2677002	0.078260869
2677620	0.034782608
2678131	0.017391304
2678362	0.643478260
2678655	0.747826086
2678842	0.026086956
2679374	0.017391304
2679523	0.069565217
2679591	0.034782608
2679774	0.017391304
2680081	0.026086956
2680286	0.747826086
2680332	0.026086956
2680379	0.008695652
2680476	0.026086956
2680982	0.747826086
2681248	0.017391304
2681507	0.017391304
2682244	0.069565217
2682484	0.026086956
2682688	0.139130434
2682977	0.017391304
2683822	0.017391304
2684142	0.026086956
2684494	0.513043478
2684608	0.008695652
2684679	0.747826086
2685211	0.017391304
2685225	0.008695652
2685612	0.069565217
2686178	0.060869565
2687091	0.408695652
2687245	0.260869565
2687468	0.017391304
2687666	0.721739130
2688290	0.069565217
2688294	0.104347826
2688467	0.017391304
2689108	0.008695652
2689482	0.313043478
2689544	0.008695652
2689551	0.034782608
2689597	0.365217391
2689759	0.008695652
2689780	0.034782608
2689866	0.147826086
2690281	0.017391304
2690320	0.008695652
2690724	0.034782608
2690833	0.095652173
2690867	0.069565217
2691130	0.139130434
2691801	0.008695652
2692393	0.017391304
2692655	0.495652173
2692747	0.008695652
2692803	0.034782608
2692999	0.008695652
2693325	0.017391304
2693327	0.017391304
2694070	0.017391304
2694613	0.034782608
2694637	0.026086956
2694704	0.017391304
2694742	0.034782608
2694790	0.008695652
2694940	0.017391304
2695024	0.052173913
2695115	0.608695652
2695202	0.026086956
2695377	0.034782608
2695387	0.017391304
2695688	0.513043478
2696192	0.017391304
2696243	0.321739130
2696391	0.652173913
2696724	0.069565217
2696919	0.017391304
2697076	0.139130434
2697604	0.147826086
2697764	0.095652173
2698024	0.382608695
2698097	0.156521739
2698322	0.060869565
2698673	0.026086956
2698845	0.017391304
2699284	0.017391304
2699404	0.347826086
2699501	0.139130434
2699692	0.008695652
2699985	0.017391304
2700129	0.017391304
2700167	0.017391304
2700201	0.008695652
2700470	0.017391304
2700530	0.008695652
2701292	0.139130434
2701585	0.365217391
2701957	0.521739130
2702902	0.747826086
2702944	0.017391304
2703769	0.069565217
2703865	0.695652173
2704324	0.017391304
2704470	0.026086956
2704591	0.052173913
2704663	0.747826086
2704676	0.008695652
2704812	0.443478260
2706489	0.008695652
2706882	0.747826086
2706949	0.078260869
2707015	0.365217391
2707057	0.747826086
2707164	0.008695652
2707346	0.060869565
2707485	0.008695652
2707539	0.034782608
2707558	0.582608695
2707561	0.017391304
2707610	0.052173913
2708021	0.008695652
2708287	0.017391304
2708388	0.408695652
2708487	0.034782608
2708571	0.043478260
2708608	0.069565217
2708970	0.008695652
2709165	0.034782608
2709609	0.017391304
2709729	0.008695652
2709815	0.139130434
2709894	0.060869565
2710882	0.747826086
2711057	0.017391304
2711138	0.008695652
2711748	0.017391304
2711983	0.026086956
2712069	0.026086956
2712105	0.008695652
2712116	0.278260869
2712134	0.017391304
2712179	0.008695652
2712247	0.008695652
2712531	0.017391304
2712986	0.017391304
2713799	0.460869565
2713929	0.747826086
2714266	0.017391304
2714336	0.739130434
2715334	0.104347826
2715352	0.060869565
2715462	0.017391304
2715564	0.078260869
2716243	0.052173913
2716245	0.034782608
2716387	0.313043478
2716614	0.139130434
2717128	0.008695652
2717392	0.069565217
2717788	0.026086956
2718109	0.121739130
2718123	0.139130434
2718195	0.008695652
2718706	0.008695652
2719417	0.747826086
2719559	0.008695652
2719614	0.008695652
2719850	0.078260869
2720358	0.060869565
2720617	0.304347826
2721298	0.139130434
2721607	0.182608695
2722088	0.747826086
2722189	0.165217391
2722198	0.747826086
2722739	0.043478260
2723078	0.095652173
2723091	0.034782608
2723221	0.295652173
2723319	0.469565217
2723416	0.008695652
2723666	0.017391304
2723983	0.217391304
2724000	0.069565217
2724009	0.034782608
2724018	0.069565217
2724075	0.026086956
2724760	0.034782608
2725387	0.069565217
2725403	0.008695652
2725798	0.017391304
2727231	0.356521739
2727373	0.069565217
2727400	0.017391304
2727815	0.747826086
2728237	0.643478260
2728814	0.069565217
2728935	0.008695652
2729003	0.017391304
2729150	0.313043478
2729524	0.147826086
2729566	0.052173913
2729664	0.017391304
2729934	0.408695652
2730135	0.043478260
2730566	0.060869565
2730605	0.008695652
2730660	0.017391304
2730766	0.747826086
2730834	0.008695652
2731945	0.382608695
2732025	0.017391304
2732220	0.043478260
2732337	0.104347826
2732353	0.747826086
2732418	0.747826086
2733494	0.069565217
2733591	0.017391304
2734111	0.008695652
2734218	0.008695652
2734427	0.017391304
2734559	0.530434782
2734677	0.713043478
2735007	0.034782608
2735293	0.017391304
2735767	0.739130434
2735958	0.017391304
2736063	0.582608695
2736107	0.278260869
2736278	0.043478260
2736323	0.008695652
2736362	0.008695652
2736738	0.234782608
2737082	0.747826086
2737191	0.747826086
2737336	0.513043478
2737490	0.017391304
2737704	0.026086956
2738078	0.017391304
2738112	0.017391304
2738452	0.095652173
2738647	0.017391304
2738831	0.008695652
2739204	0.008695652
2739212	0.060869565
2739332	0.017391304
2739860	0.139130434
2739941	0.313043478
2740372	0.017391304
2740599	0.017391304
2740754	0.069565217
2740784	0.017391304
2741101	0.130434782
2741110	0.139130434
2741263	0.017391304
2741386	0.747826086
2741820	0.095652173
2741913	0.747826086
2741961	0.113043478
2742404	0.313043478
2742405	0.469565217
2742420	0.017391304
2742424	0.026086956
2742531	0.382608695
2742595	0.069565217
2742970	0.017391304
2743546	0.069565217
2743699	0.539130434
2743997	0.747826086
2744666	0.095652173
2744860	0.026086956
2745085	0.060869565
2745095	0.043478260
2745225	0.060869565
2745243	0.130434782
2745266	0.026086956
2745282	0.008695652
2745391	0.008695652
2745493	0.017391304
2745692	0.026086956
2745750	0.747826086
2745969	0.356521739
2746202	0.017391304
2746404	0.382608695
2747138	0.008695652
2747220	0.052173913
2747370	0.017391304
2747496	0.104347826
2747645	0.313043478
2747675	0.026086956
2747926	0.008695652
2747933	0.017391304
2747958	0.008695652
2748275	0.321739130
2749140	0.026086956
2749218	0.017391304
2749281	0.008695652
2749344	0.017391304
2749783	0.017391304
2749835	0.008695652
2749999	0.017391304
2750164	0.008695652
2750398	0.034782608
2751047	0.017391304
2751601	0.052173913
2751949	0.069565217
2752189	0.713043478
2752216	0.695652173
2752334	0.034782608
2752387	0.008695652
2752466	0.017391304
2752543	0.643478260
2752864	0.008695652
2752902	0.026086956
2752931	0.704347826
2752958	0.573913043
2752978	0.052173913
2753105	0.008695652
2753142	0.017391304
2753458	0.017391304
2753488	0.034782608
2753491	0.017391304
2753571	0.008695652
2753704	0.078260869
2753800	0.008695652
2753844	0.026086956
2753915	0.017391304
2753960	0.026086956
2754183	0.078260869
2754278	0.017391304
2754351	0.034782608
2754508	0.017391304
2754548	0.026086956
2754594	0.156521739
2755115	0.017391304
2755232	0.139130434
2755381	0.008695652
2755561	0.026086956
2755581	0.747826086
2755651	0.034782608
2755807	0.017391304
2755853	0.130434782
2755854	0.026086956
2756103	0.017391304
2756437	0.008695652
2756584	0.452173913
2756764	0.026086956
2757448	0.313043478
2757503	0.017391304
2757857	0.747826086
2757917	0.017391304
2758041	0.043478260
2758156	0.008695652
2758331	0.008695652
2758461	0.008695652
2758470	0.008695652
2758789	0.017391304
2758929	0.139130434
2759176	0.008695652
2759218	0.017391304
2759312	0.017391304
2759474	0.156521739
2759594	0.017391304
2759595	0.008695652
2759720	0.026086956
2759738	0.008695652
2760074	0.034782608
2760123	0.017391304
2760246	0.069565217
2760276	0.060869565
2760421	0.052173913
2760442	0.165217391
2760458	0.017391304
2760610	0.008695652
2760643	0.139130434
2760646	0.652173913
2760837	0.739130434
2760977	0.043478260
2760986	0.139130434
2761111	0.008695652
2761303	0.226086956
2761621	0.008695652
2761674	0.017391304
2761717	0.095652173
2761735	0.513043478
2761763	0.008695652
2761887	0.226086956
2762494	0.017391304
2762517	0.234782608
2762679	0.008695652
2762727	0.026086956
2762882	0.008695652
2763304	0.017391304
2763441	0.043478260
2763653	0.008695652
2763711	0.008695652
2763820	0.017391304
2763942	0.017391304
2763967	0.156521739
2764003	0.730434782
2764625	0.017391304
2764655	0.008695652
2764778	0.017391304
2764862	0.695652173
2764871	0.104347826
2765492	0.017391304
2765501	0.017391304
2766432	0.008695652
2766479	0.008695652
2766836	0.026086956
2767102	0.008695652
2767250	0.008695652
2767621	0.008695652
2767624	0.008695652
2767662	0.173913043
2767668	0.052173913
2767680	0.104347826
2767988	0.034782608
2768180	0.043478260
2768941	0.008695652
2769177	0.200000000
2769345	0.086956521
2769396	0.330434782
2769437	0.052173913
2769509	0.069565217
2770702	0.252173913
2770959	0.695652173
2771183	0.052173913
2771268	0.008695652
2771729	0.008695652
2772018	0.008695652
2772186	0.017391304
2772248	0.365217391
2772393	0.026086956
2772644	0.008695652
2772720	0.069565217
2773047	0.026086956
2773317	0.008695652
2773738	0.008695652
2774081	0.069565217
2774407	0.017391304
2774539	0.121739130
2774554	0.017391304
2774963	0.617391304
2775171	0.052173913
2775228	0.582608695
2776048	0.069565217
2776492	0.043478260
2776661	0.017391304
2776804	0.495652173
2776817	0.417391304
2776895	0.008695652
2776957	0.069565217
2777134	0.034782608
2777394	0.017391304
2777557	0.026086956
2777645	0.017391304
2777695	0.086956521
2777892	0.295652173
2778048	0.017391304
2778058	0.017391304
2778113	0.052173913
2778769	0.008695652
2778933	0.017391304
2778981	0.026086956
2779482	0.008695652
2779701	0.043478260
2780028	0.017391304
2780048	0.008695652
2780103	0.017391304
2780167	0.008695652
2780333	0.017391304
2780873	0.017391304
2780921	0.069565217
2781295	0.008695652
2781380	0.747826086
2781683	0.043478260
2781739	0.043478260
2781882	0.008695652
2782003	0.034782608
2782088	0.017391304
2782732	0.373913043
2782907	0.069565217
2783046	0.130434782
2783383	0.686956521
2783810	0.008695652
2784044	0.121739130
2784154	0.008695652
2784234	0.008695652
2784297	0.017391304
2784458	0.008695652
2784461	0.747826086
2784759	0.017391304
2784866	0.017391304
2784990	0.043478260
2785028	0.078260869
2785135	0.026086956
2785142	0.008695652
2785256	0.008695652
2785273	0.052173913
2785322	0.017391304
2785367	0.008695652
2785690	0.017391304
2786453	0.017391304
2786563	0.043478260
2786777	0.026086956
2786892	0.139130434
2786957	0.234782608
2787128	0.017391304
2787298	0.026086956
2787307	0.043478260
2787373	0.069565217
2787468	0.417391304
2788030	0.747826086
2788545	0.008695652
2788760	0.008695652
2788842	0.069565217
2789270	0.017391304
2789520	0.721739130
2789822	0.008695652
2790548	0.060869565
2790686	0.008695652
2790932	0.139130434
2791856	0.008695652
2792013	0.200000000
2792140	0.321739130
2792506	0.156521739
2793059	0.008695652
2793079	0.008695652
2794407	0.026086956
2794508	0.017391304
2794745	0.139130434
2795047	0.026086956
2795152	0.017391304
2795534	0.017391304
2795559	0.017391304
2795796	0.017391304
2796071	0.008695652
2796113	0.008695652
2796172	0.017391304
2796344	0.060869565
2797321	0.034782608
2797457	0.034782608
2797755	0.052173913
2797788	0.034782608
2797965	0.017391304
2798628	0.026086956
2798814	0.008695652
2798871	0.017391304
2798946	0.008695652
2799026	0.069565217
2799089	0.582608695
2799231	0.339130434
2800370	0.008695652
2800491	0.008695652
2800521	0.017391304
2800888	0.026086956
2801734	0.034782608
2801772	0.008695652
2801888	0.008695652
2802441	0.008695652
2802446	0.034782608
2803092	0.017391304
2803807	0.095652173
2804661	0.008695652
2805538	0.008695652
2805561	0.017391304
2805665	0.034782608
2805684	0.747826086
2805764	0.043478260
2805948	0.008695652
2806302	0.434782608
2806379	0.139130434
2806492	0.008695652
2806792	0.730434782
2806967	0.034782608
2807404	0.008695652
2807776	0.008695652
2807831	0.008695652
2808067	0.104347826
2808580	0.069565217
2809344	0.017391304
2810127	0.017391304
2810496	0.321739130
2811101	0.008695652
2811832	0.008695652
2811868	0.017391304
2812015	0.026086956
2812079	0.017391304
2812117	0.147826086
2812178	0.008695652
2812191	0.017391304
2813707	0.139130434
2813855	0.008695652
2813897	0.026086956
2814612	0.017391304
2814764	0.026086956
2815271	0.026086956
2815302	0.443478260
2815476	0.069565217
2816610	0.008695652
2816993	0.034782608
2817113	0.017391304
2817130	0.017391304
2817660	0.008695652
2817715	0.408695652
2817805	0.008695652
2818328	0.034782608
2818377	0.008695652
2818502	0.513043478
2818700	0.008695652
2818994	0.008695652
2819034	0.747826086
2819305	0.104347826
2820249	0.026086956
2820655	0.026086956
2820782	0.017391304
2821472	0.008695652
2821747	0.321739130
2821886	0.017391304
2822205	0.008695652
2822880	0.008695652
2823003	0.017391304
2823283	0.017391304
2823344	0.069565217
2824355	0.008695652
2825367	0.008695652
2825491	0.069565217
2825548	0.139130434
2825677	0.313043478
2826124	0.008695652
2826364	0.017391304
2826910	0.017391304
2827017	0.008695652
2827155	0.730434782
2827185	0.034782608
2827623	0.008695652
2827874	0.008695652
2828262	0.321739130
2828743	0.121739130
2829022	0.652173913
2829085	0.026086956
2829184	0.008695652
2829471	0.156521739
2829655	0.008695652
2829776	0.008695652
2830907	0.260869565
2832088	0.026086956
2832106	0.008695652
2832154	0.008695652
2833249	0.017391304
2834201	0.008695652
2834402	0.034782608
2834708	0.008695652
2834851	0.017391304
2835149	0.026086956
2835223	0.017391304
2838209	0.182608695
2838287	0.008695652
2838965	0.008695652
2840176	0.008695652
2840453	0.008695652
2840616	0.747826086
2840754	0.008695652
2840767	0.008695652
2840813	0.730434782
2840919	0.017391304
2841504	0.052173913
2841576	0.017391304
2842955	0.008695652
2844072	0.034782608
2844653	0.008695652
2845238	0.034782608
2845462	0.043478260
2846271	0.017391304
2846869	0.008695652
2847685	0.043478260
2847726	0.052173913
2848216	0.747826086
2848537	0.017391304
2850035	0.017391304
2850653	0.582608695
2850839	0.747826086
2851930	0.747826086
2852152	0.008695652
2852526	0.008695652
2852916	0.017391304
2853066	0.017391304
2853638	0.026086956
2854076	0.017391304
2854342	0.008695652
2857770	0.104347826
2858518	0.017391304
2858939	0.026086956
2859063	0.243478260
2859335	0.017391304
2859576	0.147826086
2860708	0.443478260
2860807	0.026086956
2861030	0.017391304
2861421	0.008695652
2861429	0.008695652
2861520	0.026086956
2862022	0.747826086
2862193	0.008695652
2862203	0.008695652
2862330	0.026086956
2862424	0.052173913
2862640	0.086956521
2862809	0.017391304
2863282	0.356521739
2863600	0.747826086
2863750	0.008695652
2864593	0.156521739
2864764	0.017391304
2864857	0.243478260
2866091	0.052173913
2866178	0.017391304
2867260	0.034782608
2867558	0.026086956
2868293	0.139130434
2868363	0.008695652
2868529	0.139130434
2868909	0.008695652
2869753	0.008695652
2871634	0.008695652
2871880	0.008695652
2871958	0.034782608
2872397	0.008695652
2873004	0.208695652
2873227	0.747826086
2873455	0.626086956
2873515	0.008695652
2873652	0.026086956
2874135	0.052173913
2874318	0.017391304
2874854	0.069565217
2875236	0.017391304
2875628	0.034782608
2875718	0.008695652
2876825	0.104347826
2877038	0.747826086
2877162	0.747826086
2877534	0.017391304
2877697	0.008695652
2877850	0.026086956
2878378	0.017391304
2878964	0.139130434
2879618	0.017391304
2879962	0.008695652
2880644	0.026086956
2880813	0.321739130
2881727	0.008695652
2882577	0.139130434
2883090	0.026086956
2883369	0.069565217
2884390	0.043478260
2884781	0.017391304
2884877	0.017391304
2885272	0.078260869
2885431	0.104347826
2885459	0.060869565
2885765	0.034782608
2886961	0.052173913
2887431	0.052173913
2887440	0.008695652
2887486	0.008695652
2887660	0.008695652
2887684	0.034782608
2888511	0.182608695
2888648	0.017391304
2888685	0.747826086
2889100	0.286956521
2889429	0.026086956
2889651	0.269565217
2889987	0.747826086
2890012	0.008695652
2890242	0.017391304
2891134	0.017391304
2891472	0.547826086
2892196	0.017391304
2892327	0.043478260
2893873	0.008695652
2894143	0.747826086
2894645	0.026086956
2894852	0.278260869
2894900	0.008695652
2894954	0.017391304
2895268	0.226086956
2896522	0.234782608
2896806	0.017391304
2898199	0.643478260
2899117	0.008695652
2900180	0.026086956
2900496	0.008695652
2901052	0.008695652
2901382	0.017391304
2901501	0.295652173
2902376	0.008695652
2902450	0.069565217
2903527	0.121739130
2903941	0.008695652
2905255	0.069565217
2905592	0.034782608
2906392	0.017391304
2906829	0.243478260
2907471	0.017391304
2908635	0.695652173
2910064	0.313043478
2911541	0.139130434
2912021	0.747826086
2912260	0.069565217
2913155	0.182608695
2914706	0.017391304
2916189	0.234782608
2916870	0.313043478
2917507	0.086956521
2917805	0.060869565
2918468	0.034782608
2919307	0.008695652
2921147	0.286956521
2924315	0.617391304
2924748	0.234782608
2928234	0.747826086
2930937	0.069565217
2943348	0.017391304
2944183	0.017391304
2954166	0.008695652
2959036	0.008695652
2959354	0.026086956
2963149	0.017391304
2963298	0.043478260
2963575	0.017391304
2967040	0.095652173
2969333	0.017391304
2970702	0.008695652
2971165	0.017391304
2973144	0.356521739
2973309	0.452173913
2974928	0.008695652
2976164	0.017391304
2977013	0.026086956
2977537	0.034782608
2979494	0.017391304
2979878	0.513043478
2982030	0.043478260
2983264	0.008695652
2984170	0.008695652
2986205	0.078260869
2987355	0.026086956
2990293	0.034782608
2990488	0.043478260
2990517	0.008695652
2991808	0.017391304
2993951	0.121739130
2994216	0.008695652
2996639	0.304347826
2998083	0.017391304
2999585	0.034782608
2999906	0.026086956
3002688	0.008695652
3003153	0.017391304
3008168	0.747826086
3011664	0.008695652
3016371	0.008695652
3018268	0.026086956
3020104	0.008695652
3020326	0.095652173
3021842	0.191304347
3022005	0.043478260
3022961	0.008695652
3027599	0.017391304
3031390	0.017391304
3034088	0.017391304
3035083	0.043478260
3036244	0.008695652
3045469	0.347826086
3045613	0.130434782
3046340	0.008695652
3049306	0.008695652
3068371	0.130434782
3071043	0.017391304
3078139	0.008695652
3080022	0.026086956
3084862	0.017391304
3085632	0.017391304
3085945	0.017391304
3087093	0.017391304
3088706	0.026086956
3091070	0.008695652
3093169	0.356521739
3094734	0.017391304
3102336	0.017391304
3102350	0.017391304
3103222	0.034782608
3104051	0.026086956
3105799	0.008695652
3109213	0.234782608
3113118	0.017391304
3113978	0.026086956
3116124	0.060869565
3117584	0.747826086
3122446	0.017391304
3122963	0.008695652
3128877	0.017391304
3137077	0.069565217
3138489	0.182608695
3138924	0.017391304
3138974	0.034782608
3142042	0.069565217
3144332	0.034782608
3145053	0.008695652
3149191	0.017391304
3153080	0.095652173
3153130	0.008695652
3157670	0.069565217
3164428	0.008695652
3169884	0.017391304
3170420	0.026086956
3175020	0.747826086
3182594	0.043478260
3183736	0.017391304
3186921	0.008695652
3191309	0.747826086
3193015	0.017391304
3194306	0.034782608
3196535	0.747826086
3203279	0.008695652
3204209	0.008695652
3205711	0.017391304
3209908	0.017391304
3216670	0.008695652
3219842	0.034782608
3225033	0.008695652
3231262	0.008695652
3238988	0.034782608
3243064	0.060869565
3244850	0.095652173
3246039	0.008695652
3249785	0.017391304
3253531	0.069565217
3259361	0.008695652
3261333	0.069565217
3268295	0.086956521
3268600	0.026086956
3289683	0.017391304
3292307	0.017391304
3294266	0.008695652
3295333	0.069565217
3296213	0.008695652
3296294	0.008695652
3300191	0.008695652
3312616	0.069565217
3315783	0.026086956
3316952	0.017391304
3318877	0.008695652
3322932	0.017391304
3329133	0.260869565
3336879	0.017391304
3337164	0.643478260
3338272	0.443478260
3341508	0.008695652
3345188	0.043478260
3345192	0.043478260
3352745	0.008695652
3356050	0.008695652
3360763	0.017391304
3363829	0.017391304
3369169	0.008695652
3377191	0.017391304
3378575	0.069565217
3385772	0.008695652
3403397	0.008695652
3413157	0.008695652
3414252	0.017391304
3415282	0.069565217
3432665	0.008695652
3437044	0.078260869
3437579	0.008695652
3449683	0.234782608
3454802	0.104347826
3459188	0.008695652
3462169	0.017391304
3478177	0.069565217
3480088	0.017391304
3492656	0.008695652
3503734	0.008695652
3504403	0.017391304
3506795	0.695652173
3508631	0.408695652
3510948	0.017391304
