3
4
11
25
27
29
30
31
32
33
35
36
38
41
42
43
44
45
47
52
53
54
57
59
62
66
72
73
74
78
83
85
88
90
91
92
94
98
100
102
106
109
124
127
131
132
145
148
153
161
166
167
172
174
175
176
177
178
179
180
182
187
189
190
195
199
200
201
207
213
215
220
231
233
234
237
238
239
240
243
244
247
248
250
252
255
257
258
259
262
265
268
270
273
274
275
276
279
280
282
283
284
285
286
288
289
290
292
294
299
303
304
305
309
310
311
313
314
315
317
319
321
322
323
324
325
326
328
329
330
331
335
337
339
340
344
347
350
351
352
354
355
359
361
362
365
367
368
369
370
372
373
374
377
378
385
386
389
390
392
396
398
402
403
405
408
409
410
415
418
421
422
423
424
425
428
429
430
431
432
433
437
438
440
443
446
447
448
449
451
452
455
460
461
462
464
466
467
471
472
474
477
479
480
482
483
485
486
491
493
500
501
506
507
509
511
513
514
515
517
519
520
530
532
537
538
545
549
554
557
559
561
562
563
570
571
573
577
579
580
582
584
585
586
587
594
596
598
599
601
604
605
606
607
609
611
613
615
616
619
621
622
623
624
628
629
630
632
635
639
640
646
649
650
652
657
659
660
665
668
671
673
675
677
678
680
688
691
700
702
703
706
709
714
715
716
717
719
722
728
730
732
733
738
741
743
744
745
748
753
754
756
757
758
759
760
765
775
776
777
783
784
786
789
792
793
794
799
800
802
804
806
807
809
810
811
812
815
819
820
822
827
828
831
835
836
837
839
841
845
847
848
850
851
855
856
857
859
863
864
866
867
868
869
872
888
889
891
893
896
897
898
902
903
904
906
907
908
917
925
931
932
934
936
937
939
941
943
945
947
950
953
954
956
957
960
964
965
966
969
985
987
988
991
999
1011
1014
1017
1018
1022
1030
1031
1032
1034
1036
1038
1041
1043
1044
1045
1047
1049
1050
1051
1052
1055
1057
1059
1060
1077
1080
1082
1083
1085
1087
1088
1090
1092
1094
1095
1098
1100
1103
1104
1105
1107
1108
1109
1110
1111
1113
1117
1118
1120
1121
1131
1132
1133
1136
1137
1140
1150
1168
1180
1182
1186
1188
1192
1193
1196
1198
1199
1201
1203
1206
1208
1209
1211
1213
1214
1215
1217
1225
1227
1228
1229
1230
1233
1235
1238
1239
1245
1247
1248
1250
1252
1255
1266
1269
1273
1275
1276
1280
1281
1284
1285
1288
1292
1294
1295
1299
1301
1305
1307
1312
1313
1314
1315
1316
1317
1318
1319
1322
1323
1328
1330
1332
1334
1335
1344
1351
1357
1358
1360
1365
1366
1368
1369
1370
1375
1376
1378
1380
1382
1387
1390
1394
1396
1397
1407
1409
1413
1415
1421
1431
1435
1436
1438
1441
1442
1444
1453
1454
1456
1461
1465
1468
1474
1476
1477
1479
1483
1489
1491
1492
1494
1498
1500
1507
1509
1515
1517
1520
1522
1529
1531
1532
1533
1534
1535
1536
1538
1539
1540
1541
1543
1545
1546
1547
1549
1551
1552
1553
1556
1557
1560
1562
1563
1565
1567
1573
1577
1589
1590
1592
1597
1599
1602
1603
1604
1605
1607
1609
1610
1617
1619
1620
1628
1630
1633
1638
1639
1640
1641
1642
1645
1652
1654
1655
1657
1660
1662
1665
1666
1668
1669
1670
1671
1674
1675
1676
1677
1680
1682
1684
1685
1686
1690
1695
1702
1703
1705
1706
1709
1711
1712
1714
1717
1718
1723
1725
1728
1730
1733
1734
1735
1736
1737
1757
1763
1768
1773
1778
1783
1794
1795
1802
1804
1806
1807
1808
1809
1810
1811
1812
1813
1814
1816
1818
1819
1820
1821
1824
1828
1829
1830
1837
1838
1847
1850
1851
1857
1858
1859
1860
1861
1863
1864
1865
1867
1868
1869
1871
1873
1875
1877
1879
1882
1883
1884
1887
1891
1892
1895
1896
1898
1899
1900
1904
1908
1909
1910
1912
1914
1916
1917
1918
1920
1921
1923
1929
1930
1931
1932
1943
1949
1952
1953
1957
1960
1973
1974
1976
1977
1983
1986
1990
1995
2003
2007
2008
2012
2015
2016
2017
2019
2020
2023
2025
2028
2030
2031
2034
2036
2038
2039
2042
2044
2048
2049
2050
2051
2056
2057
2060
2063
2068
2071
2074
2076
2078
2079
2081
2082
2083
2092
2094
2095
2096
2097
2102
2103
2107
2111
2112
2116
2117
2119
2122
2124
2125
2126
2127
2130
2131
2132
2134
2135
2136
2137
2139
2143
2145
2146
2147
2148
2149
2150
2154
2158
2163
2167
2170
2172
2174
2175
2176
2179
2187
2195
2203
2204
2205
2206
2208
2209
2210
2213
2214
2216
2217
2218
2221
2222
2225
2227
2228
2232
2235
2247
2248
2250
2252
2253
2255
2256
2257
2260
2263
2273
2275
2277
2278
2279
2281
2283
2284
2285
2286
2294
2295
2296
2299
2305
2308
2310
2311
2313
2315
2316
2317
2318
2319
2320
2322
2323
2324
2327
2328
2329
2330
2331
2332
2333
2336
2337
2338
2339
2340
2343
2348
2350
2352
2353
2354
2355
2356
2358
2363
2364
2365
2366
2368
2369
2370
2372
2375
2376
2377
2379
2381
2382
2383
2384
2385
2386
2387
2388
2389
2392
2393
2396
2400
2406
2407
2409
2410
2411
2414
2417
2418
2419
2421
2422
2423
2424
2428
2435
2439
2442
2448
2468
2471
2472
2475
2479
2480
2482
2485
2488
2490
2495
2496
2503
2510
2527
2530
2533
2537
2538
2540
2541
2543
2544
2545
2546
2547
2548
2551
2553
2558
2563
2564
2566
2569
2570
2571
2573
2575
2580
2582
2583
2584
2585
2586
2587
2590
2594
2595
2597
2598
2600
2601
2602
2603
2605
2612
2613
2615
2616
2618
2628
2633
2634
2638
2640
2649
2651
2652
2656
2659
2661
2662
2667
2668
2669
2671
2674
2677
2678
2681
2683
2697
2701
2704
2708
2712
2714
2716
2718
2724
2725
2727
2729
2731
2734
2737
2739
2740
2742
2744
2745
2749
2751
2754
2757
2758
2759
2760
2762
2763
2765
2766
2767
2768
2770
2771
2772
2776
2778
2779
2780
2781
2784
2786
2788
2789
2790
2792
2793
2794
2795
2796
2797
2798
2801
2805
2808
2814
2817
2824
2826
2840
2844
2845
2846
2847
2848
2851
2852
2853
2854
2855
2856
2857
2858
2859
2860
2862
2865
2867
2868
2869
2871
2872
2873
2877
2879
2883
2884
2888
2889
2890
2891
2893
2898
2906
2912
2913
2914
2915
2917
2918
2920
2921
2922
2925
2927
2929
2934
2939
2945
2947
2948
2951
2954
2956
2958
2960
2968
2970
2971
2972
2973
2974
2975
2976
2980
2981
2983
2985
2986
2987
2992
2994
2995
2997
2998
2999
3000
3006
3007
3009
3010
3013
3014
3016
3018
3020
3021
3022
3024
3025
3028
3030
3033
3035
3036
3039
3040
3041
3044
3045
3049
3054
3058
3060
3063
3065
3067
3069
3070
3071
3072
3075
3076
3077
3078
3080
3083
3085
3087
3089
3090
3091
3092
3093
3094
3096
3097
3098
3100
3101
3102
3105
3107
3109
3120
3125
3128
3131
3132
3133
3134
3136
3138
3146
3147
3149
3154
3155
3159
3164
3166
3169
3170
3171
3172
3173
3174
3178
3180
3182
3183
3185
3187
3188
3189
3196
3197
3198
3203
3204
3205
3206
3208
3209
3211
3214
3215
3216
3219
3220
3221
3223
3224
3226
3227
3229
3230
3231
3233
3234
3235
3236
3237
3240
3245
3246
3249
3250
3251
3252
3254
3255
3256
3257
3259
3268
3271
3273
3276
3277
3278
3279
3281
3282
3283
3284
3285
3286
3289
3290
3293
3294
3295
3296
3298
3300
3301
3305
3308
3311
3319
3321
3325
3327
3328
3329
3332
3333
3334
3336
3338
3344
3347
3348
3349
3354
3357
3359
3360
3361
3375
3379
3381
3384
3385
3386
3388
3391
3399
3401
3402
3404
3405
3406
3407
3408
3409
3411
3412
3415
3416
3417
3418
3419
3420
3422
3423
3427
3428
3430
3443
3444
3445
3446
3447
3450
3452
3454
3455
3456
3457
3458
3460
3467
3468
3470
3471
3473
3474
3476
3477
3479
3480
3481
3482
3483
3484
3486
3487
3488
3490
3492
3497
3500
3501
3507
3509
3510
3511
3512
3513
3514
3515
3516
3518
3519
3520
3523
3524
3526
3529
3531
3533
3534
3535
3538
3540
3542
3543
3545
3546
3548
3550
3551
3558
3559
3560
3562
3564
3566
3567
3568
3569
3570
3572
3573
3574
3575
3576
3578
3579
3580
3582
3585
3586
3588
3589
3592
3593
3597
3598
3600
3601
3604
3605
3606
3607
3608
3611
3612
3615
3616
3617
3620
3622
3628
3629
3632
3633
3634
3636
3638
3641
3644
3645
3646
3647
3649
3650
3651
3653
3654
3657
3661
3666
3667
3669
3675
3677
3680
3681
3682
3683
3685
3689
3690
3691
3696
3699
3701
3702
3703
3704
3705
3706
3708
3710
3715
3718
3720
3721
3723
3724
3725
3726
3727
3728
3730
3731
3732
3733
3735
3736
3738
3739
3740
3741
3744
3745
3749
3751
3756
3760
3772
3775
3777
3781
3783
3786
3791
3793
3798
3800
3811
3813
3814
3816
3817
3821
3826
3831
3837
3838
3840
3844
3847
3849
3854
3855
3856
3859
3861
3863
3864
3866
3867
3868
3869
3870
3871
3873
3876
3877
3878
3882
3883
3885
3888
3889
3890
3891
3892
3893
3894
3895
3897
3900
3901
3902
3904
3905
3907
3908
3910
3911
3912
3913
3914
3915
3916
3917
3919
3920
3922
3923
3927
3929
3931
3932
3933
3935
3936
3937
3938
3939
3943
3944
3946
3947
3949
3952
3953
3954
3956
3958
3959
3964
3965
3968
3969
3970
3973
3974
3976
3978
3979
3980
3981
3982
3985
3986
3988
3990
3995
3999
4000
4001
4004
4008
4009
4010
4011
4012
4013
4014
4015
4016
4018
4019
4020
4021
4022
4023
4029
4030
4031
4032
4034
4036
4037
4038
4040
4042
4043
4044
4045
4048
4050
4051
4052
4053
4054
4055
4056
4057
4058
4059
4061
4062
4064
4067
4068
4069
4070
4072
4073
4075
4076
4077
4079
4082
4086
4087
4088
4091
4096
4097
4099
4100
4101
4102
4103
4104
4106
4108
4110
4111
4112
4113
4118
4119
4122
4123
4124
4127
4130
4133
4136
4137
4139
4141
4142
4144
4145
4148
4150
4154
4155
4156
4157
4158
4160
4162
4164
4165
4166
4167
4168
4169
4170
4171
4172
4173
4174
4175
4176
4177
4178
4179
4180
4181
4183
4184
4185
4188
4190
4192
4194
4197
4200
4201
4202
4205
4208
4213
4214
4215
4216
4219
4220
4221
4223
4224
4225
4226
4228
4230
4232
4236
4237
4239
4242
4244
4245
4246
4248
4249
4252
4253
4257
4258
4259
4261
4262
4264
4265
4267
4269
4270
4271
4272
4273
4274
4275
4276
4280
4281
4283
4285
4287
4288
4289
4290
4291
4293
4294
4295
4296
4297
4298
4301
4303
4304
4306
4308
4311
4312
4313
4314
4316
4317
4318
4319
4322
4323
4327
4328
4330
4331
4334
4335
4338
4339
4340
4342
4343
4344
4348
4349
4350
4353
4356
4357
4358
4359
4362
4363
4365
4368
4375
4377
4378
4379
4380
4381
4382
4386
4387
4388
4389
4390
4391
4393
4394
4395
4397
4400
4401
4403
4404
4405
4406
4413
4414
4415
4417
4418
4419
4422
4423
4425
4428
4429
4430
4432
4433
4435
4437
4438
4439
4442
4443
4447
4448
4449
4452
4453
4454
4455
4456
4457
4459
4460
4461
4462
4463
4465
4466
4467
4468
4469
4471
4472
4473
4474
4475
4476
4477
4478
4479
4480
4482
4483
4484
4486
4487
4488
4492
4493
4494
4496
4497
4498
4500
4501
4502
4505
4506
4507
4508
4509
4510
4512
4513
4514
4515
4516
4517
4518
4519
4520
4521
4522
4523
4524
4525
4526
4527
4529
4530
4531
4535
4536
4537
4538
4539
4540
4543
4544
4545
4547
4548
4549
4550
4551
4552
4553
4554
4557
4559
4562
4565
4566
4567
4569
4571
4574
4576
4577
4579
4580
4581
4582
4583
4584
4585
4587
4588
4589
4591
4593
4594
4599
4600
4601
4602
4603
4604
4605
4606
4610
4613
4616
4617
4618
4620
4621
4623
4624
4625
4626
4628
4630
4631
4632
4633
4634
4637
4639
4640
4641
4642
4643
4644
4645
4647
4648
4649
4650
4651
4654
4656
4658
4659
4660
4662
4667
4668
4671
4674
4675
4677
4678
4679
4680
4681
4682
4683
4685
4686
4688
4690
4691
4693
4695
4696
4697
4698
4699
4700
4701
4702
4703
4704
4706
4707
4708
4709
4713
4720
4721
4722
4723
4725
4726
4727
4728
4729
4733
4734
4736
4737
4738
4739
4750
4751
4752
4753
4754
4755
4757
4759
4760
4761
4762
4763
4764
4765
4766
4767
4768
4769
4770
4771
4772
4774
4775
4777
4778
4780
4781
4782
4783
4784
4785
4786
4787
4788
4789
4790
4791
4793
4795
4796
4797
4798
4799
4800
4802
4803
4804
4805
4806
4807
4808
4809
4812
4813
4814
4815
4816
4821
4822
4823
4824
4825
4827
4828
4829
4830
4831
4832
4833
4834
4835
4842
4846
4850
4852
4853
4854
4855
4856
4857
4859
4860
4861
4862
4863
4864
4871
4872
4873
4875
4878
4880
4883
4884
4885
4886
4887
4888
4890
4891
4894
4896
4897
4898
4900
4903
4904
4906
4909
4910
4913
4914
4915
4916
4917
4918
4919
4920
4921
4924
4925
4926
4929
4934
4935
4936
4937
4938
4939
4940
4941
4947
4948
4950
4953
4955
4956
4957
4958
4959
4960
4961
4963
4966
4968
4973
4974
4975
4976
4978
4979
4981
4982
4986
4987
4989
4998
4999
5000
5001
5003
5004
5005
5007
5008
5014
5015
5016
5018
5019
5020
5023
5024
5026
5028
5031
5032
5033
5034
5035
5036
5037
5038
5040
5041
5042
5044
5045
5046
5050
5051
5052
5053
5054
5057
5058
5059
5061
5063
5064
5066
5068
5069
5070
5071
5073
5074
5076
5079
5080
5081
5082
5083
5084
5085
5086
5088
5089
5091
5093
5094
5097
5098
5101
5104
5106
5107
5109
5111
5113
5114
5117
5119
5120
5121
5123
5126
5127
5128
5129
5130
5133
5134
5135
5136
5137
5140
5141
5143
5144
5145
5146
5147
5148
5149
5151
5154
5155
5158
5159
5160
5162
5163
5164
5166
5167
5168
5169
5170
5171
5173
5174
5177
5178
5180
5181
5182
5183
5184
5185
5186
5187
5188
5189
5190
5192
5193
5195
5196
5197
5198
5199
5204
5205
5206
5207
5208
5209
5210
5211
5212
5213
5214
5216
5218
5220
5222
5228
5231
5232
5233
5235
5236
5237
5239
5240
5242
5243
5244
5246
5247
5248
5249
5250
5251
5252
5253
5254
5255
5256
5260
5264
5268
5269
5270
5273
5278
5279
5280
5281
5282
5283
5284
5286
5288
5293
5296
5297
5300
5302
5304
5305
5306
5307
5308
5309
5311
5315
5317
5322
5323
5324
5325
5326
5327
5328
5329
5331
5332
5333
5334
5335
5336
5337
5338
5339
5340
5342
5343
5344
5345
5347
5348
5350
5351
5352
5353
5354
5356
5358
5359
5360
5361
5362
5363
5364
5370
5371
5372
5373
5374
5377
5382
5383
5384
5385
5386
5388
5389
5390
5392
5393
5394
5398
5399
5400
5401
5402
5407
5408
5409
5410
5411
5412
5413
5414
5415
5416
5417
5418
5420
5421
5422
5423
5425
5426
5427
5428
5429
5430
5431
5438
5439
5440
5441
5442
5443
5445
5446
5448
5449
5451
5452
5454
5455
5456
5457
5458
5460
5461
5464
5465
5466
5469
5470
5471
5474
5475
5478
5479
5480
5481
5482
5483
5484
5485
5486
5487
5490
5491
5492
5494
5496
5499
5501
5502
5503
5505
5506
5507
5508
5509
5510
5511
5512
5513
5514
5515
5516
5517
5519
5521
5522
5523
5524
5525
5526
5527
5528
5529
5530
5531
5532
5534
5535
5536
5537
5538
5540
5542
5549
5550
5552
5553
5554
5555
5556
5557
5558
5560
5561
5562
5564
5566
5568
5569
5571
5573
5574
5575
5576
5577
5578
5579
5582
5583
5585
5586
5587
5589
5590
5591
5592
5593
5594
5595
5596
5597
5598
5600
5601
5602
5603
5604
5605
5607
5608
5612
5613
5614
5615
5616
5617
5619
5622
5623
5625
5626
5627
5628
5629
5631
5632
5633
5634
5635
5636
5639
5640
5641
5642
5643
5644
5645
5646
5648
5649
5650
5652
5653
5654
5655
5656
5657
5658
5659
5660
5661
5662
5665
5666
5667
5668
5669
5670
5672
5674
5675
5684
5685
5687
5688
5689
5693
5695
5696
5697
5698
5699
5700
5701
5702
5703
5704
5706
5707
5708
5709
5710
5712
5713
5715
5717
5718
5719
5720
5721
5724
5725
5726
5727
5728
5729
5730
5731
5732
5733
5734
5735
5736
5738
5740
5741
5742
5743
5745
5746
5747
5748
5749
5752
5753
5754
5755
5756
5757
5758
5760
5761
5762
5764
5765
5766
5768
5769
5770
5771
5773
5774
5775
5776
5779
5780
5782
5786
5788
5790
5792
5793
5796
5797
5798
5799
5801
5805
5809
5810
5812
5813
5814
5815
5816
5817
5818
5823
5825
5826
5827
5828
5829
5830
5831
5832
5834
5835
5836
5838
5839
5840
5841
5842
5843
5844
5845
5846
5847
5848
5849
5850
5852
5853
5854
5855
5856
5857
5859
5860
5862
5863
5865
5867
5868
5870
5872
5873
5874
5875
5876
5877
5878
5882
5887
5888
5889
5890
5891
5892
5893
5896
5897
5898
5899
5900
5901
5902
5904
5905
5907
5909
5911
5912
5914
5915
5917
5920
5921
5922
5924
5925
5926
5929
5930
5933
5934
5936
5937
5938
5941
5942
5945
5947
5948
5952
5955
5959
5962
5963
5964
5965
5967
5968
5974
5976
5977
5978
5980
5982
5985
5986
5989
5990
5991
5992
5993
5994
5995
5996
5997
5998
5999
6000
6001
6002
6003
6004
6005
6006
6011
6013
6014
6015
6021
6024
6025
6026
6027
6028
6029
6031
6032
6033
6034
6035
6036
6037
6038
6039
6040
6041
6042
6046
6049
6050
6051
6052
6053
6054
6055
6056
6057
6058
6059
6060
6061
6062
6063
6064
6065
6066
6067
6068
6069
6071
6072
6073
6074
6075
6076
6080
6081
6082
6083
6085
6086
6087
6088
6089
6093
6095
6096
6097
6098
6099
6100
6102
6104
6105
6106
6107
6108
6109
6110
6112
6113
6115
6116
6117
6118
6121
6123
6126
6127
6129
6130
6131
6132
6134
6135
6136
6137
6139
6141
6142
6143
6144
6146
6147
6148
6149
6150
6151
6152
6153
6154
6155
6156
6157
6158
6159
6160
6161
6162
6163
6166
6167
6168
6169
6170
6172
6173
6174
6176
6177
6178
6179
6181
6182
6186
6187
6188
6189
6190
6191
6192
6193
6194
6195
6196
6197
6198
6199
6200
6202
6203
6204
6205
6206
6207
6208
6209
6210
6213
6216
6217
6218
6219
6221
6223
6224
6225
6227
6228
6229
6231
6232
6233
6234
6235
6236
6237
6238
6239
6240
6241
6242
6243
6244
6245
6246
6247
6249
6251
6252
6256
6257
6258
6259
6260
6261
6262
6263
6264
6265
6266
6267
6268
6270
6271
6272
6273
6274
6277
6278
6279
6280
6282
6285
6288
6289
6293
6294
6295
6299
6300
6301
6303
6304
6306
6307
6308
6309
6310
6311
6312
6314
6315
6316
6317
6318
6319
6320
6323
6325
6326
6327
6328
6330
6331
6332
6333
6334
6335
6336
6337
6338
6340
