1540	1
2398	1
2763	1
2935	1
4176	1
5273	1
6037	1
6435	1
7198	1
7244	1
7957	1
8489	1
9306	1
13743	1
15493	1
18144	1
19463	1
20666	1
20922	1
23434	1
24455	1
26726	1
27247	1
29487	1
30222	1
40895	1
43721	1
47006	1
48419	1
51519	1
51769	1
52426	1
54780	1
58632	1
58756	1
58923	1
59581	1
60383	1
62822	1
63105	1
63312	1
63584	1
64439	1
64650	1
65258	1
65371	1
71257	1
76113	1
76506	1
79410	1
83565	1
92335	1
92341	1
93165	1
94946	1
101210	1
111876	1
115483	1
120987	1
124584	1
128835	1
129298	1
136821	1
139290	1
141162	1
144683	1
145053	1
145403	1
145769	1
147571	1
147896	1
148531	1
149509	1
151374	1
151640	1
153043	1
166116	1
166193	1
167355	1
167662	1
172059	1
176386	1
178682	1
186291	1
193794	1
195707	1
200578	1
209237	1
221394	1
223950	1
224449	1
225228	1
226877	1
228268	1
232088	1
240210	1
246686	1
246981	1
249552	1
253347	1
255013	1
256886	1
259406	1
262974	1
263804	1
264973	1
265191	1
266853	1
267910	1
268722	1
269115	1
269678	1
270117	1
272516	1
273046	1
273539	1
281221	1
281508	1
282390	1
282714	1
288154	1
288848	1
289022	1
291672	1
293975	1
295972	1
296944	1
298781	1
299065	1
304090	1
306286	1
314386	1
314594	1
315154	1
316709	1
319684	1
320446	1
321017	1
322015	1
324945	1
326170	1
332145	1
333303	1
334093	1
335340	1
335468	1
337551	1
340300	1
340583	1
341400	1
345093	1
346441	1
346898	1
349848	1
350197	1
350433	1
350826	1
352615	1
354835	1
359376	1
363948	1
364282	1
370084	1
374403	1
378020	1
382981	1
386759	1
387851	1
389879	1
391280	1
393124	1
394246	1
396202	1
398263	1
398408	1
400118	1
404677	1
405902	1
406416	1
410807	1
411216	1
417890	1
421242	1
427921	1
434908	1
436079	1
439788	1
439956	1
446230	1
446280	1
449498	1
452048	1
452822	1
453646	1
453928	1
455941	1
457923	1
458643	1
461747	1
465002	1
465180	1
466836	1
466930	1
468961	1
469020	1
469512	1
470025	1
475320	1
476345	1
477267	1
477896	1
480785	1
481548	1
487947	1
490179	1
491047	1
491947	1
494313	1
494784	1
495331	1
496562	1
497133	1
498945	1
501799	1
504310	1
505147	1
506793	1
506876	1
507512	1
508199	1
510066	1
510857	1
511096	1
511340	1
512427	1
512780	1
514811	1
515046	1
516205	1
517647	1
518172	1
520973	1
521478	1
524832	1
524871	1
527355	1
530035	1
532963	1
534820	1
535224	1
535566	1
538165	1
539593	1
540433	1
547500	1
548944	1
552985	1
553316	1
554347	1
555285	1
556067	1
559634	1
560175	1
562022	1
567610	1
569352	1
571540	1
572592	1
576896	1
579781	1
583031	1
587793	1
591825	1
594085	1
597706	1
598913	1
599409	1
599516	1
601292	1
602443	1
604786	1
606008	1
607361	1
610182	1
614771	1
616536	1
616909	1
619966	1
624232	1
625259	1
627783	1
628482	1
628691	1
631580	1
632393	1
636845	1
637715	1
640177	1
640250	1
642211	1
649117	1
649381	1
651378	1
654138	1
656994	1
659398	1
662024	1
664799	1
666445	1
674758	1
675739	1
675908	1
675929	1
676238	1
677898	1
679310	1
682079	1
684795	1
688954	1
689816	1
693665	1
695685	1
698017	1
701921	1
702483	1
704056	1
709546	1
712761	1
714514	1
715143	1
717665	1
717967	1
718196	1
719013	1
729188	1
731603	1
732420	1
734907	1
735849	1
740629	1
741997	1
745111	1
746549	1
747348	1
747814	1
748173	1
748871	1
749809	1
752427	1
756438	1
756725	1
757700	1
758362	1
758487	1
759795	1
759910	1
766647	1
767709	1
769147	1
770245	1
770999	1
771476	1
774957	1
776470	1
777029	1
784657	1
790285	1
793477	1
795338	1
795571	1
797001	1
797072	1
797668	1
800089	1
800606	1
803427	1
804074	1
806555	1
807781	1
816523	1
817728	1
822199	1
824717	1
826868	1
827367	1
829559	1
833126	1
841962	1
843925	1
846509	1
847075	1
849963	1
850251	1
854387	1
855506	1
856163	1
857402	1
859923	1
862238	1
866805	1
869142	1
872139	1
874087	1
874617	1
883069	1
889197	1
893215	1
896229	1
896615	1
899979	1
906924	1
907691	1
909451	1
910407	1
911065	1
911672	1
912584	1
921263	1
923255	1
924644	1
927742	1
930496	1
930885	1
931442	1
932472	1
933797	1
937499	1
937607	1
938796	1
941082	1
941843	1
947353	1
950136	1
951538	1
955266	1
955372	1
955614	1
956544	1
956607	1
959158	1
967255	1
969398	1
969510	1
969740	1
972549	1
972784	1
973589	1
979549	1
979763	1
980088	1
981319	1
982365	1
982740	1
982962	1
983503	1
986405	1
986452	1
987087	1
987707	1
989710	1
990063	1
991408	1
993273	1
998109	1
1001275	1
1001554	1
1002065	1
1002646	1
1004001	1
1005963	1
1007766	1
1008404	1
1008988	1
1010587	1
1010785	1
1011805	1
1011815	1
1012336	1
1015567	1
1017358	1
1018450	1
1019166	1
1020545	1
1020996	1
1022636	1
1022790	1
1024535	1
1024750	1
1026374	1
1027654	1
1030393	1
1030878	1
1031197	1
1031460	1
1033201	1
1034676	1
1036444	1
1036766	1
1037565	1
1039290	1
1040885	1
1044647	1
1046481	1
1050208	1
1050633	1
1050987	1
1051083	1
1052884	1
1053315	1
1054353	1
1054753	1
1055278	1
1056328	1
1059144	1
1059750	1
1060358	1
1062633	1
1062803	1
1064067	1
1065278	1
1067673	1
1067974	1
1070003	1
1070910	1
1071121	1
1071244	1
1071568	1
1074183	1
1075224	1
1075249	1
1075338	1
1079765	1
1080635	1
1082304	1
1089268	1
1090474	1
1091312	1
1093071	1
1097036	1
1100927	1
1101646	1
1102760	1
1103471	1
1105529	1
1106109	1
1107330	1
1107864	1
1109824	1
1112288	1
1117817	1
1117858	1
1118096	1
1119458	1
1121354	1
1123389	1
1124992	1
1126851	1
1128494	1
1132351	1
1132362	1
1132840	1
1132850	1
1133355	1
1134640	1
1134729	1
1134896	1
1135526	1
1137135	1
1138523	1
1138993	1
1144614	1
1146115	1
1146145	1
1147083	1
1148042	1
1149543	1
1150434	1
1150514	1
1156829	1
1157682	1
1158610	1
1160229	1
1160978	1
1164671	1
1166350	1
1169485	1
1169486	1
1172092	1
1177207	1
1178289	1
1183320	1
1185507	1
1187524	1
1188898	1
1189382	1
1193506	1
1194337	1
1200063	1
1202447	1
1202934	1
1203593	1
1205454	1
1208305	1
1211474	1
1212750	1
1213279	1
1214201	1
1215059	1
1215680	1
1216587	1
1216756	1
1220353	1
1220703	1
1222838	1
1222963	1
1223311	1
1225921	1
1226103	1
1228461	1
1229015	1
1230568	1
1230729	1
1232010	1
1232241	1
1233465	1
1239372	1
1241998	1
1242726	1
1245719	1
1248078	1
1248459	1
1250694	1
1250917	1
1251005	1
1251528	1
1252356	1
1253974	1
1254014	1
1256769	1
1258005	1
1258976	1
1262337	1
1262434	1
1263082	1
1263439	1
1264679	1
1266162	1
1268529	1
1268567	1
1272193	1
1276547	1
1278407	1
1278575	1
1279149	1
1280544	1
1281845	1
1282127	1
1283461	1
1284472	1
1284480	1
1284945	1
1287677	1
1289404	1
1289871	1
1290548	1
1290634	1
1290936	1
1291061	1
1292461	1
1293523	1
1295102	1
1295668	1
1296456	1
1299019	1
1299247	1
1299745	1
1300303	1
1301454	1
1301951	1
1302041	1
1303030	1
1305788	1
1307531	1
1309979	1
1311466	1
1313611	1
1313680	1
1313963	1
1315530	1
1315532	1
1316873	1
1317488	1
1317694	1
1318111	1
1318454	1
1318742	1
1320810	1
1322675	1
1326340	1
1327203	1
1330610	1
1331569	1
1332088	1
1334501	1
1335105	1
1337524	1
1339037	1
1339195	1
1340052	1
1343368	1
1344215	1
1347979	1
1349496	1
1350311	1
1350767	1
1353102	1
1358793	1
1359281	1
1359294	1
1361539	1
1361705	1
1361955	1
1363161	1
1364832	1
1365307	1
1366906	1
1368019	1
1369815	1
1370184	1
1371582	1
1375056	1
1377620	1
1377864	1
1378693	1
1378718	1
1379142	1
1379971	1
1380251	1
1382754	1
1382906	1
1384523	1
1385545	1
1385548	1
1386998	1
1387437	1
1389545	1
1390358	1
1390978	1
1391089	1
1391377	1
1392505	1
1393133	1
1393268	1
1396130	1
1396565	1
1396701	1
1398075	1
1400077	1
1401578	1
1405432	1
1410209	1
1410599	1
1410823	1
1411919	1
1412405	1
1414114	1
1415515	1
1416350	1
1417600	1
1417656	1
1417894	1
1418288	1
1419108	1
1422463	1
1422783	1
1423143	1
1425050	1
1429614	1
1430380	1
1432494	1
1432510	1
1434427	1
1434495	1
1434904	1
1435518	1
1435987	1
1437002	1
1437294	1
1437632	1
1438704	1
1439443	1
1439948	1
1439955	1
1440775	1
1441162	1
1441346	1
1441774	1
1441883	1
1444149	1
1444710	1
1445934	1
1446019	1
1446773	1
1447068	1
1448228	1
1451102	1
1451386	1
1454922	1
1456286	1
1456949	1
1458323	1
1458433	1
1458701	1
1459580	1
1459797	1
1461680	1
1462062	1
1464206	1
1465994	1
1466002	1
1467044	1
1467632	1
1467859	1
1467988	1
1468142	1
1469129	1
1470497	1
1471375	1
1472322	1
1473655	1
1474408	1
1475199	1
1476808	1
1477246	1
1477979	1
1478393	1
1480905	1
1483201	1
1483911	1
1484062	1
1485203	1
1488521	1
1488906	1
1489265	1
1489417	1
1489730	1
1489774	1
1490757	1
1493564	1
1494235	1
1497880	1
1500339	1
1501577	1
1502046	1
1502318	1
1503144	1
1503228	1
1503985	1
1508097	1
1508945	1
1509540	1
1510661	1
1513445	1
1514469	1
1518583	1
1518750	1
1525263	1
1525938	1
1526572	1
1527873	1
1528169	1
1529629	1
1530955	1
1535008	1
1535145	1
1536417	1
1536437	1
1537373	1
1539323	1
1542012	1
1545690	1
1546389	1
1546813	1
1549243	1
1551244	1
1552236	1
1552253	1
1552907	1
1554347	1
1555040	1
1557622	1
1559543	1
1559713	1
1560249	1
1560254	1
1560686	1
1561804	1
1562732	1
1563211	1
1563468	1
1565596	1
1566548	1
1567304	1
1573454	1
1574682	1
1575713	1
1575717	1
1575819	1
1577571	1
1578067	1
1578151	1
1578421	1
1579190	1
1579482	1
1579701	1
1580287	1
1580520	1
1580568	1
1582707	1
1583440	1
1584064	1
1584491	1
1584917	1
1586269	1
1586365	1
1587123	1
1587180	1
1587973	1
1589725	1
1592659	1
1593500	1
1593608	1
1595120	1
1595223	1
1595697	1
1596065	1
1596528	1
1597084	1
1598412	1
1599073	1
1600101	1
1600995	1
1602422	1
1602694	1
1602744	1
1603026	1
1603819	1
1604200	1
1605279	1
1605586	1
1606560	1
1607368	1
1607555	1
1608075	1
1608421	1
1611043	1
1611405	1
1611615	1
1613418	1
1613461	1
1615234	1
1616531	1
1617205	1
1617612	1
1617670	1
1619511	1
1620330	1
1620420	1
1621007	1
1621661	1
1622459	1
1622705	1
1625305	1
1626287	1
1626517	1
1627105	1
1629173	1
1629719	1
1629921	1
1630437	1
1630524	1
1630818	1
1631960	1
1632502	1
1632783	1
1634905	1
1635571	1
1636382	1
1636892	1
1643655	1
1645920	1
1646729	1
1647011	1
1648179	1
1649265	1
1653924	1
1654547	1
1654925	1
1655252	1
1655279	1
1657790	1
1658406	1
1658910	1
1659012	1
1659535	1
1660800	1
1662218	1
1662262	1
1663055	1
1665031	1
1667246	1
1668346	1
1668784	1
1669080	1
1669254	1
1669806	1
1670982	1
1671797	1
1673149	1
1674746	1
1674798	1
1675054	1
1675296	1
1678484	1
1679599	1
1679825	1
1679859	1
1680883	1
1681007	1
1681024	1
1681666	1
1684874	1
1686619	1
1687548	1
1687585	1
1687876	1
1689652	1
1690003	1
1690051	1
1690238	1
1692177	1
1693316	1
1694026	1
1695684	1
1695788	1
1696118	1
1701697	1
1705024	1
1705740	1
1705849	1
1705990	1
1706852	1
1706870	1
1707901	1
1708103	1
1708372	1
1709235	1
1709409	1
1709630	1
1709687	1
1710120	1
1710280	1
1716379	1
1716867	1
1717936	1
1719607	1
1719776	1
1719817	1
1719846	1
1720556	1
1721946	1
1722269	1
1723791	1
1725937	1
1727155	1
1727563	1
1727843	1
1729733	1
1730025	1
1730151	1
1730649	1
1736352	1
1736453	1
1736501	1
1737656	1
1739448	1
1739889	1
1740412	1
1740702	1
1742552	1
1742667	1
1746108	1
1746486	1
1746673	1
1747410	1
1749055	1
1749354	1
1749398	1
1749767	1
1750085	1
1751234	1
1751375	1
1751392	1
1752246	1
1753180	1
1753694	1
1754098	1
1754172	1
1754418	1
1755087	1
1755176	1
1755832	1
1758020	1
1758059	1
1759620	1
1759949	1
1760848	1
1761045	1
1761693	1
1762127	1
1763489	1
1764074	1
1764243	1
1764433	1
1764571	1
1765128	1
1765177	1
1765474	1
1765987	1
1766276	1
1766640	1
1767439	1
1767888	1
1768446	1
1770375	1
1770668	1
1770772	1
1772570	1
1772633	1
1773222	1
1773426	1
1773925	1
1774752	1
1774806	1
1775437	1
1776519	1
1776793	1
1778158	1
1778572	1
1779177	1
1779721	1
1781302	1
1781325	1
1781542	1
1781813	1
1782213	1
1783008	1
1783025	1
1785112	1
1785393	1
1786709	1
1789949	1
1790755	1
1791134	1
1791310	1
1793574	1
1794290	1
1795009	1
1795233	1
1795814	1
1796236	1
1796359	1
1797055	1
1797106	1
1799096	1
1799309	1
1799511	1
1799512	1
1799626	1
1801577	1
1803134	1
1803567	1
1803583	1
1804033	1
1804534	1
1804836	1
1806028	1
1806484	1
1808466	1
1808850	1
1810961	1
1811303	1
1811525	1
1811935	1
1812834	1
1813072	1
1813180	1
1813520	1
1813946	1
1815357	1
1816282	1
1816415	1
1817345	1
1817589	1
1817938	1
1818180	1
1818887	1
1820559	1
1821172	1
1821433	1
1821746	1
1822018	1
1823085	1
1827078	1
1827279	1
1828073	1
1828688	1
1829226	1
1829283	1
1830596	1
1830612	1
1830766	1
1830795	1
1831554	1
1832555	1
1833706	1
1835846	1
1836221	1
1837039	1
1837334	1
1837806	1
1838146	1
1838870	1
1839657	1
1840016	1
1841293	1
1842454	1
1842778	1
1842787	1
1843013	1
1843303	1
1843321	1
1843579	1
1844312	1
1845145	1
1845286	1
1845300	1
1845817	1
1848341	1
1848419	1
1848599	1
1848732	1
1849284	1
1849653	1
1850139	1
1850576	1
1850637	1
1851031	1
1851754	1
1853064	1
1853191	1
1853210	1
1856521	1
1857055	1
1857136	1
1858477	1
1858517	1
1860202	1
1860343	1
1860723	1
1860877	1
1862143	1
1863523	1
1863667	1
1863712	1
1864077	1
1864593	1
1865699	1
1866427	1
1866805	1
1867167	1
1867563	1
1868227	1
1868335	1
1868556	1
1868716	1
1868948	1
1869273	1
1869461	1
1869964	1
1870403	1
1870705	1
1870919	1
1871904	1
1872826	1
1873212	1
1873782	1
1873931	1
1876289	1
1877864	1
1877923	1
1878920	1
1879589	1
1880099	1
1881035	1
1881562	1
1882424	1
1882537	1
1883935	1
1886152	1
1886524	1
1887176	1
1887249	1
1887412	1
1887881	1
1888863	1
1890569	1
1891698	1
1891848	1
1891915	1
1893702	1
1894056	1
1896149	1
1896432	1
1896859	1
1897367	1
1901417	1
1901948	1
1901952	1
1902133	1
1902483	1
1902853	1
1903053	1
1904065	1
1904113	1
1904858	1
1905208	1
1905479	1
1906012	1
1906520	1
1908518	1
1910261	1
1911581	1
1912049	1
1912235	1
1913109	1
1913588	1
1913655	1
1913953	1
1914296	1
1915194	1
1915876	1
1915974	1
1916096	1
1916990	1
1918437	1
1920462	1
1921040	1
1921666	1
1923850	1
1923974	1
1924134	1
1924604	1
1924899	1
1925315	1
1926310	1
1926443	1
1926452	1
1926494	1
1927961	1
1929161	1
1929366	1
1929498	1
1929599	1
1929942	1
1930344	1
1930962	1
1932012	1
1932465	1
1932895	1
1933412	1
1933429	1
1935533	1
1935817	1
1936737	1
1937134	1
1938366	1
1938892	1
1939415	1
1941052	1
1941246	1
1942554	1
1943247	1
1943718	1
1944563	1
1946149	1
1947744	1
1948203	1
1948841	1
1949592	1
1949864	1
1950285	1
1951099	1
1951455	1
1952215	1
1952306	1
1953140	1
1953624	1
1953695	1
1955426	1
1955566	1
1955818	1
1956181	1
1956956	1
1956989	1
1958178	1
1958838	1
1959860	1
1960199	1
1961513	1
1961536	1
1963697	1
1964497	1
1964591	1
1966895	1
1967247	1
1968081	1
1968276	1
1969725	1
1969746	1
1970799	1
1970992	1
1971567	1
1975694	1
1975815	1
1975918	1
1976156	1
1976874	1
1977721	1
1978279	1
1979810	1
1979982	1
1979995	1
1980225	1
1980738	1
1981166	1
1981810	1
1981863	1
1982848	1
1983290	1
1984145	1
1984317	1
1984584	1
1984936	1
1985411	1
1985528	1
1986097	1
1986245	1
1986284	1
1987295	1
1987851	1
1988088	1
1989079	1
1990212	1
1990651	1
1991241	1
1991729	1
1992458	1
1992587	1
1993895	1
1993973	1
1994333	1
1994500	1
1994687	1
1994736	1
1995431	1
1996417	1
1996761	1
1996906	1
1998982	1
1999431	1
2003194	1
2004420	1
2005637	1
2006580	1
2006715	1
2007114	1
2007403	1
2007954	1
2009320	1
2009749	1
2009979	1
2011919	1
2011981	1
2012385	1
2012709	1
2012989	1
2013626	1
2013634	1
2013978	1
2015754	1
2017925	1
2017965	1
2019364	1
2020233	1
2021029	1
2021099	1
2022395	1
2022777	1
2022798	1
2023168	1
2023682	1
2024403	1
2025758	1
2026216	1
2027357	1
2027452	1
2029295	1
2029303	1
2030292	1
2030328	1
2030625	1
2031069	1
2031242	1
2032318	1
2032823	1
2035094	1
2035614	1
2035737	1
2037500	1
2038490	1
2038846	1
2041803	1
2042022	1
2042232	1
2042490	1
2042722	1
2042756	1
2042928	1
2042947	1
2043735	1
2043873	1
2044104	1
2047016	1
2047366	1
2048845	1
2049505	1
2049887	1
2049956	1
2051094	1
2051414	1
2051628	1
2052078	1
2052483	1
2052970	1
2053476	1
2053934	1
2054789	1
2054809	1
2054870	1
2054961	1
2057982	1
2058449	1
2058667	1
2058986	1
2059109	1
2060198	1
2060203	1
2061246	1
2061406	1
2061494	1
2061515	1
2061591	1
2061609	1
2061662	1
2061736	1
2061796	1
2062865	1
2063190	1
2065332	1
2066020	1
2066157	1
2067580	1
2067757	1
2067768	1
2069396	1
2069542	1
2069992	1
2070077	1
2070270	1
2070726	1
2070814	1
2071304	1
2071344	1
2071962	1
2072002	1
2072077	1
2072585	1
2073048	1
2073092	1
2073169	1
2074796	1
2075534	1
2075646	1
2076451	1
2076638	1
2077927	1
2077943	1
2078426	1
2079012	1
2079731	1
2079938	1
2080424	1
2080682	1
2081837	1
2081877	1
2082419	1
2082458	1
2082990	1
2083960	1
2083985	1
2084268	1
2084303	1
2084921	1
2085473	1
2085692	1
2085868	1
2086237	1
2086523	1
2087831	1
2090323	1
2090367	1
2090964	1
2091417	1
2091971	1
2092363	1
2092526	1
2093253	1
2093605	1
2093825	1
2094258	1
2094961	1
2095702	1
2095781	1
2097397	1
2097849	1
2097890	1
2098259	1
2098798	1
2099426	1
2100265	1
2102394	1
2103091	1
2103330	1
2103392	1
2103507	1
2103629	1
2104386	1
2105287	1
2106971	1
2107904	1
2108136	1
2108939	1
2108954	1
2109019	1
2109534	1
2110035	1
2110336	1
2110424	1
2110512	1
2110717	1
2111177	1
2111771	1
2112149	1
2112829	1
2113217	1
2114385	1
2116092	1
2116267	1
2116635	1
2116776	1
2117502	1
2117601	1
2117708	1
2117775	1
2117984	1
2118304	1
2119509	1
2119580	1
2119705	1
2120098	1
2120930	1
2121148	1
2121312	1
2121366	1
2121611	1
2121877	1
2121930	1
2122166	1
2122217	1
2122669	1
2124411	1
2125071	1
2125326	1
2126115	1
2127156	1
2128037	1
2128060	1
2128157	1
2128186	1
2128497	1
2129817	1
2130121	1
2130527	1
2131164	1
2131642	1
2132153	1
2132165	1
2132241	1
2132547	1
2133030	1
2133279	1
2134924	1
2135159	1
2135339	1
2135602	1
2135863	1
2136091	1
2136334	1
2136471	1
2136609	1
2136922	1
2137901	1
2138405	1
2138612	1
2138899	1
2139434	1
2140213	1
2140613	1
2140750	1
2141218	1
2141810	1
2143192	1
2143660	1
2143735	1
2144429	1
2144545	1
2144679	1
2145363	1
2145519	1
2145937	1
2146757	1
2146930	1
2147691	1
2148407	1
2148731	1
2148766	1
2149006	1
2149559	1
2149923	1
2150012	1
2150312	1
2150726	1
2151552	1
2151905	1
2152081	1
2152912	1
2153421	1
2153896	1
2154432	1
2154545	1
2154589	1
2154611	1
2155252	1
2155869	1
2156567	1
2156745	1
2157190	1
2157362	1
2158785	1
2159026	1
2159812	1
2160502	1
2160546	1
2161024	1
2161118	1
2161135	1
2161666	1
2162163	1
2162464	1
2162549	1
2163062	1
2163243	1
2163253	1
2163358	1
2163677	1
2163900	1
2164091	1
2164268	1
2164494	1
2165300	1
2165453	1
2165461	1
2165693	1
2165723	1
2166058	1
2166088	1
2166746	1
2166974	1
2167284	1
2167571	1
2168246	1
2168728	1
2168732	1
2168911	1
2169143	1
2169490	1
2170113	1
2170407	1
2170691	1
2170711	1
2170850	1
2170978	1
2171401	1
2171623	1
2171818	1
2172078	1
2172148	1
2172176	1
2172275	1
2172280	1
2172621	1
2172820	1
2173011	1
2173427	1
2173904	1
2174182	1
2174293	1
2174397	1
2174414	1
2175493	1
2175501	1
2175530	1
2175717	1
2175753	1
2175963	1
2176043	1
2176609	1
2176615	1
2176622	1
2177578	1
2177660	1
2177838	1
2177929	1
2178045	1
2178176	1
2178319	1
2178449	1
2178780	1
2178955	1
2179642	1
2179946	1
2180055	1
2180303	1
2180401	1
2180436	1
2180679	1
2180819	1
2180854	1
2180903	1
2181259	1
2181430	1
2181693	1
2181696	1
2181734	1
2181745	1
2182593	1
2182685	1
2183400	1
2183537	1
2183880	1
2184051	1
2184214	1
2184692	1
2184720	1
2184728	1
2185529	1
2185605	1
2185744	1
2185845	1
2186057	1
2186169	1
2186275	1
2186575	1
2186642	1
2186720	1
2187758	1
2187985	1
2188103	1
2188261	1
2188421	1
2189660	1
2190081	1
2190456	1
2190554	1
2191297	1
2191802	1
2192718	1
2193032	1
2193229	1
2193549	1
2195587	1
2196273	1
2197092	1
2197219	1
2198359	1
2199242	1
2199611	1
2200234	1
2201085	1
2201391	1
2202018	1
2202375	1
2202450	1
2202643	1
2203522	1
2203552	1
2203733	1
2203891	1
2204461	1
2204871	1
2206255	1
2206453	1
2206457	1
2207033	1
2207605	1
2208878	1
2208892	1
2209009	1
2209200	1
2209372	1
2209521	1
2209787	1
2210401	1
2210557	1
2210633	1
2210760	1
2211207	1
2211856	1
2211934	1
2212545	1
2213104	1
2213187	1
2213365	1
2213592	1
2213804	1
2213920	1
2214267	1
2214326	1
2214424	1
2214793	1
2215058	1
2215964	1
2216497	1
2216534	1
2216562	1
2217259	1
2217329	1
2217730	1
2217898	1
2219434	1
2219648	1
2219785	1
2220216	1
2220874	1
2221151	1
2221616	1
2221727	1
2222180	1
2222956	1
2223139	1
2223218	1
2224273	1
2224326	1
2224615	1
2224680	1
2225383	1
2225597	1
2225919	1
2226274	1
2226338	1
2227296	1
2227357	1
2227722	1
2228317	1
2228320	1
2228342	1
2228964	1
2229238	1
2229643	1
2229696	1
2229807	1
2230184	1
2230373	1
2231314	1
2231483	1
2231491	1
2231735	1
2232559	1
2232704	1
2233209	1
2233268	1
2233325	1
2233358	1
2233721	1
2233821	1
2233987	1
2234194	1
2234783	1
2235250	1
2236631	1
2237646	1
2237745	1
2237838	1
2237945	1
2238072	1
2238429	1
2238438	1
2239730	1
2239954	1
2239985	1
2240233	1
2240995	1
2241237	1
2241504	1
2241557	1
2242187	1
2243398	1
2243644	1
2243790	1
2244615	1
2244684	1
2244825	1
2245060	1
2245079	1
2245100	1
2245476	1
2245545	1
2245655	1
2245907	1
2246287	1
2246356	1
2247059	1
2247182	1
2247374	1
2247386	1
2248357	1
2248510	1
2248738	1
2249004	1
2249362	1
2249463	1
2249706	1
2250002	1
2250217	1
2251047	1
2251134	1
2251359	1
2252095	1
2252333	1
2252466	1
2253225	1
2254713	1
2255212	1
2255683	1
2256166	1
2256204	1
2256382	1
2256894	1
2257590	1
2257786	1
2257902	1
2258271	1
2258859	1
2258864	1
2259204	1
2259604	1
2261053	1
2261789	1
2261982	1
2263243	1
2264294	1
2264409	1
2264877	1
2265112	1
2265113	1
2265745	1
2266844	1
2267782	1
2268388	1
2268813	1
2269404	1
2269662	1
2269784	1
2270057	1
2270166	1
2270647	1
2271126	1
2271146	1
2271571	1
2272035	1
2272415	1
2272626	1
2272825	1
2273244	1
2273513	1
2273587	1
2274058	1
2274994	1
2276615	1
2277504	1
2278031	1
2278110	1
2278168	1
2278282	1
2278433	1
2278482	1
2278522	1
2278943	1
2279156	1
2279590	1
2279682	1
2280449	1
2281205	1
2281921	1
2282176	1
2282377	1
2282907	1
2283938	1
2284340	1
2284535	1
2284878	1
2285149	1
2285659	1
2285753	1
2286713	1
2287036	1
2288420	1
2289361	1
2289704	1
2289922	1
2290453	1
2292765	1
2293553	1
2293644	1
2293709	1
2293856	1
2294344	1
2294356	1
2294378	1
2294501	1
2294678	1
2294787	1
2295320	1
2295754	1
2296035	1
2296412	1
2296588	1
2296701	1
2297050	1
2297261	1
2297567	1
2297608	1
2298049	1
2298404	1
2298764	1
2298944	1
2298998	1
2299532	1
2299569	1
2299817	1
2301219	1
2301413	1
2302148	1
2302810	1
2303108	1
2303230	1
2304232	1
2304411	1
2305379	1
2305460	1
2305529	1
2305790	1
2305898	1
2306715	1
2307213	1
2308644	1
2308936	1
2308958	1
2308961	1
2309273	1
2309337	1
2309341	1
2310467	1
2310914	1
2311748	1
2312302	1
2312608	1
2313093	1
2313213	1
2313290	1
2313547	1
2313582	1
2313685	1
2314190	1
2314272	1
2314761	1
2315064	1
2315365	1
2315623	1
2315921	1
2316262	1
2316573	1
2316892	1
2317425	1
2319756	1
2319883	1
2320055	1
2320361	1
2320599	1
2320708	1
2320921	1
2321066	1
2321488	1
2321535	1
2321878	1
2321985	1
2322243	1
2322473	1
2323445	1
2323486	1
2324425	1
2324610	1
2325529	1
2325851	1
2326158	1
2326171	1
2326194	1
2326568	1
2326865	1
2326921	1
2327021	1
2328369	1
2328544	1
2329008	1
2329363	1
2329586	1
2329657	1
2329679	1
2329868	1
2329893	1
2330188	1
2330329	1
2330644	1
2330970	1
2331276	1
2331333	1
2332690	1
2332908	1
2332910	1
2332976	1
2333115	1
2333409	1
2333515	1
2334017	1
2334158	1
2334337	1
2334379	1
2334875	1
2334994	1
2336859	1
2337322	1
2337485	1
2337569	1
2338284	1
2338966	1
2339327	1
2339481	1
2339717	1
2339737	1
2339768	1
2339947	1
2341312	1
2341768	1
2342794	1
2342878	1
2343005	1
2343643	1
2343999	1
2344104	1
2344365	1
2344630	1
2345111	1
2345121	1
2346532	1
2346621	1
2346738	1
2347002	1
2347086	1
2347348	1
2347539	1
2348181	1
2349594	1
2349760	1
2349867	1
2350036	1
2350922	1
2351692	1
2351751	1
2352042	1
2352070	1
2352169	1
2352489	1
2352506	1
2352598	1
2352614	1
2352938	1
2353108	1
2353256	1
2354016	1
2354058	1
2354265	1
2354541	1
2354725	1
2354937	1
2355293	1
2355333	1
2355678	1
2356187	1
2356345	1
2356860	1
2357007	1
2357507	1
2357508	1
2357572	1
2357574	1
2357654	1
2357672	1
2358108	1
2358630	1
2358681	1
2358778	1
2359398	1
2359586	1
2359720	1
2359824	1
2359837	1
2360308	1
2360432	1
2360733	1
2360761	1
2360908	1
2360923	1
2360937	1
2361128	1
2361261	1
2361357	1
2361476	1
2361892	1
2362075	1
2362080	1
2362277	1
2362588	1
2362746	1
2362779	1
2362849	1
2362908	1
2363060	1
2363619	1
2363828	1
2364005	1
2364758	1
2364850	1
2365005	1
2365295	1
2365394	1
2366504	1
2366595	1
2366762	1
2366907	1
2366922	1
2366983	1
2366998	1
2367080	1
2367602	1
2367680	1
2367808	1
2367952	1
2367975	1
2368069	1
2368084	1
2368252	1
2368610	1
2368647	1
2368663	1
2368666	1
2368723	1
2368788	1
2368811	1
2369387	1
2369493	1
2369526	1
2369632	1
2369835	1
2369887	1
2370554	1
2370596	1
2370772	1
2372639	1
2372739	1
2372753	1
2372812	1
2372970	1
2373120	1
2373548	1
2373803	1
2374271	1
2374300	1
2374343	1
2374447	1
2374509	1
2374620	1
2374801	1
2374817	1
2375051	1
2375237	1
2375307	1
2375470	1
2376015	1
2376127	1
2376155	1
2376636	1
2376804	1
2376928	1
2376930	1
2377096	1
2377325	1
2377490	1
2377584	1
2377873	1
2377963	1
2378606	1
2378627	1
2378688	1
2378935	1
2379045	1
2379182	1
2379420	1
2379496	1
2379715	1
2379771	1
2379874	1
2380281	1
2380300	1
2380382	1
2380407	1
2380510	1
2380650	1
2381035	1
2381208	1
2381217	1
2381315	1
2381403	1
2381938	1
2382481	1
2382635	1
2382684	1
2382747	1
2382756	1
2382811	1
2383748	1
2384286	1
2384726	1
2384918	1
2385733	1
2386333	1
2386756	1
2387086	1
2387372	1
2387444	1
2387662	1
2387968	1
2387986	1
2388082	1
2388212	1
2388277	1
2388498	1
2388593	1
2388991	1
2389206	1
2389594	1
2389994	1
2390267	1
2390529	1
2390702	1
2391155	1
2391807	1
2392298	1
2392420	1
2392493	1
2393739	1
2393875	1
2394308	1
2394766	1
2394918	1
2395326	1
2395867	1
2395949	1
2396311	1
2396441	1
2397734	1
2398172	1
2398301	1
2399092	1
2399302	1
2399362	1
2399462	1
2399795	1
2399921	1
2400302	1
2400880	1
2400945	1
2401155	1
2401318	1
2401590	1
2401670	1
2401800	1
2401996	1
2402147	1
2402661	1
2403036	1
2403357	1
2403411	1
2403463	1
2403477	1
2403513	1
2403773	1
2404249	1
2404411	1
2404436	1
2404501	1
2404899	1
2405358	1
2405444	1
2405646	1
2405693	1
2405710	1
2405712	1
2405889	1
2405998	1
2406582	1
2406911	1
2406937	1
2407752	1
2407814	1
2408015	1
2408492	1
2409291	1
2409349	1
2409351	1
2409384	1
2409651	1
2409688	1
2409752	1
2410512	1
2410555	1
2411145	1
2411467	1
2411688	1
2411758	1
2411769	1
2411799	1
2411837	1
2412052	1
2412146	1
2413056	1
2413078	1
2413162	1
2413551	1
2413988	1
2414007	1
2414092	1
2414333	1
2414693	1
2414785	1
2415037	1
2415042	1
2415062	1
2415226	1
2415355	1
2415510	1
2415528	1
2415611	1
2415763	1
2415797	1
2415902	1
2415987	1
2416076	1
2416185	1
2416320	1
2416496	1
2416548	1
2416741	1
2416810	1
2417019	1
2417038	1
2417607	1
2417703	1
2418066	1
2418487	1
2418682	1
2419273	1
2419563	1
2420113	1
2420312	1
2420318	1
2420541	1
2420595	1
2420855	1
2421418	1
2421915	1
2422014	1
2422096	1
2422130	1
2422525	1
2422642	1
2422661	1
2422832	1
2422960	1
2422970	1
2423086	1
2423128	1
2423139	1
2423453	1
2423984	1
2424225	1
2424357	1
2424996	1
2425159	1
2425318	1
2425341	1
2425367	1
2425600	1
2425680	1
2426092	1
2426279	1
2426419	1
2426573	1
2426866	1
2426944	1
2427268	1
2427373	1
2427561	1
2427667	1
2427695	1
2427709	1
2427878	1
2428004	1
2428579	1
2428657	1
2428937	1
2429435	1
2429486	1
2429893	1
2430407	1
2431091	1
2431149	1
2431249	1
2431318	1
2431506	1
2431584	1
2431883	1
2432037	1
2432057	1
2432183	1
2432767	1
2433118	1
2433142	1
2433544	1
2433595	1
2434671	1
2434679	1
2434828	1
2435562	1
2435596	1
2435901	1
2436066	1
2436129	1
2436235	1
2436298	1
2436300	1
2436448	1
2436480	1
2436830	1
2436945	1
2437018	1
2437097	1
2437234	1
2437475	1
2437547	1
2437621	1
2437741	1
2437792	1
2438087	1
2438345	1
2438830	1
2438940	1
2439775	1
2439905	1
2440230	1
2440413	1
2440838	1
2440921	1
2441012	1
2441166	1
2441209	1
2441226	1
2441861	1
2441924	1
2442559	1
2442589	1
2442627	1
2442682	1
2442729	1
2442862	1
2443689	1
2443954	1
2444044	1
2444383	1
2444470	1
2444878	1
2445262	1
2445468	1
2445505	1
2445825	1
2445979	1
2446552	1
2446910	1
2446916	1
2446965	1
2447238	1
2447272	1
2447461	1
2447531	1
2447753	1
2447904	1
2447961	1
2447980	1
2448106	1
2448216	1
2448230	1
2448262	1
2448315	1
2448317	1
2448665	1
2448806	1
2448818	1
2449144	1
2449340	1
2449400	1
2449625	1
2449749	1
2450246	1
2450747	1
2450783	1
2450912	1
2450961	1
2450966	1
2451187	1
2451464	1
2451573	1
2451596	1
2451613	1
2451792	1
2451898	1
2451982	1
2451990	1
2452032	1
2452120	1
2452437	1
2452713	1
2452749	1
2452879	1
2452975	1
2453001	1
2453164	1
2453717	1
2453781	1
2453798	1
2453949	1
2454006	1
2454146	1
2454288	1
2454328	1
2454516	1
2454932	1
2455191	1
2455453	1
2455611	1
2456010	1
2456057	1
2456077	1
2456300	1
2456476	1
2456564	1
2456679	1
2456838	1
2456951	1
2457074	1
2457080	1
2457081	1
2457254	1
2457462	1
2457545	1
2457582	1
2457652	1
2457686	1
2457751	1
2457904	1
2458256	1
2458458	1
2458745	1
2458970	1
2458989	1
2459288	1
2459311	1
2459495	1
2459872	1
2460662	1
2460827	1
2461003	1
2461220	1
2461329	1
2461453	1
2461973	1
2461986	1
2462108	1
2462455	1
2462558	1
2462942	1
2463074	1
2463203	1
2463368	1
2463615	1
2463833	1
2463871	1
2464653	1
2464755	1
2464800	1
2464801	1
2464843	1
2464946	1
2465096	1
2465488	1
2465925	1
2466021	1
2466521	1
2466569	1
2466770	1
2466975	1
2467019	1
2467205	1
2467315	1
2467371	1
2467455	1
2467468	1
2467612	1
2467641	1
2467709	1
2468047	1
2468167	1
2468292	1
2468307	1
2469119	1
2469422	1
2469992	1
2470142	1
2470402	1
2470432	1
2470581	1
2470928	1
2472268	1
2472306	1
2472412	1
2472504	1
2472726	1
2472835	1
2472869	1
2473001	1
2473246	1
2473285	1
2474342	1
2474873	1
2475305	1
2475657	1
2475675	1
2475707	1
2475871	1
2476614	1
2476738	1
2476750	1
2476981	1
2477103	1
2477382	1
2477397	1
2477577	1
2478495	1
2478613	1
2478704	1
2479098	1
2479220	1
2479344	1
2479439	1
2480617	1
2480665	1
2480748	1
2481801	1
2481947	1
2483490	1
2483501	1
2483867	1
2484086	1
2485250	1
2485534	1
2485570	1
2485833	1
2485838	1
2486158	1
2486165	1
2486322	1
2486714	1
2487074	1
2487443	1
2487862	1
2488051	1
2488159	1
2488450	1
2489358	1
2489364	1
2489833	1
2489845	1
2490305	1
2490319	1
2490690	1
2490953	1
2491085	1
2491192	1
2491336	1
2491594	1
2493316	1
2493321	1
2493760	1
2494335	1
2494793	1
2495447	1
2495878	1
2496318	1
2496586	1
2496768	1
2497173	1
2497467	1
2497503	1
2498457	1
2498850	1
2499429	1
2499706	1
2499805	1
2499842	1
2500203	1
2500396	1
2500989	1
2501014	1
2501592	1
2501664	1
2501861	1
2502972	1
2503180	1
2503218	1
2503697	1
2503941	1
2503975	1
2504846	1
2505056	1
2505622	1
2506016	1
2506046	1
2506212	1
2507116	1
2507462	1
2507681	1
2508630	1
2509182	1
2509627	1
2509643	1
2510412	1
2510613	1
2511190	1
2511256	1
2511715	1
2512525	1
2512788	1
2512969	1
2513922	1
2514291	1
2514385	1
2514872	1
2515043	1
2515376	1
2515554	1
2515605	1
2516833	1
2517235	1
2518106	1
2518606	1
2518827	1
2519696	1
2520629	1
2521007	1
2521244	1
2521758	1
2522602	1
2522928	1
2523085	1
2523339	1
2523936	1
2524053	1
2527487	1
2529639	1
2533068	1
2533172	1
2533447	1
2534867	1
2537243	1
2543634	1
2545061	1
2545219	1
2546100	1
2546503	1
2547537	1
2552593	1
2553017	1
2555886	1
2557041	1
2559068	1
2559736	1
2559969	1
2565106	1
2567000	1
2567414	1
2568567	1
2569080	1
2573183	1
2573565	1
2574281	1
2576569	1
2577053	1
2586021	1
2589620	1
2590035	1
2590248	1
2590578	1
2595615	1
2602014	1
2602812	1
2603019	1
2605175	1
2610496	1
2611512	1
2612577	1
2613371	1
2617895	1
2618799	1
1161	2
1650	2
2475	2
2887	2
3275	2
3633	2
3677	2
5650	2
7192	2
8006	2
8212	2
8478	2
9096	2
10269	2
11756	2
11812	2
12469	2
13067	2
13484	2
13499	2
13720	2
13796	2
13884	2
14324	2
18517	2
20597	2
21371	2
22786	2
24580	2
24842	2
27029	2
27195	2
30758	2
30916	2
32526	2
39891	2
41032	2
41479	2
42607	2
43509	2
44273	2
44833	2
45887	2
46037	2
46437	2
46555	2
50957	2
52208	2
52250	2
52339	2
53762	2
57235	2
59211	2
60636	2
61659	2
63792	2
64892	2
68350	2
69881	2
72247	2
72288	2
84370	2
85749	2
86561	2
89502	2
90950	2
94451	2
106576	2
109470	2
116124	2
116270	2
123836	2
127324	2
131688	2
132067	2
136738	2
137460	2
142655	2
143367	2
145659	2
149268	2
152985	2
153290	2
153891	2
154649	2
155698	2
155878	2
156753	2
157040	2
162691	2
163421	2
168504	2
170812	2
171345	2
172460	2
174942	2
175330	2
175478	2
177215	2
180267	2
182512	2
182808	2
192427	2
193736	2
195566	2
201645	2
202563	2
208772	2
211816	2
212830	2
213393	2
217559	2
220208	2
222314	2
231179	2
233625	2
235327	2
236365	2
237233	2
237304	2
237316	2
237664	2
237826	2
240935	2
241280	2
241705	2
241779	2
248625	2
251725	2
251942	2
255221	2
257079	2
259716	2
261721	2
266807	2
268643	2
269586	2
272052	2
274256	2
276273	2
277399	2
280332	2
288736	2
290552	2
293271	2
296706	2
302578	2
306789	2
308172	2
308583	2
309416	2
312041	2
313417	2
314445	2
316846	2
316928	2
317388	2
317797	2
321016	2
321415	2
324050	2
329421	2
331221	2
332678	2
334056	2
334490	2
339872	2
342205	2
342964	2
346634	2
347101	2
348506	2
351305	2
363077	2
368734	2
369419	2
372621	2
380034	2
385115	2
393881	2
396820	2
398821	2
400068	2
401272	2
402485	2
404777	2
405223	2
407546	2
412671	2
414000	2
419353	2
420188	2
420285	2
424886	2
426493	2
427182	2
427432	2
439455	2
441551	2
441848	2
445363	2
446789	2
450785	2
452303	2
452550	2
453773	2
457553	2
462163	2
462664	2
464005	2
469910	2
474426	2
477565	2
477671	2
478676	2
479713	2
480366	2
484093	2
488495	2
490483	2
491046	2
493006	2
493684	2
495545	2
497604	2
499835	2
502797	2
503417	2
505779	2
506305	2
523917	2
525012	2
526432	2
530391	2
531025	2
531870	2
533747	2
534431	2
534999	2
536525	2
538386	2
541069	2
543439	2
543516	2
543739	2
544180	2
544476	2
545628	2
546126	2
546148	2
549981	2
551063	2
552069	2
552627	2
554867	2
558367	2
562502	2
562921	2
564079	2
566187	2
566364	2
567530	2
575345	2
578170	2
581134	2
582585	2
584610	2
585532	2
586188	2
591419	2
594585	2
596809	2
599750	2
602313	2
604098	2
606332	2
611261	2
611753	2
615714	2
616921	2
620681	2
621339	2
623413	2
623839	2
624180	2
629310	2
629720	2
630385	2
632022	2
634530	2
635649	2
637487	2
639350	2
640264	2
640754	2
641085	2
641195	2
641292	2
645383	2
647319	2
647326	2
648058	2
653431	2
658042	2
660607	2
660971	2
667375	2
674698	2
676173	2
676779	2
677910	2
677966	2
678144	2
678682	2
679720	2
679724	2
684119	2
686979	2
687410	2
687532	2
687823	2
688098	2
691372	2
691480	2
697130	2
698422	2
699425	2
701243	2
702161	2
710595	2
711413	2
715847	2
720475	2
722238	2
723460	2
726263	2
732047	2
732310	2
732311	2
732835	2
737342	2
737356	2
738070	2
743900	2
744110	2
747184	2
747712	2
748370	2
750105	2
752260	2
754735	2
764203	2
765297	2
767083	2
767155	2
769053	2
771534	2
771815	2
773103	2
774510	2
775641	2
780595	2
783602	2
785541	2
786260	2
788603	2
791649	2
794951	2
796428	2
799650	2
811672	2
814159	2
815272	2
816875	2
817976	2
818781	2
820175	2
821386	2
822330	2
824397	2
826717	2
827785	2
828974	2
830129	2
830130	2
830396	2
831178	2
834500	2
835504	2
835812	2
836507	2
838405	2
839355	2
842923	2
843945	2
846764	2
846907	2
847368	2
848869	2
850300	2
854893	2
855522	2
855633	2
857933	2
861243	2
863755	2
864768	2
864887	2
875185	2
875543	2
880509	2
885647	2
895761	2
896685	2
900751	2
903165	2
905601	2
906877	2
910759	2
911812	2
912076	2
912658	2
912875	2
918487	2
918924	2
920493	2
920888	2
925248	2
926563	2
928574	2
932348	2
933361	2
938329	2
939388	2
940908	2
941566	2
944175	2
945788	2
946538	2
947046	2
948368	2
949039	2
949487	2
950938	2
952342	2
952763	2
953962	2
956795	2
957213	2
957694	2
958918	2
961090	2
961277	2
964293	2
964735	2
965096	2
965820	2
967401	2
968435	2
968684	2
968840	2
970692	2
971956	2
972728	2
975247	2
976440	2
977685	2
978355	2
978554	2
978614	2
985907	2
989918	2
990571	2
990757	2
992763	2
993191	2
993997	2
995601	2
998040	2
999438	2
1000253	2
1001432	2
1001537	2
1002774	2
1004125	2
1011462	2
1011947	2
1012616	2
1013069	2
1014243	2
1014895	2
1015246	2
1015315	2
1016152	2
1018805	2
1019301	2
1020432	2
1020635	2
1021338	2
1030117	2
1030166	2
1035884	2
1039346	2
1042411	2
1044138	2
1045237	2
1045267	2
1046027	2
1049240	2
1049623	2
1050709	2
1054404	2
1055137	2
1055323	2
1057191	2
1058215	2
1060138	2
1060370	2
1062936	2
1063063	2
1063489	2
1064257	2
1064567	2
1064924	2
1065265	2
1065728	2
1066402	2
1066704	2
1070878	2
1072478	2
1074717	2
1075422	2
1076912	2
1080711	2
1081241	2
1081370	2
1082286	2
1083523	2
1083552	2
1083670	2
1084086	2
1086263	2
1086300	2
1087404	2
1087799	2
1087823	2
1088457	2
1091669	2
1091720	2
1093954	2
1099405	2
1099561	2
1099841	2
1100627	2
1101318	2
1101887	2
1101931	2
1105041	2
1106581	2
1106922	2
1110731	2
1111199	2
1112447	2
1114895	2
1116992	2
1118710	2
1120289	2
1123759	2
1130157	2
1130729	2
1133637	2
1133908	2
1135056	2
1135070	2
1136657	2
1138846	2
1139259	2
1139429	2
1141217	2
1142861	2
1143406	2
1144689	2
1147232	2
1152031	2
1157170	2
1157560	2
1158050	2
1160896	2
1164738	2
1165941	2
1166746	2
1169041	2
1169876	2
1173857	2
1173921	2
1173953	2
1175206	2
1175394	2
1177850	2
1178422	2
1181765	2
1183358	2
1183723	2
1184275	2
1184903	2
1189271	2
1189440	2
1189774	2
1190023	2
1190315	2
1190683	2
1191201	2
1192181	2
1193529	2
1200418	2
1203205	2
1206059	2
1208586	2
1210296	2
1211046	2
1213389	2
1213788	2
1214122	2
1214332	2
1215455	2
1216155	2
1219527	2
1221100	2
1221149	2
1221163	2
1221394	2
1222295	2
1223913	2
1224077	2
1225303	2
1227755	2
1228135	2
1229806	2
1230471	2
1232283	2
1232681	2
1236501	2
1236956	2
1237811	2
1238616	2
1239645	2
1244649	2
1245089	2
1245880	2
1246675	2
1246756	2
1249182	2
1249807	2
1251559	2
1252854	2
1253865	2
1254238	2
1255447	2
1255816	2
1257222	2
1257537	2
1258335	2
1258922	2
1259993	2
1261051	2
1262409	2
1263868	2
1263921	2
1265787	2
1266421	2
1267765	2
1267918	2
1270290	2
1270394	2
1270536	2
1271879	2
1273689	2
1275370	2
1275381	2
1277974	2
1280622	2
1281305	2
1281868	2
1285357	2
1286876	2
1288601	2
1290073	2
1290263	2
1291453	2
1292284	2
1293997	2
1294093	2
1300146	2
1300797	2
1302284	2
1302800	2
1302945	2
1303117	2
1303703	2
1305026	2
1306040	2
1306910	2
1310628	2
1311077	2
1312312	2
1315620	2
1316882	2
1317267	2
1321079	2
1326253	2
1328417	2
1328741	2
1328815	2
1329881	2
1330139	2
1331043	2
1331095	2
1333123	2
1334218	2
1334864	2
1342815	2
1343265	2
1345261	2
1348344	2
1350161	2
1350920	2
1351275	2
1355362	2
1357455	2
1358963	2
1359640	2
1360824	2
1360958	2
1362776	2
1363826	2
1364635	2
1365719	2
1366141	2
1366183	2
1367475	2
1367787	2
1372169	2
1372505	2
1372531	2
1372787	2
1372933	2
1373067	2
1373529	2
1374468	2
1374596	2
1374915	2
1375182	2
1376056	2
1377003	2
1377600	2
1378765	2
1381172	2
1381207	2
1381442	2
1382175	2
1382609	2
1385604	2
1386642	2
1386983	2
1389871	2
1392972	2
1393881	2
1395382	2
1395866	2
1396691	2
1397546	2
1397653	2
1398479	2
1399676	2
1400662	2
1401210	2
1402255	2
1407476	2
1407957	2
1409562	2
1411511	2
1412878	2
1413153	2
1413841	2
1414228	2
1414537	2
1414759	2
1414834	2
1416254	2
1416307	2
1416999	2
1417863	2
1422119	2
1424846	2
1425857	2
1425867	2
1425892	2
1426669	2
1428193	2
1428325	2
1429230	2
1432071	2
1433598	2
1434057	2
1436086	2
1436402	2
1436756	2
1438476	2
1439713	2
1440266	2
1440735	2
1445191	2
1445631	2
1445883	2
1447464	2
1447876	2
1448764	2
1449279	2
1450406	2
1450640	2
1450837	2
1452308	2
1452749	2
1453127	2
1453447	2
1459011	2
1459060	2
1459841	2
1460848	2
1461468	2
1463087	2
1465631	2
1466186	2
1466331	2
1466459	2
1467013	2
1467275	2
1468687	2
1469202	2
1471082	2
1472496	2
1472958	2
1473531	2
1474133	2
1474702	2
1476788	2
1477528	2
1479557	2
1480082	2
1483399	2
1483760	2
1484203	2
1484597	2
1485364	2
1488659	2
1489562	2
1490158	2
1492919	2
1492983	2
1493463	2
1494798	2
1494859	2
1501096	2
1502476	2
1503137	2
1503513	2
1503518	2
1505190	2
1505898	2
1506659	2
1508411	2
1508512	2
1510056	2
1510132	2
1511028	2
1512043	2
1512393	2
1512477	2
1513003	2
1513421	2
1514668	2
1514899	2
1515333	2
1517407	2
1517420	2
1518276	2
1519158	2
1520326	2
1522467	2
1522831	2
1523921	2
1524921	2
1526535	2
1527573	2
1528810	2
1529211	2
1530639	2
1531306	2
1532133	2
1532411	2
1532845	2
1534331	2
1534479	2
1535294	2
1537870	2
1538831	2
1539116	2
1540416	2
1540755	2
1541426	2
1541637	2
1541882	2
1542060	2
1543414	2
1544313	2
1544548	2
1546139	2
1546409	2
1548650	2
1548702	2
1550537	2
1551425	2
1551865	2
1552309	2
1552789	2
1554277	2
1557039	2
1557391	2
1557753	2
1558297	2
1558909	2
1561399	2
1561980	2
1562774	2
1564410	2
1565308	2
1566423	2
1566837	2
1567389	2
1568921	2
1569097	2
1571871	2
1573456	2
1575012	2
1577093	2
1578471	2
1579196	2
1580179	2
1580488	2
1581918	2
1583344	2
1583483	2
1583940	2
1584042	2
1584107	2
1586097	2
1586233	2
1587225	2
1587252	2
1588620	2
1589465	2
1590663	2
1591086	2
1592402	2
1594127	2
1594203	2
1594257	2
1595098	2
1595306	2
1595563	2
1596673	2
1597283	2
1600320	2
1600924	2
1603639	2
1603654	2
1604103	2
1604819	2
1604903	2
1605954	2
1607366	2
1607381	2
1607595	2
1607906	2
1609127	2
1609206	2
1609615	2
1610593	2
1613046	2
1613268	2
1615423	2
1616760	2
1618881	2
1619789	2
1620595	2
1620693	2
1620872	2
1620942	2
1622101	2
1622849	2
1623829	2
1623999	2
1625265	2
1625868	2
1626709	2
1626774	2
1629598	2
1629712	2
1630568	2
1631070	2
1632595	2
1633698	2
1634175	2
1635011	2
1635559	2
1636355	2
1636549	2
1637234	2
1637248	2
1637295	2
1637417	2
1637463	2
1640310	2
1640528	2
1640853	2
1642223	2
1642731	2
1642759	2
1643027	2
1643869	2
1645853	2
1649030	2
1649404	2
1649594	2
1650615	2
1651507	2
1655225	2
1656320	2
1657653	2
1657812	2
1658528	2
1660706	2
1661055	2
1662575	2
1662579	2
1664426	2
1665926	2
1666597	2
1666708	2
1668044	2
1668255	2
1668674	2
1669639	2
1670420	2
1672366	2
1674583	2
1675391	2
1675437	2
1677077	2
1677536	2
1677607	2
1677987	2
1678074	2
1680331	2
1681456	2
1681464	2
1681717	2
1683615	2
1684095	2
1684524	2
1685460	2
1687648	2
1689839	2
1692341	2
1692361	2
1693961	2
1695194	2
1695599	2
1696208	2
1696681	2
1697586	2
1697641	2
1697785	2
1697793	2
1697844	2
1698738	2
1699055	2
1699397	2
1700604	2
1701480	2
1701517	2
1701642	2
1701760	2
1702455	2
1703860	2
1703882	2
1704999	2
1705286	2
1707096	2
1707242	2
1708575	2
1708973	2
1709466	2
1709992	2
1710670	2
1711136	2
1711212	2
1711875	2
1712141	2
1712155	2
1712648	2
1713213	2
1715966	2
1716006	2
1716037	2
1716634	2
1716760	2
1717994	2
1719274	2
1719668	2
1719788	2
1720844	2
1721313	2
1722024	2
1722371	2
1722754	2
1723082	2
1723190	2
1724929	2
1726126	2
1728407	2
1728560	2
1732998	2
1733848	2
1734222	2
1735799	2
1735941	2
1735993	2
1737038	2
1738190	2
1738241	2
1738414	2
1739108	2
1740738	2
1740837	2
1741252	2
1743121	2
1743176	2
1744268	2
1744308	2
1744326	2
1745438	2
1748865	2
1749397	2
1750731	2
1751604	2
1751812	2
1752158	2
1752633	2
1753383	2
1753426	2
1754064	2
1754080	2
1754755	2
1755079	2
1755939	2
1755980	2
1756592	2
1757331	2
1758110	2
1759944	2
1760632	2
1764197	2
1764367	2
1765479	2
1766671	2
1766817	2
1766863	2
1767072	2
1768145	2
1768751	2
1769754	2
1770483	2
1772139	2
1772578	2
1772602	2
1773657	2
1774963	2
1775321	2
1775583	2
1775845	2
1776530	2
1776918	2
1778001	2
1778482	2
1779000	2
1779566	2
1780362	2
1780425	2
1780569	2
1780844	2
1782199	2
1782391	2
1784176	2
1785336	2
1787841	2
1788979	2
1789117	2
1790802	2
1791031	2
1791971	2
1792141	2
1792147	2
1792604	2
1797408	2
1797796	2
1797869	2
1798296	2
1798353	2
1798596	2
1798895	2
1799620	2
1800041	2
1800072	2
1800310	2
1801109	2
1801215	2
1801514	2
1801990	2
1803088	2
1803966	2
1805058	2
1805062	2
1805781	2
1806336	2
1806444	2
1811140	2
1811690	2
1812590	2
1813204	2
1814081	2
1814242	2
1814677	2
1815248	2
1816490	2
1816573	2
1816594	2
1816862	2
1817015	2
1817872	2
1818464	2
1819113	2
1820968	2
1822190	2
1822792	2
1823362	2
1823562	2
1823603	2
1824957	2
1825851	2
1826020	2
1826493	2
1826792	2
1827582	2
1827693	2
1828697	2
1828953	2
1829772	2
1830100	2
1830928	2
1831855	2
1832139	2
1832466	2
1832682	2
1834475	2
1835190	2
1835660	2
1836590	2
1838920	2
1840536	2
1842699	2
1843440	2
1843583	2
1843838	2
1844242	2
1845305	2
1845834	2
1846831	2
1847093	2
1847335	2
1848283	2
1849312	2
1849922	2
1850127	2
1850622	2
1852713	2
1854311	2
1854666	2
1855042	2
1855485	2
1855642	2
1855940	2
1857485	2
1857679	2
1859383	2
1860163	2
1861705	2
1862734	2
1862813	2
1863299	2
1864310	2
1865264	2
1865680	2
1867681	2
1867990	2
1868109	2
1871029	2
1871801	2
1876189	2
1876710	2
1878853	2
1879396	2
1880178	2
1880425	2
1880884	2
1880890	2
1882565	2
1883908	2
1885978	2
1886772	2
1888008	2
1889072	2
1890916	2
1891348	2
1892395	2
1892559	2
1893478	2
1894524	2
1896362	2
1897042	2
1897151	2
1897556	2
1897901	2
1898270	2
1898977	2
1901337	2
1903369	2
1905507	2
1905978	2
1906234	2
1907059	2
1907585	2
1908023	2
1908116	2
1908280	2
1908307	2
1908420	2
1908852	2
1908920	2
1910610	2
1910636	2
1910978	2
1912039	2
1913393	2
1914520	2
1914742	2
1915460	2
1915485	2
1915827	2
1917998	2
1918648	2
1918662	2
1919001	2
1920617	2
1920775	2
1920904	2
1920925	2
1921030	2
1922407	2
1923485	2
1923502	2
1923590	2
1923742	2
1923772	2
1923779	2
1923993	2
1924512	2
1924791	2
1925026	2
1925561	2
1925565	2
1925621	2
1925979	2
1927130	2
1927587	2
1928408	2
1928666	2
1930201	2
1930254	2
1930423	2
1934211	2
1936112	2
1937050	2
1937284	2
1937598	2
1937890	2
1937973	2
1938100	2
1939892	2
1940587	2
1940845	2
1941543	2
1941641	2
1941788	2
1942051	2
1942950	2
1944576	2
1945560	2
1945807	2
1945974	2
1946076	2
1946582	2
1946913	2
1946927	2
1947279	2
1949627	2
1949915	2
1952523	2
1952586	2
1952724	2
1953042	2
1953151	2
1953323	2
1954260	2
1955428	2
1956329	2
1957337	2
1957649	2
1957926	2
1958168	2
1958231	2
1960172	2
1960419	2
1960463	2
1960686	2
1960794	2
1961414	2
1961509	2
1963859	2
1964482	2
1966114	2
1966426	2
1966597	2
1967828	2
1968305	2
1968360	2
1969449	2
1969481	2
1970618	2
1970676	2
1970686	2
1971720	2
1972402	2
1972917	2
1973071	2
1974531	2
1974579	2
1975536	2
1976189	2
1976849	2
1976914	2
1977350	2
1978446	2
1979131	2
1981989	2
1982070	2
1982154	2
1983041	2
1983237	2
1983462	2
1984890	2
1985045	2
1986613	2
1986949	2
1987985	2
1988873	2
1989375	2
1990332	2
1990486	2
1990611	2
1991549	2
1991995	2
1993244	2
1993394	2
1995165	2
1995197	2
1995413	2
1996127	2
1996435	2
1997296	2
1998191	2
1999656	2
2000964	2
2001213	2
2001953	2
2002560	2
2004726	2
2005115	2
2006649	2
2007547	2
2007875	2
2010463	2
2010740	2
2011388	2
2012770	2
2013644	2
2014240	2
2016372	2
2016896	2
2017328	2
2017363	2
2017394	2
2018941	2
2019216	2
2019481	2
2019516	2
2020028	2
2020200	2
2021245	2
2021709	2
2023042	2
2023044	2
2023061	2
2023350	2
2024195	2
2024728	2
2025619	2
2026214	2
2028337	2
2028644	2
2030431	2
2031481	2
2032193	2
2033564	2
2033778	2
2034626	2
2035164	2
2035425	2
2035452	2
2036347	2
2038096	2
2038451	2
2038727	2
2039373	2
2039453	2
2039680	2
2039768	2
2040322	2
2040548	2
2040888	2
2041862	2
2042195	2
2042601	2
2042810	2
2044606	2
2046569	2
2046642	2
2046958	2
2047619	2
2048215	2
2048250	2
2048285	2
2048628	2
2048787	2
2048984	2
2049372	2
2049653	2
2049908	2
2050053	2
2052263	2
2052296	2
2052462	2
2053495	2
2053512	2
2053845	2
2054428	2
2055012	2
2055755	2
2055882	2
2056130	2
2056713	2
2057170	2
2057516	2
2057667	2
2058724	2
2059866	2
2060122	2
2060331	2
2060606	2
2061253	2
2061418	2
2061549	2
2061826	2
2063338	2
2063665	2
2067667	2
2067782	2
2068332	2
2068631	2
2068747	2
2069281	2
2069780	2
2069850	2
2071774	2
2073768	2
2074279	2
2074359	2
2074360	2
2075105	2
2075746	2
2077422	2
2077668	2
2078198	2
2078423	2
2078533	2
2078972	2
2080832	2
2081595	2
2082569	2
2083610	2
2083902	2
2084019	2
2084624	2
2084665	2
2084917	2
2085357	2
2085486	2
2087287	2
2088135	2
2089194	2
2089251	2
2089468	2
2089683	2
2089685	2
2089833	2
2090735	2
2091162	2
2091632	2
2091718	2
2092551	2
2092893	2
2093001	2
2093141	2
2094290	2
2094306	2
2094978	2
2095657	2
2096920	2
2097709	2
2097968	2
2099170	2
2099744	2
2100147	2
2100548	2
2100715	2
2101421	2
2101500	2
2102402	2
2102641	2
2102695	2
2103175	2
2103833	2
2104212	2
2104607	2
2105239	2
2105262	2
2107570	2
2107754	2
2107855	2
2108161	2
2108460	2
2108474	2
2108664	2
2109164	2
2109561	2
2111119	2
2111151	2
2112115	2
2112303	2
2112412	2
2112975	2
2113260	2
2113399	2
2113426	2
2114083	2
2114573	2
2114975	2
2115024	2
2116413	2
2117226	2
2117921	2
2118236	2
2118660	2
2118851	2
2119874	2
2119982	2
2120303	2
2120487	2
2120765	2
2121765	2
2121898	2
2122886	2
2123323	2
2123530	2
2123919	2
2124260	2
2126616	2
2126834	2
2126864	2
2127372	2
2127616	2
2127795	2
2127926	2
2128043	2
2129396	2
2131159	2
2131586	2
2132048	2
2133309	2
2133735	2
2134373	2
2134796	2
2135080	2
2135864	2
2136018	2
2136693	2
2137270	2
2137301	2
2138244	2
2138892	2
2138918	2
2138937	2
2139244	2
2140236	2
2140296	2
2140664	2
2141342	2
2141998	2
2142087	2
2142162	2
2142276	2
2142819	2
2142838	2
2142915	2
2143591	2
2143609	2
2144223	2
2144526	2
2144626	2
2144670	2
2144903	2
2145286	2
2145623	2
2146132	2
2146307	2
2146777	2
2147788	2
2147990	2
2148809	2
2150310	2
2150924	2
2151127	2
2151678	2
2151694	2
2151748	2
2152686	2
2152746	2
2154717	2
2154734	2
2154998	2
2155156	2
2155401	2
2155500	2
2155894	2
2156201	2
2156736	2
2157004	2
2157055	2
2157119	2
2157155	2
2157472	2
2158133	2
2158376	2
2158472	2
2158697	2
2158700	2
2159086	2
2159473	2
2160002	2
2160129	2
2160200	2
2160258	2
2160565	2
2160750	2
2161288	2
2161624	2
2161677	2
2161865	2
2162254	2
2162597	2
2162615	2
2162816	2
2162955	2
2163144	2
2163282	2
2163500	2
2163686	2
2164227	2
2164294	2
2165058	2
2165192	2
2165259	2
2165291	2
2166113	2
2166844	2
2167021	2
2167580	2
2167891	2
2168547	2
2168676	2
2168862	2
2169073	2
2169654	2
2169931	2
2171249	2
2171532	2
2172617	2
2172628	2
2172763	2
2173451	2
2173528	2
2173604	2
2174083	2
2174557	2
2174921	2
2175360	2
2175472	2
2175481	2
2175498	2
2175658	2
2176614	2
2177798	2
2178513	2
2178536	2
2179212	2
2179463	2
2180357	2
2180895	2
2181024	2
2181214	2
2181539	2
2181631	2
2181825	2
2181902	2
2182143	2
2182161	2
2182697	2
2182872	2
2183009	2
2183023	2
2183237	2
2183377	2
2183761	2
2183856	2
2183893	2
2184057	2
2184360	2
2184716	2
2184721	2
2184958	2
2185359	2
2185424	2
2186178	2
2186582	2
2186599	2
2186823	2
2186847	2
2186986	2
2187213	2
2187629	2
2187731	2
2187952	2
2188174	2
2188519	2
2188619	2
2188991	2
2189091	2
2189605	2
2189639	2
2190425	2
2190766	2
2191049	2
2191353	2
2191756	2
2192781	2
2193159	2
2193225	2
2193298	2
2193910	2
2194246	2
2194389	2
2195271	2
2195531	2
2195573	2
2196155	2
2196297	2
2197251	2
2197566	2
2197918	2
2198188	2
2198440	2
2198454	2
2198522	2
2198527	2
2198913	2
2199336	2
2199726	2
2199807	2
2199844	2
2199855	2
2200086	2
2200777	2
2200846	2
2201126	2
2201739	2
2201784	2
2202125	2
2202213	2
2202308	2
2202846	2
2203563	2
2203659	2
2204217	2
2204420	2
2204455	2
2204607	2
2205423	2
2206065	2
2206190	2
2206473	2
2207475	2
2207596	2
2207633	2
2207836	2
2208968	2
2209118	2
2209344	2
2209877	2
2210388	2
2211163	2
2212583	2
2213705	2
2213879	2
2214983	2
2215541	2
2215580	2
2215831	2
2216785	2
2216813	2
2216920	2
2217267	2
2219340	2
2219754	2
2219889	2
2220646	2
2221309	2
2221909	2
2222000	2
2222201	2
2222470	2
2222932	2
2223010	2
2223340	2
2223567	2
2224842	2
2225373	2
2225668	2
2225700	2
2227535	2
2228059	2
2228385	2
2228750	2
2228870	2
2229154	2
2229342	2
2229343	2
2229541	2
2230383	2
2230462	2
2230575	2
2230582	2
2231261	2
2231906	2
2232101	2
2232263	2
2233019	2
2233334	2
2233647	2
2233935	2
2233953	2
2234162	2
2234852	2
2235157	2
2235701	2
2235720	2
2235871	2
2236145	2
2236280	2
2236563	2
2236910	2
2237125	2
2237467	2
2237522	2
2238709	2
2239569	2
2240006	2
2240812	2
2241191	2
2241319	2
2241814	2
2242074	2
2242134	2
2242284	2
2242673	2
2243822	2
2243856	2
2243956	2
2244074	2
2244253	2
2244495	2
2244816	2
2244984	2
2245253	2
2245291	2
2245502	2
2245573	2
2246011	2
2246277	2
2247078	2
2247411	2
2247607	2
2247809	2
2248108	2
2248180	2
2248187	2
2248234	2
2248869	2
2248955	2
2249078	2
2249316	2
2249567	2
2249865	2
2250035	2
2250037	2
2250078	2
2250234	2
2251016	2
2251242	2
2251536	2
2251769	2
2251995	2
2252379	2
2252790	2
2253346	2
2253443	2
2253782	2
2254296	2
2254300	2
2254860	2
2255318	2
2256370	2
2256390	2
2256501	2
2257250	2
2257868	2
2259151	2
2259244	2
2259259	2
2260499	2
2260599	2
2261344	2
2261379	2
2261516	2
2261806	2
2261909	2
2262005	2
2262097	2
2262464	2
2262797	2
2262998	2
2263377	2
2263393	2
2263918	2
2263970	2
2264613	2
2264847	2
2264920	2
2265184	2
2265450	2
2265599	2
2265976	2
2266359	2
2266829	2
2267930	2
2268423	2
2268795	2
2269044	2
2269257	2
2270323	2
2270335	2
2270978	2
2270996	2
2271685	2
2271729	2
2271780	2
2272469	2
2273685	2
2273693	2
2275179	2
2275683	2
2276185	2
2276273	2
2276368	2
2276623	2
2277098	2
2277581	2
2278064	2
2278669	2
2278890	2
2278896	2
2279306	2
2280149	2
2280469	2
2280842	2
2282134	2
2282702	2
2283039	2
2283688	2
2283926	2
2284538	2
2284745	2
2285269	2
2285353	2
2285361	2
2285452	2
2285472	2
2285503	2
2285715	2
2285778	2
2286322	2
2286700	2
2286860	2
2286974	2
2287276	2
2287533	2
2287705	2
2288077	2
2288309	2
2288589	2
2288699	2
2288845	2
2289015	2
2289747	2
2290096	2
2290902	2
2291305	2
2291611	2
2291743	2
2292049	2
2292273	2
2292877	2
2294567	2
2295242	2
2295446	2
2295655	2
2295722	2
2295841	2
2295862	2
2297391	2
2297431	2
2297482	2
2297485	2
2298023	2
2298783	2
2299584	2
2299698	2
2300458	2
2300563	2
2300826	2
2300847	2
2301163	2
2301375	2
2302633	2
2303026	2
2303440	2
2303541	2
2304929	2
2305781	2
2307385	2
2307505	2
2308302	2
2311902	2
2312566	2
2313224	2
2313425	2
2313715	2
2314271	2
2314341	2
2314348	2
2314804	2
2314890	2
2314912	2
2314927	2
2315385	2
2315882	2
2316310	2
2316403	2
2316710	2
2318157	2
2318313	2
2318561	2
2318700	2
2319222	2
2319461	2
2320656	2
2321077	2
2321378	2
2321852	2
2322105	2
2322132	2
2322348	2
2322396	2
2322868	2
2323119	2
2324315	2
2324721	2
2325134	2
2325348	2
2325984	2
2326117	2
2326627	2
2326742	2
2326830	2
2327044	2
2327157	2
2327253	2
2327484	2
2327993	2
2329087	2
2329206	2
2329256	2
2329805	2
2329974	2
2330155	2
2330308	2
2331733	2
2331863	2
2332075	2
2332167	2
2332276	2
2332573	2
2332702	2
2332769	2
2332977	2
2333482	2
2333740	2
2334072	2
2334315	2
2334358	2
2335523	2
2335770	2
2335908	2
2336877	2
2336984	2
2337043	2
2337159	2
2337705	2
2338626	2
2339477	2
2339554	2
2339647	2
2339817	2
2340952	2
2341103	2
2342044	2
2342289	2
2342681	2
2342705	2
2342801	2
2343081	2
2343218	2
2344403	2
2344483	2
2344712	2
2345852	2
2346007	2
2346583	2
2346961	2
2347193	2
2347783	2
2348314	2
2348699	2
2348888	2
2349585	2
2349623	2
2349628	2
2349729	2
2349736	2
2349807	2
2349937	2
2350488	2
2350850	2
2350978	2
2351227	2
2352185	2
2352444	2
2352661	2
2352782	2
2352797	2
2353531	2
2354558	2
2355867	2
2355907	2
2356446	2
2356552	2
2356873	2
2357017	2
2357409	2
2357812	2
2357907	2
2358416	2
2358501	2
2358755	2
2359841	2
2360807	2
2361193	2
2362243	2
2362271	2
2364358	2
2364532	2
2364537	2
2364595	2
2364770	2
2364893	2
2365246	2
2365332	2
2365481	2
2365740	2
2365986	2
2367648	2
2367976	2
2368021	2
2368314	2
2369183	2
2369531	2
2370048	2
2370930	2
2371109	2
2371366	2
2371411	2
2371933	2
2372133	2
2372334	2
2372415	2
2373755	2
2374146	2
2374593	2
2374602	2
2374648	2
2374937	2
2375654	2
2376115	2
2377689	2
2377738	2
2377787	2
2377901	2
2378142	2
2378383	2
2378820	2
2379165	2
2379350	2
2379471	2
2380469	2
2380886	2
2381500	2
2381557	2
2382015	2
2382192	2
2383264	2
2383568	2
2383613	2
2383734	2
2384807	2
2385357	2
2386344	2
2386446	2
2386743	2
2386888	2
2387207	2
2388112	2
2388276	2
2388589	2
2388836	2
2388905	2
2389108	2
2389298	2
2389863	2
2390387	2
2390557	2
2391417	2
2391463	2
2391552	2
2391567	2
2391716	2
2392604	2
2392907	2
2393130	2
2393337	2
2393830	2
2394103	2
2394125	2
2394223	2
2394389	2
2394575	2
2394782	2
2394927	2
2395755	2
2395884	2
2396110	2
2396876	2
2396977	2
2397411	2
2399135	2
2399787	2
2400651	2
2400753	2
2401485	2
2401710	2
2402204	2
2402218	2
2402526	2
2403042	2
2403804	2
2403810	2
2403825	2
2403924	2
2404324	2
2404337	2
2404849	2
2404984	2
2405464	2
2405502	2
2405603	2
2405779	2
2406050	2
2406942	2
2407194	2
2408058	2
2408200	2
2409508	2
2409740	2
2410118	2
2411532	2
2411694	2
2412110	2
2412186	2
2412986	2
2414133	2
2414445	2
2414570	2
2414865	2
2415167	2
2415321	2
2416440	2
2416556	2
2416906	2
2417349	2
2417581	2
2417741	2
2417813	2
2417949	2
2419064	2
2419678	2
2420079	2
2420277	2
2421110	2
2421397	2
2422308	2
2422380	2
2422645	2
2422791	2
2423028	2
2423948	2
2424096	2
2424177	2
2424690	2
2425072	2
2425802	2
2426155	2
2426747	2
2426956	2
2427302	2
2427905	2
2428125	2
2428198	2
2428945	2
2429232	2
2429332	2
2429542	2
2429646	2
2429707	2
2429752	2
2430090	2
2430178	2
2430442	2
2430654	2
2430735	2
2431554	2
2431759	2
2431915	2
2432576	2
2432655	2
2432754	2
2432784	2
2432832	2
2432877	2
2433235	2
2433782	2
2434727	2
2435718	2
2436434	2
2436817	2
2437240	2
2437264	2
2438765	2
2438811	2
2439407	2
2440072	2
2440206	2
2440277	2
2440334	2
2440553	2
2440619	2
2440686	2
2440987	2
2441240	2
2441291	2
2441533	2
2442335	2
2442494	2
2442566	2
2443405	2
2443508	2
2445113	2
2445476	2
2445658	2
2445693	2
2445816	2
2445914	2
2446019	2
2446188	2
2446240	2
2446601	2
2446783	2
2447038	2
2447110	2
2447444	2
2447498	2
2447525	2
2447695	2
2447792	2
2447909	2
2448260	2
2448344	2
2449219	2
2449738	2
2449901	2
2450166	2
2450325	2
2450440	2
2450885	2
2451732	2
2452467	2
2452509	2
2452760	2
2453006	2
2453138	2
2453193	2
2453502	2
2453617	2
2453686	2
2453934	2
2454083	2
2454234	2
2454470	2
2454813	2
2455211	2
2455543	2
2455618	2
2456052	2
2456173	2
2456191	2
2456776	2
2456959	2
2456997	2
2457038	2
2457265	2
2457404	2
2457625	2
2457701	2
2457902	2
2458774	2
2458817	2
2459297	2
2459614	2
2459762	2
2460035	2
2460094	2
2460448	2
2460489	2
2460533	2
2460687	2
2460920	2
2461782	2
2462403	2
2462733	2
2462752	2
2462920	2
2462922	2
2463266	2
2463450	2
2463561	2
2464128	2
2464346	2
2464362	2
2464465	2
2464584	2
2464654	2
2464768	2
2465294	2
2465300	2
2465889	2
2466163	2
2466441	2
2466814	2
2466827	2
2468338	2
2468556	2
2468744	2
2469039	2
2469271	2
2469734	2
2470095	2
2470271	2
2470788	2
2470799	2
2471446	2
2471768	2
2473110	2
2473547	2
2473587	2
2474359	2
2474520	2
2474696	2
2474920	2
2475174	2
2475638	2
2475750	2
2476100	2
2476483	2
2476952	2
2476996	2
2476998	2
2477230	2
2477584	2
2477719	2
2477907	2
2478136	2
2478258	2
2478404	2
2478513	2
2478832	2
2479116	2
2479726	2
2479804	2
2480284	2
2480513	2
2481824	2
2482399	2
2483323	2
2483641	2
2483965	2
2484064	2
2484657	2
2484795	2
2484947	2
2485172	2
2485861	2
2486778	2
2487422	2
2487426	2
2487613	2
2487622	2
2487641	2
2488003	2
2488012	2
2488031	2
2488524	2
2489376	2
2489698	2
2489969	2
2489978	2
2490401	2
2490439	2
2490702	2
2491363	2
2491569	2
2491585	2
2491704	2
2492619	2
2492638	2
2493299	2
2493637	2
2494045	2
2494108	2
2494126	2
2494338	2
2494368	2
2494376	2
2494471	2
2494531	2
2494737	2
2494743	2
2495016	2
2495078	2
2495224	2
2495382	2
2495494	2
2496488	2
2496865	2
2496998	2
2497093	2
2497325	2
2497621	2
2498335	2
2498536	2
2498692	2
2498744	2
2498764	2
2498937	2
2499049	2
2499965	2
2500274	2
2501426	2
2501981	2
2502278	2
2502355	2
2502633	2
2502794	2
2502818	2
2503452	2
2504124	2
2504319	2
2504801	2
2506050	2
2506377	2
2506819	2
2507094	2
2507148	2
2507227	2
2507385	2
2507452	2
2507845	2
2507981	2
2508082	2
2508211	2
2508553	2
2508976	2
2509752	2
2510025	2
2510075	2
2510264	2
2511081	2
2511368	2
2511839	2
2513142	2
2513579	2
2514069	2
2514281	2
2514336	2
2514448	2
2514588	2
2514917	2
2515246	2
2515698	2
2515699	2
2515746	2
2516204	2
2516530	2
2517863	2
2518150	2
2518192	2
2518316	2
2518358	2
2518363	2
2518422	2
2518430	2
2518484	2
2518826	2
2518843	2
2518900	2
2518979	2
2519417	2
2519476	2
2519492	2
2519718	2
2519767	2
2520038	2
2520326	2
2520343	2
2520387	2
2520914	2
2521220	2
2522069	2
2522185	2
2523208	2
2523224	2
2523229	2
2523513	2
2524190	2
2524579	2
2524585	2
2524589	2
2525076	2
2525165	2
2525334	2
2525604	2
2525746	2
2525775	2
2525803	2
2525881	2
2526094	2
2526772	2
2527870	2
2528046	2
2528116	2
2529150	2
2529212	2
2529278	2
2529327	2
2529367	2
2529534	2
2529563	2
2530091	2
2530171	2
2531127	2
2531462	2
2532113	2
2532490	2
2532542	2
2532907	2
2533116	2
2533185	2
2533547	2
2533588	2
2533705	2
2533903	2
2534451	2
2535834	2
2536065	2
2537186	2
2537951	2
2538195	2
2538321	2
2538398	2
2539046	2
2539328	2
2539550	2
2539622	2
2539817	2
2539937	2
2540010	2
2540097	2
2540804	2
2540864	2
2541466	2
2542051	2
2542533	2
2543267	2
2543733	2
2543827	2
2543911	2
2543957	2
2544299	2
2544472	2
2544574	2
2544577	2
2544621	2
2544658	2
2544680	2
2544812	2
2544867	2
2546103	2
2546974	2
2546992	2
2547053	2
2547135	2
2547743	2
2547967	2
2547974	2
2548079	2
2548129	2
2548558	2
2548587	2
2548632	2
2548720	2
2548918	2
2549345	2
2549657	2
2550100	2
2550431	2
2550635	2
2551235	2
2551326	2
2551448	2
2551600	2
2551698	2
2551875	2
2552879	2
2552903	2
2553079	2
2553109	2
2553248	2
2553398	2
2553403	2
2553417	2
2553780	2
2554068	2
2554210	2
2554257	2
2554361	2
2554647	2
2554919	2
2554944	2
2554985	2
2554986	2
2555167	2
2555341	2
2555414	2
2555432	2
2555976	2
2555989	2
2556587	2
2557023	2
2557060	2
2557112	2
2557187	2
2557612	2
2558164	2
2560227	2
2560501	2
2560542	2
2560823	2
2560993	2
2561057	2
2562216	2
2562617	2
2562805	2
2563055	2
2563705	2
2564206	2
2564943	2
2565017	2
2565414	2
2566149	2
2566543	2
2566946	2
2566989	2
2567126	2
2567668	2
2567848	2
2567865	2
2568085	2
2568131	2
2568178	2
2569272	2
2569637	2
2570022	2
2570258	2
2570358	2
2570583	2
2571042	2
2571292	2
2571584	2
2571603	2
2571695	2
2571748	2
2573127	2
2573186	2
2573486	2
2573703	2
2573779	2
2573898	2
2574210	2
2574220	2
2574386	2
2575227	2
2575469	2
2576823	2
2577223	2
2577561	2
2577719	2
2577789	2
2577958	2
2578560	2
2579170	2
2579208	2
2579251	2
2579348	2
2579393	2
2579469	2
2580663	2
2580743	2
2580913	2
2580959	2
2581189	2
2581447	2
2581956	2
2582449	2
2582457	2
2582529	2
2582578	2
2582889	2
2583048	2
2583392	2
2583403	2
2583903	2
2584392	2
2585186	2
2586639	2
2586989	2
2588371	2
2588600	2
2588852	2
2588854	2
2589232	2
2589252	2
2589341	2
2590364	2
2590555	2
2590659	2
2590739	2
2590758	2
2591069	2
2591090	2
2591428	2
2591459	2
2591730	2
2591986	2
2592569	2
2592675	2
2592795	2
2592948	2
2593145	2
2593254	2
2593295	2
2593618	2
2594940	2
2595290	2
2595301	2
2595796	2
2596238	2
2596781	2
2597145	2
2598219	2
2598734	2
2598895	2
2599016	2
2599075	2
2599249	2
2599431	2
2600265	2
2600482	2
2600512	2
2601734	2
2601943	2
2602418	2
2602739	2
2602777	2
2602796	2
2603160	2
2603199	2
2603961	2
2604347	2
2604365	2
2604817	2
2605393	2
2605873	2
2606315	2
2606454	2
2606622	2
2608151	2
2608313	2
2608581	2
2609244	2
2609708	2
2610185	2
2610265	2
2610884	2
2611138	2
2611164	2
2611379	2
2611879	2
2612120	2
2612396	2
2612998	2
2613056	2
2613152	2
2613597	2
2613609	2
2613673	2
2613825	2
2614306	2
2615060	2
2615228	2
2615278	2
2615413	2
2615642	2
2616451	2
2616853	2
2616892	2
2617083	2
2618491	2
2619641	2
2620302	2
2620598	2
2620818	2
2621360	2
2621951	2
2621983	2
2623262	2
2623291	2
2623512	2
2624028	2
2624714	2
2626358	2
2626482	2
2627368	2
2628973	2
2630647	2
2630847	2
2631395	2
2631572	2
2631663	2
2632411	2
2638229	2
2639207	2
2642195	2
2642485	2
2646605	2
2646766	2
2648928	2
2649660	2
2654612	2
2655268	2
2656612	2
2656947	2
2660648	2
2664636	2
2564	3
4340	3
4678	3
4757	3
4822	3
5260	3
5662	3
5669	3
6415	3
6822	3
8474	3
10023	3
10314	3
12146	3
12918	3
13783	3
13868	3
14799	3
14992	3
15044	3
16209	3
17310	3
19129	3
20046	3
20507	3
21231	3
22839	3
23928	3
24018	3
24156	3
24463	3
28271	3
28275	3
30776	3
31531	3
33776	3
37287	3
37993	3
39031	3
41150	3
43231	3
44414	3
45461	3
50403	3
51578	3
67706	3
71054	3
73739	3
80908	3
85228	3
87286	3
91876	3
93576	3
101860	3
105708	3
106767	3
107962	3
111318	3
111337	3
113708	3
119206	3
119485	3
122452	3
122885	3
123251	3
124770	3
130644	3
131837	3
133456	3
135232	3
138712	3
139841	3
140203	3
141292	3
141314	3
142482	3
146451	3
148428	3
149132	3
149298	3
149407	3
152402	3
156427	3
156960	3
161218	3
164540	3
166269	3
173773	3
175606	3
178658	3
180245	3
181640	3
190487	3
196472	3
201081	3
204299	3
209959	3
211111	3
213454	3
215482	3
218856	3
220667	3
222524	3
224009	3
227969	3
228282	3
232664	3
233657	3
235889	3
236282	3
243988	3
245594	3
247442	3
249699	3
249807	3
253416	3
254730	3
257284	3
260147	3
262795	3
265697	3
268584	3
269027	3
269324	3
272391	3
272807	3
273897	3
276884	3
287954	3
288386	3
290735	3
297270	3
304043	3
312283	3
318256	3
319686	3
319770	3
319785	3
322603	3
322670	3
322759	3
323915	3
326229	3
327343	3
334458	3
335216	3
335595	3
336827	3
341210	3
345265	3
353806	3
359176	3
365268	3
365651	3
367371	3
373096	3
386146	3
389345	3
389477	3
389756	3
391703	3
396723	3
398032	3
405819	3
406444	3
410195	3
412192	3
413072	3
413192	3
415667	3
418222	3
420826	3
423509	3
424361	3
425061	3
427146	3
430368	3
431912	3
432355	3
434537	3
437036	3
441799	3
444504	3
445327	3
445335	3
445387	3
448079	3
449474	3
450585	3
451620	3
454507	3
459227	3
460452	3
465645	3
466395	3
468037	3
469920	3
472183	3
472911	3
476419	3
480049	3
481504	3
483927	3
488659	3
492590	3
493573	3
494138	3
496483	3
497116	3
502177	3
503444	3
504857	3
506902	3
509670	3
509965	3
511613	3
514075	3
516948	3
518338	3
523710	3
524041	3
525910	3
530075	3
533390	3
533531	3
534950	3
535075	3
535458	3
544621	3
545783	3
546823	3
548403	3
548742	3
551928	3
552722	3
552917	3
554537	3
554585	3
557797	3
558403	3
561492	3
564463	3
564764	3
565733	3
567791	3
567910	3
570489	3
572422	3
572723	3
575447	3
577416	3
577426	3
583153	3
583510	3
585783	3
585870	3
587867	3
590175	3
592191	3
599035	3
600587	3
601869	3
607210	3
616397	3
618540	3
621527	3
623230	3
623247	3
628544	3
629785	3
631105	3
636593	3
639316	3
646177	3
646419	3
651593	3
654142	3
655017	3
659511	3
672352	3
672473	3
673268	3
673961	3
674073	3
674961	3
676568	3
676818	3
678872	3
681042	3
681288	3
684546	3
688401	3
689396	3
689763	3
691147	3
694230	3
695734	3
696396	3
700963	3
700988	3
702528	3
702582	3
705200	3
708162	3
708942	3
716811	3
718919	3
723036	3
724623	3
725429	3
727454	3
734144	3
735667	3
736281	3
736680	3
736988	3
738009	3
738506	3
738991	3
741246	3
741393	3
743289	3
746252	3
748247	3
748268	3
749575	3
750525	3
751197	3
752461	3
754311	3
755306	3
756531	3
758910	3
761640	3
766654	3
767149	3
767875	3
769402	3
772874	3
773320	3
773785	3
777580	3
778732	3
781749	3
782110	3
782913	3
789234	3
792779	3
794855	3
795259	3
795709	3
797897	3
798610	3
800879	3
801175	3
805020	3
805554	3
813479	3
813586	3
817937	3
818250	3
822060	3
823747	3
824072	3
824356	3
829040	3
829091	3
830042	3
834100	3
835237	3
836014	3
836263	3
838420	3
841516	3
842177	3
842498	3
842726	3
847489	3
849595	3
853278	3
855264	3
857237	3
861154	3
863933	3
866621	3
867976	3
869696	3
870578	3
877420	3
882516	3
883096	3
889024	3
902638	3
903221	3
904094	3
904335	3
905614	3
906298	3
907889	3
908089	3
910192	3
912525	3
915736	3
916158	3
919106	3
919758	3
920214	3
923467	3
923969	3
931303	3
935373	3
936578	3
936897	3
939679	3
939897	3
940732	3
942864	3
942929	3
944081	3
944426	3
944968	3
945887	3
946792	3
947863	3
948217	3
952043	3
952897	3
955979	3
958963	3
961425	3
962083	3
965070	3
970425	3
971728	3
972945	3
975217	3
976229	3
977071	3
979824	3
980708	3
982303	3
982641	3
985150	3
985450	3
987618	3
991342	3
995497	3
996104	3
997778	3
997926	3
998998	3
999172	3
999805	3
1001543	3
1006166	3
1008303	3
1008900	3
1009583	3
1009616	3
1010215	3
1012063	3
1012101	3
1015805	3
1019742	3
1021081	3
1021393	3
1022969	3
1025368	3
1027100	3
1027467	3
1028305	3
1028578	3
1028814	3
1029139	3
1029201	3
1034732	3
1035191	3
1035298	3
1035746	3
1036190	3
1039184	3
1040916	3
1041752	3
1042045	3
1042833	3
1044474	3
1044968	3
1045536	3
1046407	3
1049148	3
1049309	3
1051862	3
1052713	3
1054004	3
1054529	3
1054896	3
1055905	3
1057264	3
1057911	3
1058284	3
1058634	3
1063083	3
1070106	3
1073532	3
1074067	3
1074801	3
1077911	3
1081328	3
1082538	3
1084924	3
1088169	3
1089918	3
1095583	3
1097019	3
1102002	3
1102739	3
1103489	3
1103513	3
1112442	3
1114627	3
1115745	3
1116749	3
1118157	3
1124107	3
1125714	3
1125798	3
1127194	3
1127632	3
1129755	3
1134907	3
1137719	3
1145209	3
1146894	3
1147530	3
1150929	3
1152704	3
1153452	3
1156727	3
1157672	3
1158571	3
1161233	3
1163251	3
1164877	3
1168809	3
1169661	3
1170151	3
1170860	3
1171100	3
1171218	3
1174225	3
1178619	3
1181636	3
1184554	3
1186969	3
1187344	3
1187920	3
1190479	3
1194061	3
1194219	3
1195048	3
1195509	3
1195527	3
1196195	3
1198843	3
1199670	3
1199984	3
1200812	3
1203884	3
1204791	3
1205115	3
1205499	3
1205696	3
1205842	3
1208624	3
1209945	3
1211803	3
1213589	3
1213884	3
1213906	3
1214747	3
1215014	3
1216688	3
1217750	3
1218343	3
1218355	3
1218997	3
1227255	3
1228554	3
1228822	3
1231030	3
1234998	3
1235011	3
1236996	3
1237897	3
1238142	3
1238390	3
1241181	3
1242527	3
1243637	3
1245482	3
1245728	3
1245735	3
1246472	3
1246981	3
1247678	3
1249627	3
1250428	3
1252259	3
1254059	3
1254796	3
1255622	3
1256149	3
1258378	3
1261588	3
1263303	3
1264252	3
1264301	3
1264997	3
1265915	3
1266156	3
1266895	3
1268230	3
1268260	3
1268835	3
1270494	3
1271171	3
1272546	3
1273360	3
1273510	3
1273955	3
1274516	3
1276606	3
1280240	3
1280304	3
1281236	3
1282490	3
1283405	3
1284222	3
1285255	3
1288066	3
1289331	3
1291334	3
1294311	3
1297721	3
1300978	3
1301112	3
1301680	3
1302449	3
1302492	3
1303711	3
1304323	3
1309476	3
1312296	3
1315132	3
1315522	3
1318278	3
1318885	3
1319316	3
1320417	3
1320996	3
1321084	3
1322734	3
1324915	3
1326399	3
1331269	3
1331576	3
1332368	3
1333122	3
1335162	3
1336263	3
1337467	3
1338882	3
1340004	3
1340019	3
1341413	3
1342478	3
1343216	3
1343603	3
1345769	3
1348340	3
1348810	3
1350378	3
1351440	3
1351612	3
1351790	3
1351934	3
1352470	3
1353168	3
1353462	3
1354393	3
1357494	3
1359705	3
1359806	3
1360960	3
1361123	3
1363374	3
1363426	3
1363447	3
1366804	3
1369379	3
1370804	3
1371950	3
1373786	3
1373814	3
1375047	3
1376091	3
1377094	3
1379140	3
1380257	3
1380936	3
1385921	3
1387299	3
1387305	3
1390138	3
1391176	3
1392073	3
1392133	3
1392571	3
1393740	3
1394952	3
1395423	3
1397155	3
1398347	3
1399736	3
1400022	3
1401904	3
1403213	3
1403482	3
1403643	3
1405201	3
1406192	3
1409351	3
1410671	3
1415065	3
1418610	3
1420221	3
1424422	3
1424632	3
1426025	3
1426953	3
1429068	3
1429530	3
1430704	3
1433286	3
1434354	3
1435918	3
1436115	3
1437298	3
1437978	3
1438341	3
1438466	3
1438980	3
1439956	3
1442923	3
1443138	3
1443668	3
1446380	3
1446640	3
1446867	3
1448997	3
1449914	3
1450306	3
1451221	3
1456108	3
1457263	3
1457693	3
1458001	3
1458691	3
1461624	3
1462512	3
1462613	3
1463703	3
1471700	3
1472558	3
1474759	3
1474962	3
1480883	3
1481241	3
1482630	3
1483221	3
1483656	3
1484404	3
1486492	3
1486588	3
1487057	3
1487067	3
1489363	3
1489566	3
1490263	3
1490582	3
1491012	3
1492262	3
1492555	3
1493469	3
1497168	3
1498259	3
1498698	3
1498975	3
1500252	3
1500698	3
1504178	3
1504736	3
1507832	3
1510714	3
1511368	3
1513061	3
1513843	3
1514025	3
1514261	3
1515696	3
1517723	3
1517877	3
1518078	3
1518351	3
1519604	3
1519716	3
1520126	3
1522548	3
1522654	3
1522940	3
1523439	3
1524701	3
1525485	3
1526655	3
1529367	3
1531907	3
1532391	3
1532542	3
1534337	3
1535258	3
1535786	3
1539200	3
1539943	3
1540911	3
1542694	3
1542986	3
1545052	3
1545724	3
1546081	3
1546963	3
1548389	3
1553611	3
1554082	3
1555309	3
1556328	3
1558835	3
1558858	3
1561081	3
1561890	3
1564898	3
1565403	3
1566039	3
1567642	3
1568559	3
1568708	3
1568802	3
1571146	3
1571447	3
1573411	3
1575213	3
1578252	3
1578599	3
1580605	3
1580822	3
1581673	3
1582172	3
1582608	3
1583883	3
1584367	3
1584433	3
1587140	3
1587650	3
1590665	3
1590803	3
1591661	3
1593736	3
1594093	3
1595461	3
1596179	3
1596572	3
1597310	3
1598227	3
1599443	3
1600063	3
1601036	3
1603918	3
1604151	3
1604191	3
1605013	3
1605230	3
1605646	3
1606234	3
1607056	3
1607568	3
1608551	3
1608895	3
1609427	3
1609593	3
1609685	3
1609842	3
1614336	3
1614582	3
1615120	3
1615244	3
1617805	3
1618141	3
1619213	3
1622659	3
1623190	3
1624268	3
1625916	3
1628435	3
1631654	3
1632015	3
1632463	3
1635638	3
1637037	3
1638916	3
1639351	3
1642099	3
1642379	3
1642551	3
1644135	3
1644376	3
1646828	3
1649279	3
1650412	3
1651953	3
1652721	3
1653554	3
1655758	3
1657867	3
1658133	3
1661011	3
1663158	3
1666263	3
1666538	3
1666953	3
1669615	3
1669743	3
1670419	3
1670643	3
1671910	3
1677321	3
1679573	3
1680417	3
1680707	3
1681972	3
1682206	3
1682219	3
1682654	3
1682715	3
1685798	3
1685880	3
1686283	3
1689590	3
1689626	3
1691027	3
1691801	3
1693653	3
1694599	3
1694968	3
1695499	3
1696094	3
1697944	3
1698553	3
1701394	3
1702767	3
1704952	3
1706002	3
1708338	3
1709994	3
1710499	3
1710992	3
1711257	3
1712486	3
1713586	3
1714669	3
1715051	3
1715111	3
1715445	3
1715805	3
1716775	3
1717667	3
1719203	3
1719732	3
1720871	3
1722895	3
1723371	3
1723460	3
1723887	3
1725483	3
1726019	3
1726524	3
1727224	3
1727670	3
1728570	3
1730963	3
1732272	3
1732606	3
1732929	3
1735012	3
1735731	3
1735832	3
1735834	3
1736402	3
1736736	3
1737127	3
1737291	3
1738449	3
1738542	3
1739290	3
1739611	3
1739834	3
1741552	3
1741868	3
1742252	3
1742706	3
1742866	3
1743126	3
1743191	3
1743485	3
1743693	3
1744837	3
1745110	3
1746231	3
1746324	3
1746774	3
1748518	3
1748868	3
1749271	3
1750830	3
1750831	3
1751325	3
1752033	3
1752615	3
1753021	3
1753151	3
1753333	3
1753575	3
1753686	3
1753847	3
1754592	3
1755639	3
1756898	3
1756939	3
1757081	3
1757191	3
1757788	3
1758746	3
1759428	3
1760783	3
1761739	3
1764250	3
1765724	3
1766062	3
1766134	3
1767267	3
1768285	3
1768870	3
1769029	3
1770577	3
1772695	3
1773515	3
1774890	3
1774906	3
1775728	3
1776023	3
1777157	3
1777427	3
1777755	3
1779008	3
1782417	3
1783364	3
1784815	3
1785619	3
1786195	3
1786850	3
1788286	3
1788458	3
1788878	3
1789123	3
1789350	3
1790583	3
1791026	3
1792187	3
1792560	3
1792647	3
1794225	3
1794943	3
1795622	3
1795725	3
1796231	3
1796626	3
1797357	3
1797910	3
1800126	3
1801947	3
1801951	3
1802667	3
1803692	3
1805428	3
1805531	3
1805972	3
1808135	3
1808628	3
1808655	3
1808727	3
1809886	3
1810275	3
1810890	3
1811201	3
1812635	3
1812941	3
1813564	3
1814556	3
1814674	3
1816270	3
1817008	3
1817147	3
1818499	3
1819010	3
1819881	3
1821402	3
1822315	3
1822518	3
1823282	3
1823706	3
1823770	3
1824946	3
1826048	3
1826623	3
1828347	3
1829958	3
1830065	3
1831700	3
1831933	3
1831979	3
1832397	3
1832413	3
1832708	3
1836312	3
1836612	3
1837469	3
1838243	3
1838708	3
1839246	3
1839511	3
1840885	3
1842994	3
1843355	3
1844754	3
1845027	3
1845342	3
1845372	3
1847189	3
1848729	3
1848828	3
1848833	3
1851004	3
1852877	3
1854119	3
1855204	3
1856381	3
1857858	3
1858348	3
1858404	3
1858959	3
1859568	3
1860118	3
1861624	3
1861641	3
1864016	3
1866644	3
1867271	3
1867616	3
1869462	3
1869829	3
1870311	3
1870526	3
1871081	3
1871764	3
1872796	3
1873399	3
1873418	3
1873430	3
1874079	3
1874239	3
1875858	3
1875966	3
1876784	3
1877331	3
1879057	3
1880586	3
1882360	3
1884021	3
1884494	3
1884594	3
1886557	3
1886835	3
1887060	3
1887312	3
1888262	3
1889002	3
1891365	3
1891437	3
1891781	3
1891959	3
1892794	3
1892976	3
1893439	3
1893528	3
1896818	3
1898644	3
1900823	3
1902962	3
1904050	3
1904902	3
1906527	3
1908140	3
1908767	3
1908826	3
1909265	3
1909492	3
1911640	3
1911693	3
1912214	3
1912592	3
1913245	3
1913603	3
1914022	3
1914619	3
1915331	3
1915637	3
1915648	3
1916092	3
1916107	3
1918244	3
1921031	3
1921555	3
1921633	3
1921839	3
1921881	3
1923052	3
1923103	3
1923146	3
1923357	3
1924400	3
1924498	3
1927976	3
1928394	3
1928854	3
1930128	3
1930938	3
1932205	3
1932381	3
1932422	3
1933827	3
1934282	3
1935063	3
1935176	3
1937716	3
1938931	3
1940416	3
1940802	3
1940912	3
1942564	3
1942807	3
1946186	3
1946318	3
1947600	3
1947768	3
1947802	3
1948605	3
1948890	3
1950444	3
1951069	3
1951207	3
1951666	3
1954310	3
1955567	3
1956455	3
1956646	3
1956905	3
1957313	3
1957800	3
1958266	3
1958949	3
1960068	3
1963484	3
1963504	3
1963666	3
1963876	3
1966195	3
1966348	3
1966717	3
1970482	3
1971637	3
1972443	3
1975384	3
1976254	3
1976483	3
1977871	3
1978731	3
1978763	3
1978931	3
1981654	3
1982135	3
1983384	3
1984373	3
1985693	3
1985733	3
1986055	3
1986291	3
1986431	3
1986434	3
1987134	3
1987331	3
1989433	3
1994226	3
1994626	3
1995190	3
1997309	3
1997488	3
1997506	3
1998286	3
1998553	3
2000587	3
2001128	3
2001943	3
2001962	3
2002158	3
2002503	3
2002526	3
2003449	3
2003907	3
2004121	3
2004843	3
2004884	3
2005718	3
2005885	3
2009042	3
2009319	3
2009470	3
2009691	3
2010913	3
2011051	3
2011194	3
2011334	3
2012161	3
2013265	3
2013911	3
2016243	3
2016269	3
2016636	3
2016996	3
2019019	3
2019724	3
2019935	3
2021056	3
2021819	3
2022573	3
2022930	3
2024834	3
2024898	3
2025209	3
2025236	3
2027490	3
2027678	3
2028072	3
2028272	3
2029053	3
2029157	3
2029486	3
2029806	3
2030146	3
2030293	3
2030526	3
2030956	3
2031013	3
2031208	3
2031306	3
2032767	3
2032867	3
2033125	3
2033959	3
2034030	3
2034161	3
2034635	3
2035464	3
2038175	3
2038322	3
2038730	3
2039213	3
2039959	3
2041954	3
2042137	3
2042238	3
2045597	3
2045783	3
2048394	3
2048577	3
2049082	3
2049166	3
2050359	3
2051608	3
2054657	3
2054994	3
2056181	3
2057180	3
2057427	3
2057734	3
2058673	3
2058715	3
2058886	3
2059006	3
2060281	3
2060860	3
2061241	3
2061563	3
2062292	3
2062694	3
2063234	3
2064021	3
2064295	3
2064655	3
2065267	3
2065380	3
2066318	3
2066577	3
2069256	3
2069778	3
2069845	3
2069863	3
2070414	3
2070750	3
2071815	3
2072278	3
2072309	3
2073600	3
2073874	3
2075030	3
2075116	3
2075452	3
2075993	3
2076516	3
2076995	3
2078164	3
2078301	3
2078860	3
2079112	3
2079166	3
2079344	3
2079854	3
2080826	3
2081072	3
2081182	3
2081910	3
2082136	3
2082205	3
2082849	3
2083176	3
2083607	3
2083718	3
2083903	3
2084323	3
2084604	3
2085388	3
2086258	3
2087791	3
2088050	3
2088113	3
2090869	3
2090892	3
2091006	3
2091134	3
2092197	3
2092649	3
2094877	3
2096153	3
2096249	3
2096610	3
2097370	3
2097406	3
2097673	3
2097748	3
2098804	3
2098855	3
2099574	3
2101188	3
2101595	3
2102207	3
2102495	3
2102499	3
2102539	3
2102812	3
2106478	3
2107303	3
2107318	3
2107725	3
2108865	3
2109383	3
2109549	3
2109556	3
2109731	3
2110673	3
2110847	3
2111970	3
2112140	3
2112360	3
2112825	3
2113549	3
2113875	3
2113988	3
2114675	3
2114950	3
2115925	3
2117710	3
2117942	3
2118562	3
2120314	3
2120729	3
2121886	3
2122107	3
2122126	3
2122330	3
2122532	3
2122892	3
2122907	3
2122967	3
2123333	3
2123926	3
2124355	3
2125111	3
2125197	3
2125427	3
2125511	3
2126132	3
2126183	3
2126760	3
2127489	3
2129146	3
2129844	3
2130846	3
2130904	3
2131755	3
2131987	3
2131991	3
2133993	3
2135395	3
2135513	3
2135940	3
2136074	3
2136138	3
2136141	3
2136224	3
2136381	3
2136860	3
2136920	3
2137241	3
2137540	3
2137941	3
2138810	3
2139930	3
2140144	3
2140325	3
2140361	3
2140854	3
2141037	3
2141904	3
2142434	3
2143435	3
2143589	3
2143637	3
2144167	3
2144751	3
2145897	3
2147360	3
2147755	3
2148941	3
2149900	3
2150757	3
2152712	3
2153172	3
2153711	3
2154294	3
2154408	3
2155465	3
2155986	3
2156012	3
2156384	3
2156398	3
2156617	3
2157156	3
2158094	3
2159355	3
2159486	3
2159490	3
2159763	3
2159792	3
2160317	3
2160450	3
2160521	3
2160668	3
2160905	3
2160964	3
2161093	3
2161125	3
2162048	3
2162961	3
2163087	3
2163584	3
2164133	3
2164254	3
2164503	3
2164687	3
2164850	3
2164903	3
2165460	3
2165484	3
2166106	3
2166118	3
2166636	3
2167103	3
2167304	3
2167317	3
2167460	3
2167644	3
2167963	3
2168492	3
2168498	3
2168522	3
2169273	3
2169980	3
2170160	3
2170337	3
2170558	3
2170643	3
2170695	3
2171070	3
2171305	3
2171487	3
2171579	3
2173032	3
2173324	3
2173562	3
2173932	3
2174385	3
2176868	3
2177908	3
2178626	3
2178658	3
2179543	3
2179656	3
2179689	3
2179737	3
2179773	3
2180096	3
2180266	3
2180363	3
2180466	3
2181060	3
2181421	3
2181718	3
2182177	3
2182611	3
2183153	3
2185461	3
2185686	3
2185716	3
2185737	3
2186301	3
2186916	3
2187329	3
2188139	3
2188483	3
2189549	3
2189918	3
2190465	3
2190594	3
2191028	3
2191311	3
2192243	3
2192487	3
2192570	3
2193055	3
2193805	3
2194450	3
2194640	3
2195509	3
2195627	3
2195761	3
2196237	3
2196360	3
2196633	3
2197951	3
2198260	3
2198585	3
2199052	3
2199189	3
2199814	3
2199989	3
2200054	3
2200151	3
2201143	3
2201992	3
2202219	3
2202220	3
2202325	3
2203984	3
2204330	3
2204429	3
2204432	3
2204722	3
2205133	3
2205602	3
2205749	3
2205997	3
2206558	3
2207320	3
2207966	3
2208294	3
2209769	3
2210989	3
2211406	3
2211412	3
2211555	3
2212914	3
2212940	3
2213126	3
2213687	3
2214139	3
2214228	3
2215528	3
2215686	3
2215967	3
2216305	3
2218726	3
2219332	3
2219460	3
2219576	3
2220231	3
2221269	3
2221877	3
2222144	3
2222210	3
2222370	3
2222569	3
2222894	3
2222965	3
2223794	3
2225043	3
2225425	3
2226108	3
2226942	3
2227250	3
2228536	3
2228711	3
2228834	3
2228955	3
2229127	3
2229687	3
2229786	3
2230052	3
2230491	3
2230883	3
2231240	3
2231313	3
2232292	3
2232303	3
2233145	3
2233548	3
2234302	3
2234455	3
2234530	3
2235437	3
2236025	3
2236119	3
2236321	3
2236791	3
2237424	3
2239618	3
2240727	3
2242356	3
2242542	3
2243015	3
2243225	3
2243494	3
2243799	3
2244303	3
2244633	3
2245881	3
2246280	3
2246903	3
2247563	3
2247890	3
2247892	3
2248028	3
2248399	3
2249537	3
2251719	3
2251851	3
2253038	3
2254179	3
2254234	3
2255430	3
2255693	3
2255865	3
2255896	3
2256443	3
2256693	3
2257444	3
2258275	3
2259218	3
2259346	3
2260172	3
2260231	3
2261482	3
2261647	3
2262504	3
2262530	3
2264119	3
2264287	3
2264457	3
2264497	3
2264950	3
2265722	3
2265856	3
2267496	3
2267508	3
2267852	3
2268153	3
2269023	3
2269045	3
2269458	3
2269621	3
2269734	3
2269850	3
2269969	3
2271762	3
2273715	3
2274701	3
2274749	3
2274875	3
2275098	3
2275773	3
2276690	3
2276865	3
2277470	3
2277665	3
2278466	3
2278614	3
2278758	3
2278864	3
2279949	3
2280064	3
2280414	3
2280944	3
2281210	3
2281620	3
2281726	3
2281808	3
2282615	3
2282930	3
2283249	3
2283632	3
2284009	3
2284213	3
2284550	3
2284656	3
2284981	3
2285172	3
2286787	3
2286903	3
2288124	3
2288462	3
2288670	3
2289249	3
2289478	3
2290320	3
2290592	3
2290833	3
2291386	3
2291549	3
2291713	3
2291946	3
2292270	3
2293036	3
2293606	3
2294282	3
2294479	3
2295070	3
2295161	3
2295650	3
2295824	3
2296393	3
2296669	3
2297152	3
2297373	3
2298131	3
2299317	3
2299935	3
2299972	3
2300423	3
2300593	3
2300674	3
2301122	3
2301717	3
2302116	3
2302950	3
2303896	3
2304479	3
2305005	3
2305254	3
2305361	3
2305398	3
2305516	3
2305596	3
2305670	3
2306112	3
2306355	3
2306563	3
2306756	3
2307585	3
2308044	3
2308388	3
2309494	3
2310033	3
2310107	3
2310269	3
2311776	3
2312894	3
2313129	3
2313461	3
2313822	3
2314565	3
2314672	3
2314842	3
2315759	3
2315905	3
2316176	3
2316546	3
2316780	3
2316988	3
2318064	3
2318315	3
2318442	3
2318458	3
2318583	3
2319739	3
2320013	3
2320074	3
2320208	3
2321214	3
2321468	3
2322363	3
2322933	3
2323473	3
2323984	3
2324552	3
2325198	3
2326436	3
2326810	3
2326819	3
2327621	3
2327717	3
2327955	3
2328388	3
2328727	3
2329560	3
2329682	3
2329921	3
2330073	3
2330639	3
2330691	3
2330939	3
2331004	3
2331019	3
2331249	3
2331787	3
2332273	3
2333102	3
2333175	3
2333452	3
2333468	3
2333607	3
2333693	3
2333951	3
2335703	3
2335866	3
2335875	3
2336162	3
2336428	3
2336593	3
2336704	3
2336718	3
2337049	3
2337544	3
2337845	3
2337983	3
2338104	3
2338525	3
2339527	3
2339756	3
2340054	3
2340075	3
2340362	3
2340513	3
2340648	3
2341080	3
2341172	3
2341285	3
2341420	3
2341693	3
2342248	3
2342424	3
2342496	3
2342909	3
2343250	3
2344518	3
2344743	3
2346208	3
2346226	3
2346344	3
2346720	3
2346817	3
2346910	3
2347609	3
2347704	3
2347748	3
2348216	3
2348312	3
2348824	3
2348968	3
2350592	3
2350651	3
2351348	3
2352421	3
2352799	3
2353031	3
2353090	3
2354195	3
2355688	3
2355746	3
2355915	3
2357752	3
2358661	3
2359745	3
2359845	3
2360895	3
2361064	3
2361402	3
2362125	3
2362224	3
2362630	3
2363012	3
2363670	3
2363774	3
2364568	3
2365157	3
2365384	3
2365449	3
2365629	3
2365877	3
2366069	3
2367227	3
2367322	3
2367472	3
2367604	3
2367981	3
2368025	3
2368882	3
2368895	3
2369060	3
2369194	3
2369487	3
2372242	3
2373114	3
2373316	3
2373339	3
2373488	3
2373940	3
2375094	3
2375443	3
2375761	3
2376050	3
2376409	3
2378902	3
2379275	3
2379335	3
2379375	3
2379444	3
2380003	3
2380951	3
2381792	3
2382110	3
2382689	3
2382868	3
2383042	3
2383445	3
2383501	3
2384400	3
2384789	3
2384803	3
2386256	3
2386458	3
2387412	3
2387779	3
2389180	3
2389475	3
2390383	3
2390751	3
2391015	3
2392457	3
2392613	3
2392750	3
2393064	3
2393068	3
2393383	3
2393431	3
2394000	3
2395143	3
2396416	3
2397307	3
2398168	3
2398746	3
2399483	3
2400328	3
2400814	3
2400845	3
2401364	3
2402136	3
2402505	3
2403049	3
2403244	3
2403673	3
2404174	3
2404252	3
2404538	3
2407626	3
2408712	3
2408988	3
2410915	3
2411016	3
2411533	3
2411923	3
2412672	3
2412700	3
2412971	3
2413497	3
2414482	3
2414603	3
2415039	3
2415259	3
2415307	3
2415320	3
2415480	3
2416268	3
2416895	3
2417103	3
2417157	3
2417268	3
2417595	3
2417612	3
2418017	3
2418257	3
2418564	3
2419190	3
2419936	3
2420065	3
2420359	3
2420535	3
2421026	3
2421042	3
2421158	3
2422384	3
2422633	3
2422777	3
2423262	3
2423286	3
2423741	3
2423819	3
2424296	3
2424954	3
2425227	3
2427396	3
2427887	3
2427903	3
2428008	3
2428024	3
2428264	3
2428775	3
2428866	3
2428949	3
2428950	3
2429070	3
2429170	3
2429531	3
2429555	3
2429727	3
2430124	3
2430185	3
2430393	3
2430496	3
2430601	3
2430664	3
2431192	3
2431594	3
2432391	3
2433287	3
2433785	3
2434463	3
2434533	3
2434563	3
2434785	3
2435125	3
2435230	3
2435348	3
2435814	3
2435871	3
2436230	3
2436401	3
2436996	3
2437225	3
2438090	3
2438228	3
2438322	3
2438853	3
2439021	3
2439632	3
2439842	3
2440267	3
2440361	3
2440794	3
2441431	3
2442216	3
2442240	3
2442453	3
2442473	3
2442498	3
2442839	3
2443264	3
2443864	3
2444168	3
2444691	3
2445032	3
2445166	3
2446313	3
2446331	3
2446391	3
2446530	3
2446684	3
2447081	3
2447778	3
2448069	3
2448769	3
2449661	3
2449942	3
2450620	3
2450948	3
2450962	3
2451773	3
2452023	3
2452331	3
2452411	3
2452616	3
2452657	3
2452683	3
2453381	3
2453391	3
2453754	3
2453808	3
2453850	3
2454022	3
2454211	3
2454223	3
2454691	3
2454751	3
2455745	3
2455999	3
2456932	3
2456963	3
2457469	3
2457823	3
2457919	3
2458090	3
2458808	3
2458903	3
2458972	3
2458974	3
2459235	3
2459271	3
2459504	3
2459590	3
2460582	3
2461165	3
2461371	3
2461583	3
2462205	3
2462221	3
2463864	3
2463915	3
2464279	3
2465944	3
2466044	3
2466362	3
2466453	3
2466682	3
2467087	3
2467160	3
2468534	3
2468721	3
2468794	3
2468800	3
2469091	3
2469104	3
2469211	3
2469463	3
2469639	3
2469649	3
2469820	3
2470075	3
2470299	3
2470433	3
2471717	3
2472015	3
2472022	3
2472273	3
2472575	3
2472614	3
2472731	3
2473022	3
2473080	3
2475095	3
2475268	3
2475298	3
2475435	3
2475894	3
2477176	3
2477279	3
2477632	3
2478185	3
2478398	3
2479494	3
2479969	3
2480790	3
2481092	3
2481147	3
2481316	3
2481326	3
2482400	3
2482755	3
2482762	3
2483055	3
2483567	3
2483579	3
2483714	3
2484070	3
2484331	3
2484992	3
2485059	3
2485171	3
2485412	3
2486989	3
2487687	3
2487949	3
2488087	3
2488230	3
2488286	3
2488434	3
2488964	3
2490626	3
2491230	3
2491717	3
2492028	3
2492311	3
2492761	3
2493037	3
2493116	3
2493491	3
2494277	3
2494949	3
2495434	3
2495496	3
2496165	3
2496448	3
2496543	3
2497577	3
2497714	3
2498200	3
2498587	3
2498785	3
2498839	3
2499469	3
2499485	3
2499845	3
2499904	3
2500291	3
2500732	3
2500876	3
2501005	3
2501868	3
2502020	3
2502415	3
2502765	3
2503248	3
2503645	3
2503786	3
2504228	3
2504423	3
2504512	3
2504794	3
2505665	3
2505996	3
2506429	3
2506485	3
2506690	3
2506856	3
2506895	3
2507236	3
2508463	3
2508876	3
2509180	3
2509695	3
2509819	3
2510368	3
2511025	3
2511794	3
2512715	3
2512727	3
2513672	3
2514559	3
2514632	3
2515033	3
2515134	3
2515479	3
2516272	3
2516459	3
2518197	3
2518808	3
2519171	3
2520977	3
2521286	3
2522901	3
2523468	3
2523743	3
2525094	3
2525166	3
2525177	3
2525341	3
2525476	3
2525571	3
2526591	3
2526946	3
2527614	3
2528090	3
2528819	3
2528981	3
2530496	3
2530567	3
2530867	3
2531098	3
2531370	3
2531395	3
2532040	3
2532768	3
2532966	3
2535822	3
2536264	3
2536712	3
2536799	3
2536917	3
2538272	3
2539002	3
2539720	3
2539886	3
2540146	3
2541605	3
2542270	3
2542897	3
2544967	3
2545321	3
2545400	3
2545463	3
2545884	3
2545888	3
2546057	3
2546210	3
2547417	3
2547983	3
2548464	3
2548578	3
2549146	3
2549383	3
2549967	3
2550199	3
2550249	3
2551367	3
2553084	3
2553165	3
2553972	3
2554074	3
2554418	3
2554486	3
2556751	3
2556867	3
2557749	3
2558086	3
2561696	3
2562541	3
2562584	3
2562860	3
2564548	3
2566257	3
2570105	3
2570680	3
2570829	3
2570868	3
2570983	3
2571870	3
2572211	3
2574076	3
2574594	3
2574993	3
2576489	3
2576496	3
2576969	3
2577032	3
2578062	3
2578133	3
2578411	3
2578456	3
2578994	3
2579083	3
2579703	3
2580125	3
2581430	3
2581870	3
2583796	3
2585140	3
2585580	3
2585591	3
2585940	3
2586188	3
2586608	3
2587306	3
2587497	3
2587799	3
2588115	3
2589870	3
2591532	3
2592453	3
2593334	3
2593379	3
2595539	3
2595561	3
2596067	3
2596734	3
2599929	3
2600693	3
2601819	3
2604091	3
2604512	3
2604596	3
2604833	3
2605029	3
2605409	3
2607250	3
2608144	3
2608685	3
2609537	3
2609713	3
2610082	3
2610089	3
2611720	3
2612755	3
2614038	3
2615040	3
2617956	3
2618648	3
2618681	3
2619598	3
2620196	3
2620325	3
2620951	3
2621430	3
2621515	3
2621867	3
2621948	3
2622645	3
2624588	3
2625319	3
2625338	3
2626004	3
2627273	3
2628798	3
2632737	3
2633855	3
2637145	3
2639757	3
2639876	3
2640803	3
2642121	3
2642265	3
2643286	3
2645287	3
2650520	3
2650674	3
2652338	3
2655794	3
2659768	3
2662167	3
2662413	3
2665503	3
2666596	3
2667771	3
2671544	3
2673669	3
2674503	3
2676678	3
2682196	3
2716276	3
2750337	3
2786560	3
2833072	3
2891698	3
