1650	2915
2564	5279
2564	5468
2564	5475
2564	5488
2564	5833
2564	5874
2564	5983
2564	6721
2763	682
2763	684
2763	769
4176	4272
4757	6562
5260	5906
5662	3306
5662	3307
5662	3308
5662	3312
5662	3327
5662	5610
8474	3712
8474	5009
10314	4022
12146	839
12469	3201
12469	3203
12469	3289
12469	3418
13884	1409
13884	1410
18517	4594
20507	5091
24580	468
28275	3880
28275	5268
33776	5613
33776	5614
45461	5236
46305	3371
46305	3489
48986	4304
48986	4367
48986	6619
48986	6621
51519	231
54607	6984
59211	3323
63105	475
63105	587
63105	588
63105	590
63105	1031
63312	564
64439	667
65371	1982
65371	1986
66067	4194
66067	4196
66067	4618
66067	4938
66067	4939
66067	4940
66067	4941
66067	5029
66067	5093
66067	5303
66067	5305
66067	5557
66067	6360
66067	6718
66067	6792
67706	4402
67706	5958
67706	5972
67706	6231
67706	6866
71257	598
71257	599
71257	1633
71257	3877
84143	3381
85228	1730
87286	4294
87286	4295
87286	4296
87286	5885
87286	6337
87286	6389
87286	6467
91876	5479
91876	5804
101860	674
101860	1027
101860	1029
101860	1035
101860	1038
118509	5291
118509	5292
118509	5310
118509	5934
118509	6820
120987	915
120987	916
120987	917
120987	918
120987	919
120987	928
120987	930
120987	938
120987	951
120987	1092
120987	1093
120987	1094
120987	1138
120987	1159
120987	1823
120987	1849
122885	1098
122885	1100
124770	2015
127324	3734
131837	3754
131837	3758
137460	4200
140203	6493
140203	6522
140454	4883
147896	2250
148428	3382
149004	7079
149004	7080
149004	7088
149298	3913
149298	3920
149298	5240
149407	5896
149407	6371
149407	6373
149407	6376
149407	6380
153891	4428
153891	6842
154649	1399
154649	4496
154649	4522
154649	4560
156427	745
156427	2851
156427	2872
156427	2876
156427	3683
156427	3687
156427	3690
156427	3695
156960	6556
162691	1876
164540	5335
164540	6540
165020	6496
166269	2652
167355	2600
174942	2827
192427	746
208772	4149
209959	2941
209959	2943
209959	5068
209959	5071
215240	5090
215240	6738
215240	6782
224366	3336
224366	3337
224366	3338
224366	3339
224366	3434
224366	3438
224366	3441
224366	3461
224366	5155
224366	5156
224366	5157
224366	5981
224366	6572
226877	64
226877	2819
228282	4159
228282	6534
228282	6535
231179	2760
231179	2763
231179	2770
231179	2773
232664	4661
235327	3119
235327	3964
237233	4773
264973	1160
264973	2535
268643	4483
268643	4507
269976	6994
272052	612
272807	6279
281221	2662
290735	4441
297270	458
304043	4987
309416	4440
311076	4025
311076	4141
317797	4251
319686	5700
320446	2435
320446	2438
321016	3615
321415	3969
321415	3971
321415	3972
323100	447
323100	1218
323100	1219
323100	2077
323100	4087
323100	5881
326170	1723
326229	2655
326229	2788
334490	3746
335216	5555
337551	2747
339728	2810
339728	2994
339728	6294
339728	6297
339728	6586
350197	2470
350197	2481
350197	2496
359176	4772
359376	614
359376	616
359376	617
359376	620
363948	1855
364282	278
365710	6654
373096	5084
373132	6853
384730	2910
389477	3808
389477	3855
389477	3856
389477	4621
389477	5050
391280	1375
391703	3324
398032	1583
398032	1586
398032	6370
398263	1140
398821	4390
405819	6079
405819	6085
413192	3668
413192	4110
413192	4130
413192	4138
413192	4896
413192	5286
413192	5726
413192	5962
413192	6173
413192	6492
413192	6763
417321	6040
417321	6041
417321	6042
417321	6115
418222	5510
418222	5601
418222	6114
418222	6144
418222	6146
418222	6147
424361	7186
427432	4499
432355	5462
434537	4897
434537	5069
434537	5328
434908	2051
437036	4525
437036	6021
446230	457
446789	3188
446789	5406
458643	2019
462747	1130
462747	1277
462747	1281
462747	1288
462747	1289
462747	1816
462747	3359
462747	4179
462747	4183
462747	4349
462747	4471
462747	4492
462747	4528
462747	4726
462747	4956
462747	5495
462747	5682
462747	5732
462747	5757
462747	5758
462747	5765
462747	6326
462747	6338
462747	6526
462747	6560
462747	6681
462747	6686
462747	6772
462747	6831
462747	6936
465645	610
465645	611
465645	619
465645	643
465645	788
465645	1146
465645	1198
465645	1301
465645	2885
465645	3226
465645	3227
465645	3247
465645	3490
465645	4466
465645	4467
465645	4468
465645	4572
465645	4614
465645	4658
465645	4732
465645	4806
465645	4808
465645	4849
465645	4852
465645	4888
465645	5015
465645	5016
465645	5429
465645	5431
465645	5439
465645	5533
465645	5534
465645	5595
465645	5596
465645	5597
465645	5751
465645	5919
465645	5922
465645	5946
465645	6053
465645	6056
465645	6076
465645	6097
465645	6107
465645	6118
465645	6121
465645	6152
465645	6162
465645	6165
465645	6168
465645	6174
465645	6232
465645	6290
465645	6292
465645	6296
465645	6299
465645	6300
465645	6307
465645	6436
465645	6468
465645	6576
465645	6758
465645	6759
465645	6760
465645	6761
465645	6836
465645	6888
465656	6594
466930	595
468037	1342
469910	3463
472183	3735
477565	3876
479446	7071
480366	1897
481548	1287
490483	4569
491047	2403
499835	566
499835	675
499835	676
499835	3334
502177	2024
502177	6214
503444	5580
503444	6550
503444	6551
505779	2642
505779	2643
506902	4669
507512	2072
508199	250
509965	2263
509965	5323
511340	1536
515046	1678
515046	1681
515918	4779
515918	5006
515918	5007
515918	5618
515918	5621
516948	5504
516948	5505
516948	5550
516948	5780
518338	4239
518545	416
518545	954
518545	2299
518545	2300
518545	4700
518545	4711
527843	929
527843	964
527843	7178
527843	7179
527843	7180
527843	7181
530075	5998
534431	1117
534431	1276
540600	1724
540600	4943
540600	5598
543490	5975
544180	4566
546823	3590
546823	3750
546823	4008
546823	5865
546823	6509
548403	6497
548742	3678
548742	4319
548742	4709
548944	2103
554082	6604
554347	1273
554347	2759
555285	2714
557797	4358
557797	4675
558980	4500
562921	155
564764	2796
564764	2797
564764	2802
564764	2813
564764	5454
564764	5456
564764	6316
564764	6318
566187	3567
566187	3568
567530	2318
575447	6443
577416	2799
582585	3111
582585	3114
582585	4154
582585	4430
583314	6854
583314	6855
594585	4029
598913	1370
598913	1387
599836	4766
601869	4671
606008	1772
606332	3332
607210	5287
607210	5288
611261	1754
611261	1755
611261	1756
614902	7137
614902	7139
621527	4476
623230	6384
623230	6501
624232	2787
628691	506
628691	816
628691	822
628691	1139
629785	3664
630385	4616
632022	4058
634530	4848
641292	1521
643808	6610
645383	786
645383	1253
648674	4546
648674	4548
648674	4550
648674	4552
648674	4871
648674	6334
648674	6739
649381	449
651378	555
656994	1097
658042	3460
659511	4099
659511	4100
659511	6188
659511	6342
659511	6344
659511	6345
667457	2615
672445	5989
673268	474
674698	4627
674763	7037
674961	6209
674961	6211
676173	3325
676238	2399
676818	5473
678144	5395
678872	5032
678872	6673
679247	4106
687823	3204
687823	3205
687823	3209
687823	3223
687823	4623
688401	5486
689806	6766
689806	6933
689806	6941
689806	6942
689806	6943
690256	5853
691480	6387
692361	3158
692361	5949
692552	3215
695734	3186
700504	2491
705200	6213
705200	6488
705842	5073
708162	1709
712761	2107
715143	1396
720475	4741
722238	3563
723036	5904
723460	4308
724077	4363
725429	5821
725429	6409
725429	6411
729188	692
729188	693
732420	94
734144	6153
735849	1926
736201	3870
736201	4102
736201	4161
736201	4269
736201	4625
736201	4731
736680	708
738009	5238
738009	5239
740904	7114
740904	7115
741246	5795
741997	1380
743900	2185
743900	2192
743900	2196
743900	2197
743900	3061
747712	4129
748173	2034
749405	935
749405	937
749405	6198
749405	6204
749405	6335
751197	3614
751197	4851
751197	4960
751197	5169
751197	5205
751197	5206
751197	5213
751197	5222
751197	5223
751197	5225
751197	5227
751197	5443
751197	5453
751197	5531
751197	6374
754735	4495
754735	4682
754735	4683
754735	6208
756531	450
756725	1013
756725	1151
759795	2112
765297	3457
767083	2975
767149	5608
771476	880
771534	4199
773262	6929
776680	7001
776680	7004
777580	5210
777580	5211
777580	5224
778732	840
778732	1839
778732	2482
778732	3635
778732	3860
778732	5616
778732	6620
786916	1207
786916	3341
786916	6992
788603	2362
791105	2346
791649	3811
792779	5201
794855	1099
794855	1101
794855	5562
794855	5564
794855	5567
794855	6090
794855	6110
794855	6111
795259	3636
797668	3122
797897	1647
797897	1649
797897	4036
797897	4037
797897	4038
797897	4380
797897	5129
797897	5416
797897	5417
798610	77
798610	5549
798610	5635
800879	629
801175	2249
801175	2254
801175	5062
801175	5063
802943	169
803427	863
803427	3702
811784	55
811784	76
817937	3982
822060	5741
822330	1510
822330	1512
822330	1513
824717	710
829091	3505
829091	3957
829091	5301
829091	5304
829091	5809
829091	6471
829091	6472
829091	6473
829091	6474
829091	6516
829091	6519
831656	2457
831656	2516
831656	3916
831656	5149
835237	6001
835504	1526
835504	1669
841962	1659
842498	787
842498	1082
842498	1255
842726	6016
842726	6025
843945	3500
847368	3442
847368	3448
847368	3503
847489	5464
847489	5465
848869	1215
849595	5679
853278	287
853278	290
853278	292
853278	4009
854893	3950
855264	2984
855522	3274
855522	4069
855522	4526
857402	465
857402	2958
857402	2959
859923	2337
859923	2356
861154	2347
861154	2374
861154	2577
861154	3184
861154	3552
861154	6462
864887	4144
866805	1868
866805	1870
866805	1874
866805	5947
869696	5390
869696	5639
874087	2412
875185	4015
875543	3254
875543	4332
875543	4355
877420	6351
877420	6353
883069	2762
899979	1452
899979	1453
903221	4611
904094	4396
905614	4502
905614	5259
906298	5832
907889	5897
907889	5898
910192	7070
911672	1824
912076	2742
912584	1481
912584	1484
912658	1337
912658	1338
912658	1339
913620	4886
913620	6926
913620	7039
915736	1247
918487	1748
921263	1514
929415	4228
929415	4233
929415	5147
929415	5150
929415	5348
929415	6124
929415	6125
929415	6228
929415	6235
929415	6626
929415	6629
929415	6663
929415	6864
929415	6881
929415	6893
929415	6899
929415	6909
929415	6913
929415	6916
929415	6921
929415	6997
929415	7011
929415	7048
929415	7049
929415	7050
929415	7067
929415	7068
929415	7069
932348	2708
939388	3373
940732	4263
940732	4479
940732	4482
940732	5444
940732	5927
940732	6282
941066	308
941066	3555
941843	3124
945788	2066
945887	636
946538	4691
946538	5019
946792	5647
958963	128
958963	628
958963	4677
958963	6489
961725	6952
964293	4693
964735	354
964735	392
965070	4821
965070	5391
965070	5421
965070	5749
965070	5776
965070	5857
965070	6646
965070	6648
965096	3485
965096	5769
970692	3471
972728	410
972728	3673
975217	5096
976229	5761
976440	3630
980133	5684
980133	6552
980133	6737
980133	6845
980133	6850
981319	435
981319	436
982575	5974
985150	4633
985150	4634
986452	1971
986452	3070
986452	3072
986452	3629
986942	393
990294	6606
990294	6617
990294	6645
990571	3402
991408	2451
993273	2731
995497	4910
996104	5123
1000253	4170
1000253	4184
1001432	1492
1001543	4840
1008303	4829
1010215	2549
1010215	2560
1010215	3221
1010215	3319
1010215	3935
1010215	4163
1010215	4807
1010215	5607
1010215	5678
1010215	5752
1010215	5753
1010215	5841
1010215	6475
1011462	3844
1011462	3845
1011462	3847
1011688	3397
1011815	761
1011815	1135
1015315	4424
1015567	1009
1016152	3994
1016152	4281
1018450	1686
1018450	2408
1018530	5187
1018530	5207
1018530	5641
1018530	5744
1018530	5844
1018530	5845
1018530	5871
1018530	5872
1018530	5873
1018530	5875
1018530	5912
1018530	5914
1018530	6233
1018530	6249
1018530	6313
1018530	6314
1018530	6420
1018530	6677
1018530	6837
1018530	6858
1018530	6960
1018530	6961
1020635	3656
1021338	214
1021338	414
1025370	6871
1025370	6944
1025370	6959
1027467	1712
1027654	2882
1027654	2886
1028305	4431
1028305	4599
1028305	4810
1028305	5822
1034732	6050
1036190	6483
1036190	6825
1036190	6889
1039184	4804
1039264	4819
1039264	4820
1039264	6601
1039264	6644
1039264	6957
1039264	6958
1040282	5546
1040282	6137
1040916	83
1041072	5332
1041072	5545
1041072	5735
1041072	5781
1041072	5782
1042045	4197
1045267	4860
1045267	4929
1050208	3817
1050633	2342
1050709	505
1051862	3939
1052713	669
1052713	5588
1055905	3229
1057264	5503
1057264	5506
1058215	1915
1059750	1835
1062936	3432
1064067	909
1064067	910
1064067	911
1064067	913
1065395	7038
1066402	6598
1068197	4609
1068197	7019
1068197	7020
1071121	2305
1071121	2308
1071141	3599
1072944	5566
1073267	4575
1073267	4576
1075028	5028
1075028	5101
1075249	2232
1075249	2237
1076912	2765
1076912	2767
1081241	2326
1081328	5916
1083670	3711
1084860	6044
1086644	6541
1087404	2070
1089268	1818
1089770	6130
1089770	6180
1089770	6187
1089770	6910
1089918	4947
1089918	6087
1091312	2386
1099841	2745
1100627	3608
1102739	5208
1102739	5209
1102739	5228
1102739	5415
1102739	5611
1102739	5629
1102739	5662
1102739	5663
1102739	5711
1102739	5733
1102739	5734
1102739	6069
1102739	6092
1102739	6120
1102739	6724
1103471	5191
1106109	294
1106581	3903
1106581	5556
1106581	5561
1106581	5563
1106581	6784
1106581	6785
1110062	1864
1110062	3544
1110062	4866
1110062	6905
1110062	6976
1112447	3974
1116205	2564
1116205	2580
1116205	3243
1116205	5948
1116205	5994
1116205	5997
1116205	6319
1116749	5306
1116749	5308
1130157	678
1130157	1630
1130157	1637
1130157	4388
1133355	113
1134907	5646
1139533	4748
1143406	4098
1147083	1539
1147530	2030
1147530	6643
1147530	6647
1148042	2117
1149543	1685
1149783	7129
1150929	1975
1156829	3038
1157560	6476
1158610	439
1160229	1037
1161233	4509
1161233	4510
1161233	5139
1169876	3472
1170860	1025
1170860	5067
1171100	6545
1171218	5541
1173815	5122
1173815	6253
1173815	6733
1174393	2252
1174834	4719
1175206	3815
1177861	2320
1177861	3415
1177861	3416
1177861	4056
1177861	4323
1177861	7125
1177861	7126
1181765	3967
1183320	807
1183320	808
1184275	4885
1184903	4242
1187344	5882
1187344	5905
1187344	6288
1187920	2322
1190315	2623
1192181	4592
1194337	89
1194337	93
1196195	4250
1198843	5003
1203593	497
1203884	2064
1204560	6688
1210296	4146
1211046	1063
1211046	1064
1213247	6678
1213788	3456
1213906	1269
1218355	5263
1222295	1984
1222963	1585
1222963	1738
1222963	1740
1222963	2503
1227255	6031
1227755	4770
1227755	4771
1229806	1829
1230729	145
1230814	4418
1230814	6269
1235011	6134
1239645	1752
1239645	2314
1240838	1928
1241998	45
1242726	1205
1243637	2216
1243852	61
1243852	220
1245089	3573
1246557	4921
1246557	6270
1247678	6429
1248590	6747
1249627	3595
1254059	324
1254059	3665
1254238	535
1254238	2568
1254238	2572
1254238	2574
1254238	4565
1254796	461
1254796	1145
1254796	1735
1254796	2628
1254796	4898
1254796	6052
1256769	244
1256769	245
1256769	247
1256769	251
1257537	780
1258335	4232
1258455	5203
1258455	6024
1259993	4397
1260960	7157
1260960	7162
1261051	2782
1262409	407
1262660	6736
1263868	4421
1264301	5920
1264301	7185
1267765	3018
1267765	3033
1267765	3034
1267765	3041
1267765	3774
1267918	641
1267918	650
1267918	4451
1268529	874
1268835	1107
1269506	151
1271171	5396
1271171	5538
1271171	5539
1271171	6075
1271171	6080
1271171	6218
1271171	6220
1271171	6221
1271171	6257
1271171	6258
1271171	6363
1273985	5168
1274516	6392
1274516	6393
1275370	2860
1276639	7159
1278575	2616
1279149	922
1281236	1482
1281236	6554
1281236	6555
1281305	2333
1282869	6727
1282869	6797
1282869	6798
1282869	6808
1282869	6828
1283405	5002
1283405	6431
1284400	5701
1284400	5710
1284400	5825
1284400	7095
1284400	7096
1284400	7097
1284472	1563
1284945	1638
1291100	3270
1291100	3271
1291453	1291
1293523	347
1294093	3428
1294311	4524
1296456	1683
1299247	2159
1299247	2161
1299247	2169
1299247	2170
1300303	3106
1301454	2721
1301680	3475
1301680	6322
1302449	3104
1302449	3176
1303990	154
1304323	1143
1309476	1406
1310628	4774
1310628	4775
1312296	5631
1312312	6720
1312728	102
1312728	103
1312728	1631
1312728	3714
1312728	3717
1312728	3719
1312728	3956
1312728	4208
1312728	5128
1312728	5289
1312728	5702
1312728	5703
1312728	5705
1312728	5706
1312728	5707
1312728	5708
1312728	5709
1312728	6849
1312728	7025
1312728	7026
1312728	7027
1312728	7028
1312728	7029
1312728	7030
1312728	7031
1312728	7032
1312728	7033
1312728	7034
1312728	7035
1312728	7059
1313611	331
1313680	5775
1314152	6978
1315132	6422
1315210	405
1315210	5509
1315210	6590
1315210	6591
1315210	6593
1315522	3130
1315522	3133
1318111	171
1318454	2604
1318454	2618
1318454	2798
1319580	5800
1319580	6199
1320417	150
1320417	5866
1320417	5867
1320996	4768
1320996	5200
1320996	5895
1321084	1403
1321084	1415
1321084	1579
1322675	117
1322734	2125
1322734	2310
1323645	3840
1332368	5507
1337467	5269
1340004	6135
1340004	6394
1340019	668
1340019	3175
1340019	5057
1340019	5059
1340019	5061
1340019	5082
1342918	7188
1342918	7189
1346946	5976
1346946	6003
1349496	97
1350311	1933
1351440	4409
1353168	297
1353168	298
1353168	299
1353168	336
1353168	1480
1353462	3581
1353462	3585
1358037	6683
1359705	4303
1359705	4343
1359705	4865
1359705	5166
1359705	6504
1359705	6569
1361705	2730
1363826	1793
1365201	5131
1365307	1465
1366906	2858
1367475	3390
1367830	73
1367830	6045
1367830	6280
1367830	6694
1367830	6695
1367830	6696
1367830	6752
1370804	5470
1371780	2753
1371780	5664
1371950	5001
1372531	1867
1372531	2469
1372787	3800
1373786	983
1375182	1390
1379140	6350
1379142	1660
1379142	1663
1381172	4420
1381172	4422
1381207	4631
1382175	4750
1382175	5422
1384523	84
1384523	95
1385545	701
1385548	248
1385604	1822
1386983	3553
1386998	2190
1387305	3001
1387305	3006
1387305	3931
1389545	2683
1389545	2684
1395382	396
1395382	398
1395382	1917
1395382	4054
1396287	6726
1396287	6740
1396287	6764
1396287	6874
1397653	182
1398347	4352
1400022	3862
1400022	4186
1401904	6236
1403643	6627
1407957	3984
1412878	188
1412878	1498
1415065	6741
1417600	3042
1417656	18
1417656	19
1419108	70
1423143	821
1423143	825
1424422	3179
1424632	5729
1424632	5756
1426395	2505
1426395	2728
1426395	6283
1426395	6922
1426395	6923
1426395	6946
1426395	6970
1426395	7023
1426395	7061
1426669	1401
1427433	6745
1429230	3318
1429530	5339
1429530	5435
1429530	5451
1430353	2471
1430704	1457
1430704	5334
1432071	2291
1432071	2297
1434354	4870
1436402	4107
1436402	4113
1436828	6848
1437002	709
1437298	5458
1438341	1085
1440094	4417
1440094	6725
1441657	3020
1441657	3050
1441657	4974
1441657	4978
1441657	5035
1441657	5038
1441657	5039
1441657	6427
1443138	3391
1443668	979
1443668	4369
1443668	5307
1445191	4687
1445846	2236
1445846	4486
1445846	4491
1446867	6186
1446867	6267
1446867	6293
1449074	118
1449074	121
1449074	848
1449074	853
1449074	1039
1449074	4836
1449074	6010
1449074	6405
1449149	44
1449149	69
1449149	152
1449149	153
1449149	283
1449149	285
1449149	727
1449149	2936
1449149	2937
1449149	2938
1449149	2939
1449149	2940
1449149	2945
1449149	3819
1449149	3820
1449149	4637
1449149	4638
1449149	5487
1449149	5489
1449149	5491
1449149	5492
1449149	5497
1449149	5698
1450640	2261
1458300	5699
1459797	602
1459797	604
1462062	3026
1462512	1204
1462512	5300
1463703	6358
1466002	1866
1466002	1886
1466002	1907
1466186	66
1467859	1290
1468687	2758
1468687	3790
1469129	301
1471375	388
1473361	5324
1473531	6815
1474133	203
1474133	3626
1474962	4202
1476788	4429
1477979	1940
1477979	1955
1477979	1963
1477979	1983
1477979	2369
1477979	2445
1477979	2661
1477979	2867
1478720	2207
1478720	3550
1478720	7091
1482630	367
1482630	1310
1482630	1433
1483201	994
1483221	6445
1483487	2465
1483487	2507
1483656	3444
1483656	3452
1483656	3453
1483656	3736
1484404	5935
1484404	5936
1484404	6084
1484404	6333
1484404	6343
1484597	2955
1484597	2957
1484597	2960
1484597	4132
1484807	6034
1487067	4240
1487067	5192
1487067	6498
1487067	6499
1487067	6500
1488521	2208
1488521	2213
1488521	2215
1488521	2331
1488521	2332
1489363	5183
1489363	5186
1489566	6037
1489566	6038
1490582	5791
1493469	4389
1494859	4636
1497168	3345
1497168	3762
1497168	4092
1497168	4423
1497168	4749
1497168	4787
1497168	5481
1497168	5482
1497168	5583
1497168	5585
1497168	5628
1497168	5653
1497168	6078
1498975	3771
1500252	5034
1500698	5688
1501448	7165
1503137	790
1504178	4776
1508097	1581
1508512	3822
1508512	3824
1508512	3830
1510132	3177
1510132	3178
1510714	5185
1510714	5204
1511368	4033
1511368	4034
1511368	4571
1511368	4578
1511368	4579
1511986	4071
1511986	4075
1511986	4837
1512393	3297
1513003	890
1513421	2357
1514025	233
1514261	690
1514668	3832
1514668	4460
1514899	4225
1515994	2222
1516938	6979
1516938	6980
1517420	720
1517877	3003
1518276	3900
1518276	3901
1518750	990
1518750	991
1521388	1222
1521388	6713
1522467	1280
1522467	1332
1522467	1373
1522467	1688
1522654	5055
1522940	5219
1522940	5220
1524391	6701
1524391	6908
1524391	7047
1524701	6896
1524923	3887
1524923	3888
1524923	4023
1524923	4151
1524923	4153
1524923	4173
1524923	4933
1524923	4935
1524923	5908
1524923	5909
1526655	5312
1526655	5313
1527873	1356
1529424	4954
1529424	4959
1529629	1050
1530639	1843
1534280	1778
1534280	1782
1534280	1785
1534337	5520
1535008	3028
1535145	1957
1535786	5966
1535786	6234
1536417	2260
1536437	1624
1536437	1625
1537870	4751
1539200	4919
1539200	4922
1539943	3516
1541882	4470
1542060	3241
1542986	4827
1542986	4838
1546139	2483
1546389	654
1546389	656
1546389	658
1546389	2863
1546389	2868
1546389	2874
1546963	2426
1546963	2431
1546963	2432
1546963	2434
1546963	3187
1546963	4619
1548042	228
1548042	4615
1548042	4617
1548042	6719
1548389	5047
1548702	5490
1549243	1495
1549243	1496
1549243	1501
1551244	2281
1552253	2588
1554082	5284
1554277	3417
1554277	3419
1554277	3420
1554277	3421
1555309	2848
1556328	5888
1557753	2089
1557753	2136
1557753	2148
1557753	2158
1557753	2253
1557753	2406
1557753	3129
1557753	3131
1557753	3166
1557753	3578
1558297	512
1560249	750
1560686	2529
1560686	2530
1560686	2531
1560686	2532
1561890	3005
1561890	5036
1561890	5525
1561980	4027
1563211	1998
1563211	2122
1563211	2124
1564410	2229
1564410	2234
1564410	4273
1565308	3478
1565308	4793
1566755	124
1568559	3706
1568559	6191
1568559	6192
1568559	6193
1570117	1265
1573454	2036
1573454	4864
1574682	547
1575713	660
1575713	661
1575713	663
1575713	664
1578067	2243
1578817	395
1578817	563
1578817	653
1578817	655
1578817	657
1578817	754
1578817	776
1578817	885
1578817	1307
1578817	3208
1578817	5171
1578817	5172
1578817	5175
1580287	1040
1580488	4280
1580488	4290
1580880	2338
1582707	2897
1582707	2900
1582707	2904
1583883	3509
1583883	4794
1583883	5258
1583883	5377
1583883	6399
1584064	1682
1584107	1220
1584433	3662
1584433	3672
1584433	5361
1584433	5508
1584433	5632
1584433	5633
1584433	5634
1584491	896
1585789	4353
1586269	4072
1587225	3761
1587225	3948
1587650	6138
1587650	6266
1587650	6268
1587822	6564
1589725	75
1589725	1136
1591661	5536
1591661	5921
1591661	6185
1591661	6189
1592402	2492
1593500	2248
1594926	5085
1594926	5792
1594926	7158
1600063	6139
1600320	4060
1601706	467
1602694	2223
1603654	3073
1604151	4901
1604200	1999
1604345	5386
1604345	5656
1604345	5659
1604819	3963
1606872	5441
1607056	320
1607056	538
1607366	4795
1607368	2102
1607368	2126
1607368	2289
1607381	3915
1607555	1132
1607555	3617
1607595	2494
1608421	2908
1608551	4325
1608551	4327
1608551	4465
1608551	4487
1608551	5685
1610203	3261
1613046	3748
1613268	4521
1613461	4881
1615423	1851
1617612	125
1617612	126
1618881	2108
1620872	3429
1622705	1903
1622705	1904
1626774	1230
1626774	1603
1629921	834
1629921	836
1629921	837
1629921	891
1630524	644
1630524	645
1630524	995
1630524	1278
1631654	4760
1631654	4761
1631654	4764
1631654	4765
1631654	5754
1631654	5812
1631654	5813
1636355	3588
1636355	5658
1637037	5338
1637248	3807
1639351	4203
1639351	4210
1639351	4212
1639351	5575
1639351	5576
1639351	6660
1640528	3496
1640528	4503
1641767	3803
1642551	5570
1642551	5625
1642551	6655
1642551	6676
1647915	3632
1647915	3745
1647915	4216
1647915	4219
1647915	4221
1647915	4223
1647915	5915
1647915	6013
1647915	6023
1647915	6416
1647915	6417
1647915	6418
1647915	6419
1647915	6510
1647915	6511
1647915	6512
1647915	6513
1647915	6514
1647915	6515
1647915	6995
1647915	7036
1647915	7176
1649030	5967
1649594	3440
1650246	6194
1650412	3779
1650412	3781
1650412	3798
1650412	3799
1650412	4983
1650412	4985
1651944	3431
1651944	3439
1651944	6071
1651944	6123
1651944	6157
1651944	6158
1651944	6175
1651944	6195
1651944	6272
1651944	6277
1651944	6285
1651944	6289
1651944	6308
1651944	6315
1651944	6667
1651944	6993
1651944	7044
1651944	7064
1651944	7074
1651944	7084
1651944	7085
1653924	624
1654925	681
1654925	889
1654925	5217
1654925	5218
1655758	2401
1656320	3833
1656320	4379
1657653	6051
1660800	46
1660800	49
1661011	4448
1661011	5163
1661011	5602
1661011	5609
1661011	6885
1662423	415
1663055	1648
1663055	1673
1663119	6321
1663365	6657
1665031	2142
1666440	5843
1666538	3908
1666538	3909
1666538	3995
1666538	3996
1666538	3998
1666538	4513
1666538	4514
1666538	4516
1666538	4517
1666538	4520
1666538	4945
1666538	4946
1666538	5054
1666538	5065
1666538	5072
1666538	5074
1666538	5100
1666538	5104
1666538	5115
1666538	5862
1666538	6245
1666538	6276
1666538	6278
1666538	6312
1667246	2312
1668044	4051
1669254	2372
1669806	2551
1670643	1194
1670643	4873
1670643	5771
1671797	325
1671797	402
1671910	5160
1672366	3769
1672366	4642
1674583	343
1675437	6435
1677077	2971
1677542	2147
1677542	3279
1677772	6728
1677772	6729
1677772	7063
1678484	2543
1680051	5515
1680051	5544
1680051	5794
1680051	5797
1680051	5823
1680051	5952
1680051	5971
1680051	5991
1680051	5993
1680051	6007
1680051	6008
1680051	6022
1680051	6029
1680051	6169
1680051	6172
1680051	6215
1680051	6243
1680051	6260
1680051	6262
1680051	6352
1680051	6458
1680051	6485
1680051	6631
1680051	6714
1680051	6715
1680051	6716
1680051	6904
1680051	7045
1680051	7116
1680417	5378
1680707	2387
1680991	7171
1681252	2777
1681252	2779
1681464	3946
1681464	3947
1681972	1313
1682219	2275
1682219	6256
1682715	3249
1682715	3852
1682715	4081
1682715	4082
1682715	4247
1682715	4267
1682715	4313
1682715	4747
1682715	4887
1682715	5190
1682715	5247
1682715	5424
1682715	5494
1682715	5589
1682715	5930
1683447	5267
1683542	5681
1683542	7124
1683615	2591
1684095	3280
1685880	2088
1685880	2636
1686619	1317
1689590	2189
1689590	2592
1689590	2594
1689590	2595
1689590	2596
1689590	2597
1689590	3394
1689590	5297
1689590	5309
1690782	3464
1691821	2790
1691821	2909
1691821	2920
1691821	2922
1692570	1254
1692570	5670
1692570	6609
1693316	2238
1695194	3482
1696208	379
1696208	383
1696681	3368
1697793	2071
1700604	4745
1700604	4746
1701480	3651
1701697	51
1702455	2231
1702455	3423
1702455	3424
1702581	5046
1702767	3757
1703882	4320
1705024	2804
1705592	7153
1705849	1784
1705849	1899
1705849	2328
1706002	3278
1706002	4174
1706002	4175
1706002	4176
1706002	6346
1706002	6390
1706002	6391
1706002	6697
1708973	2952
1709267	6642
1709630	2821
1709687	2153
1709687	3646
1709994	1284
1710280	3011
1710499	2967
1710992	4311
1710992	4318
1711136	2986
1711136	2988
1711211	1766
1711211	1803
1711211	1808
1711211	2761
1711211	2768
1711211	4536
1711211	4684
1711211	4685
1711211	4686
1711211	4777
1711211	5245
1711211	5246
1711211	6452
1711211	6453
1711211	6454
1711211	6603
1711257	5957
1712155	1900
1713213	2368
1713213	2489
1713586	2833
1713586	5041
1713586	5118
1713586	6396
1714669	2671
1714669	2766
1714669	3121
1717667	1185
1717667	1213
1717667	1229
1719274	4278
1719788	3189
1721313	4271
1722269	646
1722512	7182
1722512	7183
1722512	7184
1722563	4582
1722563	4583
1723082	1600
1723371	4415
1723460	6081
1724531	5178
1724531	5181
1726019	511
1726019	1002
1727155	2436
1727155	2441
1727155	2519
1727224	763
1727224	764
1727224	7006
1728407	2735
1729210	6094
1730572	5411
1732294	6707
1732294	6753
1732606	1641
1735012	5939
1735012	5940
1735012	5941
1735012	5942
1735012	5943
1735012	5944
1735731	5394
1735834	3978
1735834	4904
1735834	5512
1735834	6197
1736402	2416
1736402	2421
1736402	3234
1736402	3627
1736402	3628
1736402	3834
1736402	3839
1736402	3924
1736402	4157
1736402	4187
1736402	4189
1736402	4192
1736402	4436
1736402	4705
1736402	4968
1736402	4970
1736402	4971
1736402	5476
1736402	5578
1736402	5579
1736402	5582
1736402	5671
1736402	5672
1736501	997
1736501	998
1737291	6061
1737656	101
1738542	5214
1742252	3259
1742252	5692
1742252	5704
1743121	3582
1743176	3102
1743176	3705
1743176	3708
1743693	6291
1744268	2634
1746108	2321
1746231	4593
1746348	7119
1746348	7120
1748518	4692
1749353	4839
1749353	5540
1749353	7101
1749353	7102
1751325	5620
1751392	1593
1752033	5826
1753151	4337
1753151	4533
1753151	4788
1753151	4789
1753151	5148
1753151	5478
1753694	2584
1754098	1217
1754755	3491
1756496	3302
1756568	6998
1756568	6999
1756568	7000
1756568	7073
1756568	7076
1756568	7078
1757276	7007
1757276	7008
1757276	7009
1757331	3634
1758746	5811
1759944	4419
1760632	2054
1760783	5107
1760783	5109
1760783	5110
1760783	5622
1760783	5665
1760848	6
1760848	7
1760848	8
1764074	2371
1764367	3759
1765128	3591
1765479	2385
1766276	1974
1767053	6703
1767053	6779
1767888	1206
1768145	1930
1768145	3462
1768446	1019
1772139	2343
1772424	5372
1772424	5438
1772424	5447
1772424	5772
1773222	2468
1773222	2473
1773426	882
1774589	6774
1774844	868
1774844	869
1774844	870
1774844	872
1774844	971
1774844	6835
1774963	3674
1775728	5241
1776793	2266
1776793	2269
1777157	5963
1778572	1608
1778613	4782
1779000	2274
1780362	2556
1780362	2559
1780425	4011
1782199	3925
1782991	5591
1782991	6684
1783008	59
1783364	2933
1783364	2942
1783364	4125
1783364	4127
1783364	4150
1783364	4152
1783364	4293
1783364	4598
1783364	4606
1783364	4608
1783364	5673
1785393	1203
1785619	4758
1786195	6012
1787841	4403
1787841	4784
1788458	4160
1788458	4162
1788878	4785
1788878	4786
1788979	3303
1788979	3305
1788979	4248
1789117	4570
1791310	2686
1794225	1588
1794225	1693
1794225	1694
1794225	1749
1794225	4663
1795233	1131
1796359	2276
1796413	5449
1797055	212
1797106	2823
1798296	4377
1799511	185
1803567	1334
1803567	1719
1804033	57
1804033	170
1804033	6273
1804836	267
1805058	1272
1805058	1283
1805531	2854
1806028	1890
1806028	1893
1806336	1191
1807478	7092
1808466	1636
1808655	2344
1809098	1271
1809098	1275
1810890	5318
1810961	277
1811140	4142
1811935	3898
1812941	5426
1813520	1211
1814081	3248
1814081	4065
1816282	774
1817147	3650
1817872	3981
1818464	313
1818464	318
1818464	319
1818464	322
1818464	323
1819010	4834
1819010	4835
1819994	5815
1821433	1906
1821746	452
1822223	4489
1822223	5674
1823282	1021
1823282	5325
1823770	1248
1823770	1250
1823770	6219
1825661	2859
1825661	2862
1825661	2865
1825661	2866
1825661	5535
1828073	451
1828073	456
1828688	2808
1831700	5280
1831700	5281
1831700	5283
1831700	6043
1831933	5572
1832139	2311
1834475	4458
1834475	4462
1834475	4463
1834475	4464
1834475	4469
1834475	4537
1834475	4539
1834475	4542
1834475	4543
1834475	4545
1834475	4547
1834475	4580
1834475	4585
1834475	4587
1834475	4589
1834475	4649
1836221	2869
1836221	3264
1836295	6553
1836312	4178
1836312	4180
1837039	1060
1837039	1068
1837806	2225
1838920	2693
1838920	2694
1839246	3655
1839657	50
1839657	52
1842994	3493
1842994	3494
1842994	3495
1843013	1162
1843583	360
1843583	363
1843583	364
1844242	1653
1844242	3275
1844242	4998
1844242	5261
1844242	6945
1845145	1727
1845145	1728
1845145	2349
1845145	2756
1845372	1148
1846831	6508
1847189	2929
1848833	5234
1848833	5838
1849922	1844
1849929	6653
1850139	781
1850139	783
1851004	845
1851004	3235
1851004	3237
1851004	3245
1853064	2612
1854119	3089
1854472	541
1854472	758
1854472	3919
1854472	6851
1855347	540
1855347	7060
1855642	4473
1855940	3896
1855940	4438
1857136	460
1857858	423
1857858	428
1857858	429
1857858	430
1857858	829
1857858	830
1857858	4720
1857858	5294
1858348	5274
1858348	6201
1860118	6179
1860118	6181
1860202	209
1860202	472
1860202	1554
1860723	1667
1862884	4028
1862884	6441
1862884	6459
1862884	6649
1864016	6367
1864077	1078
1864077	1079
1864077	1081
1864593	2007
1865862	3198
1866427	2120
1868227	2262
1868227	3060
1868227	3159
1868227	3174
1868227	3347
1868227	3353
1870705	2042
1871904	473
1871904	1316
1872796	6349
1873399	6566
1879589	1405
1879589	1407
1880884	288
1880884	289
1880884	351
1880884	353
1880884	1741
1881432	3504
1881432	4950
1881432	5053
1881432	5095
1881432	5933
1881432	5964
1881432	6082
1881432	6311
1881432	6670
1881562	1088
1882424	2430
1882424	2456
1882565	1796
1882565	2963
1882565	4641
1882565	4643
1882565	4644
1884014	1523
1884014	1528
1884014	1651
1884014	2460
1884014	4640
1884014	4716
1884014	4843
1884014	4844
1884014	4869
1884014	4926
1884014	5114
1884014	5250
1884014	5526
1884014	6027
1884014	6047
1884014	6200
1884014	6477
1884014	6479
1884014	6480
1884014	6518
1884014	6807
1885730	358
1885730	359
1885730	1302
1885730	1304
1885730	1305
1885730	3620
1885730	6628
1885730	6639
1885730	6650
1887176	3704
1888262	177
1888262	6530
1888863	201
1888863	202
1890569	1017
1890569	2650
1890916	1623
1890916	1629
1890916	1632
1891062	2672
1891062	3146
1891062	3157
1891062	3508
1891062	5649
1891365	4792
1891365	6658
1891848	606
1891848	607
1892395	2282
1892395	2283
1892395	2284
1892395	2285
1893702	1374
1896149	243
1896149	280
1896818	6424
1897438	2141
1897556	4321
1897901	2265
1898146	5078
1898146	5079
1898146	6765
1898146	6780
1898146	6781
1898146	6800
1898146	6809
1898146	6879
1898146	6890
1898146	6891
1898146	6901
1898146	6902
1898146	6903
1904065	2667
1904902	4905
1905479	4554
1905479	4944
1907059	6414
1908045	3922
1908045	3923
1908045	4505
1908045	6870
1908045	6882
1908140	5354
1908920	5778
1909265	5075
1909492	6664
1909525	6841
1910978	1318
1911640	1351
1911640	1360
1912214	4805
1913040	739
1913393	3446
1913393	4375
1913610	149
1913610	328
1913610	373
1913610	526
1913610	1327
1913610	1329
1913784	6876
1915460	3718
1915637	791
1915974	2267
1918140	2392
1918244	6048
1918327	3383
1918327	3384
1918327	3385
1918327	3606
1918327	3676
1918648	3773
1918648	3775
1919001	956
1919001	4667
1919308	4855
1919308	4856
1919308	7135
1920445	5037
1920445	6787
1920445	6788
1920445	6789
1920445	6796
1920445	6806
1920445	6821
1920445	6822
1920445	6862
1920445	6875
1920445	6884
1920445	6887
1920775	35
1920775	36
1920775	37
1921633	4791
1921666	1873
1921839	5051
1922169	2
1922169	866
1922169	3087
1922169	3538
1922169	3539
1922169	3564
1922169	3565
1922169	6859
1922169	6868
1922407	3474
1923103	5136
1923103	6305
1923313	5901
1923313	6829
1923313	6840
1923357	5315
1923357	5319
1923357	6547
1923850	1888
1924702	208
1924702	960
1924702	6934
1925026	1662
1925299	5026
1925299	5379
1925979	3265
1926310	3110
1926494	16
1926494	106
1926494	108
1926494	109
1927961	651
1930085	2830
1930085	5626
1930085	5689
1930138	6093
1930138	6105
1930254	1459
1930938	1319
1930938	4258
1932012	1348
1932070	199
1932895	2691
1933412	114
1935176	5840
1935351	6981
1936112	3784
1936112	4252
1937339	4942
1937339	4969
1937339	5088
1937339	5158
1937514	6140
1937716	6004
1937716	6006
1937716	6030
1937716	6035
1937716	6066
1937716	6222
1937716	6223
1937716	6224
1937716	6685
1937716	6699
1937716	6771
1937716	6773
1937890	2061
1937890	4400
1937890	4405
1938100	3529
1940845	4331
1940912	4350
1940912	4354
1940912	4532
1940912	6425
1941788	4119
1941788	4120
1943718	719
1944563	148
1944576	1817
1945474	4005
1945474	4006
1945474	5031
1945474	5256
1945474	5257
1945807	1178
1945807	2822
1945807	4413
1945807	4414
1945974	4052
1945974	4053
1946149	1837
1946149	1838
1946149	2130
1946149	2131
1946186	6549
1946742	6567
1946927	2964
1947279	3644
1947279	3647
1947279	3837
1947279	3838
1947600	5529
1947600	5879
1947744	1751
1947744	3298
1947768	625
1948203	565
1948203	809
1948203	941
1948203	943
1948890	4831
1948890	4832
1949627	3065
1949915	2472
1950444	4842
1950444	4845
1951099	135
1951455	4391
1951455	4392
1952215	1123
1952215	1125
1952306	1530
1952306	1680
1953140	2334
1953323	1493
1954310	6478
1955428	3510
1955813	7015
1955813	7016
1956181	1761
1956905	718
1956905	751
1956905	752
1956905	5420
1956956	2840
1957337	4893
1957649	1126
1957649	1127
1957649	1128
1957649	1129
1957649	1811
1957989	6723
1958949	4384
1960541	5870
1961464	240
1961464	241
1961464	242
1961464	254
1961464	258
1961464	337
1961464	1072
1961513	1490
1963859	3099
1963859	3100
1963859	3105
1963859	3378
1964591	2703
1965913	3115
1965913	3487
1965913	3623
1965913	3693
1965913	4277
1965913	5650
1965913	6595
1966348	3273
1966348	3304
1967828	6757
1968081	549
1968276	966
1968276	967
1968305	4584
1968360	3342
1968397	3499
1969449	180
1969481	5232
1969746	2154
1969815	4264
1969815	4265
1970618	3535
1970618	3536
1970618	3723
1970618	3724
1970618	6860
1970676	3183
1970799	2138
1971637	4961
1971720	722
1971720	2720
1971720	3272
1971720	4292
1972017	3806
1974531	5474
1974531	5528
1974579	4042
1974579	4043
1974579	4044
1975536	3881
1976254	5381
1977505	1322
1977505	1477
1978279	211
1978731	5810
1979810	1156
1979810	1330
1979810	1500
1980225	2870
1980225	2871
1980738	2654
1981654	6524
1981863	2304
1981989	1757
1981989	2367
1982135	5022
1982848	3036
1982848	3212
1983290	1617
1984890	1815
1985528	2637
1986097	934
1986291	5198
1986431	3377
1986431	5010
1986431	5011
1986431	5023
1986434	2375
1986434	2378
1986949	4373
1986949	4374
1986949	4376
1986955	4007
1988873	3451
1990611	1294
1991549	1052
1991549	1054
1994742	4846
1994742	5868
1994742	7123
1995165	782
1995165	4778
1996127	613
1997506	3594
2000464	6582
2001943	6098
2001953	291
2001953	1299
2001953	1303
2002503	3422
2003936	561
2003936	562
2003936	569
2003936	575
2003936	605
2003936	618
2003936	623
2003936	633
2003936	697
2003936	749
2003936	827
2003936	1847
2003936	2855
2003936	3088
2003936	5657
2003936	5768
2003936	5937
2003936	5973
2003936	6502
2003936	6640
2003936	6971
2006649	2846
2006817	281
2007403	1312
2009319	3369
2009320	4737
2009979	217
2009979	271
2009979	4297
2010752	5690
2010752	7017
2011051	2330
2011051	5652
2011194	2377
2013626	1656
2013626	1657
2013626	1658
2015754	576
2015754	583
2015754	1005
2016996	2389
2016996	3330
2016996	5112
2019516	1223
2019516	1225
2019935	5777
2020028	1747
2020028	1858
2020028	2288
2020200	2646
2020200	2648
2020200	2649
2021056	2931
2021099	1783
2023044	3776
2024834	6402
2027490	5044
2028644	24
2028644	25
2028644	157
2028644	213
2028644	215
2028644	372
2028644	507
2029272	4659
2030431	4093
2030526	31
2030526	32
2030526	48
2030526	1274
2030526	1456
2030526	2400
2030526	3450
2030526	5612
2030586	1157
2030586	6017
2030586	6665
2030586	6722
2031013	3612
2031069	3207
2031208	6237
2031242	1507
2031306	4894
2032318	492
2032767	5056
2032767	5058
2033125	3895
2033564	3625
2033959	5788
2033959	5793
2034022	6142
2034030	5052
2034161	5033
2035164	3926
2035425	4508
2035425	4622
2037208	3737
2038730	5409
2038846	2144
2039373	1654
2040322	2145
2041155	2558
2041954	6298
2041954	6440
2042232	27
2042238	4577
2042238	5606
2042238	6160
2042238	6587
2042756	792
2042756	797
2042756	824
2042756	2794
2042756	3502
2042810	1956
2042947	1075
2043873	1335
2043873	1336
2045263	6240
2045263	6241
2046958	2279
2046958	2286
2046958	2296
2047174	5102
2047174	5105
2047366	1046
2047366	1047
2047366	1049
2048285	3293
2048285	3740
2048285	3741
2048577	5990
2048577	6018
2048577	6026
2048577	6161
2048787	3616
2049166	2324
2049166	2327
2049324	6605
2049372	3645
2049887	1889
2049956	376
2049956	831
2050199	1566
2050199	4972
2050199	4973
2050359	5864
2051414	275
2051414	427
2051608	1167
2051608	4328
2051608	4330
2051608	6182
2051608	6252
2051608	6255
2051608	6442
2052078	2554
2052296	2292
2052462	5900
2053476	5645
2053934	2427
2054735	4140
2054735	4227
2054735	5275
2054735	5276
2054735	5344
2054735	6573
2054961	1768
2055800	3469
2056130	3934
2057427	6196
2057734	4108
2057734	4111
2058673	4823
2058886	6379
2059006	1606
2059825	1611
2059866	3864
2060331	4626
2060331	4629
2060331	5524
2060606	2245
2061241	2999
2061515	721
2061591	2540
2061609	2409
2061662	2246
2061796	1626
2062292	2739
2062292	3202
2062292	4026
2062292	6284
2062292	6304
2062865	138
2062865	159
2062865	160
2062865	1309
2062865	1841
2063234	5260
2063234	5262
2063558	7012
2063558	7013
2063576	4274
2063665	6892
2063709	621
2063709	1251
2063709	1252
2063709	6927
2064295	4214
2064295	4215
2065332	978
2066318	5894
2067632	2732
2067768	1394
2069542	206
2069992	2477
2069992	2479
2069992	2974
2069992	2976
2069992	2981
2069992	2985
2069992	2997
2069992	2998
2069992	3032
2070750	5004
2070750	5005
2070750	5008
2070814	2738
2071774	2609
2071774	3071
2071815	6361
2072278	4370
2072481	3313
2072481	3314
2072481	3362
2072481	3364
2072481	3365
2072481	3366
2072481	6101
2072481	6102
2072481	6104
2072481	6106
2072481	6583
2072481	6584
2072481	6791
2072481	6816
2072481	6817
2072481	6818
2072481	6819
2072481	6832
2072481	6897
2072481	6898
2072481	6928
2072481	6947
2072481	6948
2072481	6949
2072481	6950
2072481	6951
2072481	6953
2072481	6954
2072481	6955
2072481	6956
2072481	6972
2073169	975
2073169	1699
2073600	2178
2073600	5759
2073600	5876
2074359	1909
2074359	4091
2075030	1174
2075030	1187
2075452	4892
2075452	5547
2075452	6623
2075646	1898
2077422	1517
2078301	5371
2079112	4890
2079938	2095
2080826	6588
2081082	5097
2081082	5098
2081182	1947
2082136	6775
2082205	6602
2082569	1781
2083607	394
2083718	756
2083789	3699
2083789	6731
2083789	6750
2084268	9
2084303	60
2084323	5683
2084665	3823
2084665	3827
2084665	3829
2084911	5911
2084911	5928
2084917	3731
2085357	421
2085473	2446
2085868	2027
2087617	6969
2087674	1787
2088113	4854
2088135	2442
2089468	3454
2089685	4074
2089833	900
2090323	133
2090367	1871
2090735	2053
2090735	3751
2090735	3752
2090869	843
2090869	1200
2090869	1202
2090869	2786
2090869	2791
2090869	6207
2091793	7150
2091793	7152
2091971	2003
2092526	1164
2092551	5636
2092551	5637
2094482	2452
2094482	4698
2094961	986
2094961	988
2094978	4452
2096920	3686
2096920	3688
2096920	4165
2096920	4166
2096920	4456
2096920	4457
2097370	989
2097370	4356
2097370	4697
2097370	4714
2097370	5803
2097397	1758
2097397	1797
2097397	2057
2097673	5945
2097849	1591
2097968	4662
2098521	5413
2098798	2315
2098798	2709
2098855	5999
2099160	5144
2099160	6433
2099160	6693
2099160	6749
2099160	6762
2099160	7103
2099535	748
2099535	777
2099535	1470
2099535	1472
2100191	6962
2100191	7042
2100265	2303
2100329	2832
2100548	295
2100548	341
2100548	371
2100548	759
2100548	4635
2101500	4076
2101917	1368
2102499	4884
2102499	4937
2102499	6074
2102539	6265
2102641	63
2103507	3096
2103629	370
2104161	5141
2104386	2631
2104386	2864
2104604	1331
2105262	4068
2106478	4558
2107725	513
2107725	515
2107725	521
2107725	857
2107725	858
2107725	861
2107725	912
2107855	1799
2108136	2547
2108136	2555
2108161	3413
2109019	1422
2109549	1806
2109556	4882
2110035	1601
2110673	2428
2110717	168
2110717	1142
2110717	2989
2111151	3853
2111151	3858
2112149	2177
2112829	264
2112975	2775
2112975	3222
2112975	5164
2113260	3483
2113875	5764
2115024	2050
2115024	2056
2115024	3263
2115024	3874
2115024	4762
2115024	4763
2115925	4847
2117095	2475
2117775	22
2117942	778
2117942	1155
2117942	6122
2117942	6133
2117984	2390
2118304	974
2120487	2800
2120729	1427
2120729	6490
2120729	6491
2121312	1540
2121425	6937
2121425	6938
2121425	6939
2121425	6964
2121425	6965
2121425	7066
2121877	828
2122907	1032
2122907	1258
2122907	5243
2124260	2336
2124260	3292
2126436	1860
2126436	4310
2126760	5412
2127658	3685
2127795	3661
2128307	5215
2128307	5229
2128497	491
2129439	542
2129439	3968
2129439	6455
2129755	2380
2130527	2099
2130846	4923
2131164	1655
2131642	1753
2131991	2953
2131991	5430
2132547	694
2132547	695
2132547	698
2132547	699
2132547	700
2133279	419
2133993	488
2133993	489
2134373	2751
2134924	3929
2135159	2309
2135159	2313
2135159	2325
2135863	235
2135940	6225
2135940	6226
2136074	2741
2136141	7087
2136334	1650
2136693	1266
2136860	1792
2138405	516
2138405	517
2138405	518
2138405	527
2138892	2692
2138899	1643
2139434	2114
2139930	234
2139930	630
2140069	384
2140069	716
2140069	1321
2140144	87
2140144	90
2140325	42
2140325	969
2140325	1086
2140325	3821
2140325	3842
2140664	2576
2140664	4039
2140750	1698
2140750	2656
2140750	2657
2141342	1713
2141342	1714
2141460	6116
2141460	6117
2141460	6119
2141460	6413
2141460	6487
2141822	3037
2141904	1560
2141904	1859
2141904	5697
2142819	1979
2143192	2160
2143435	4188
2143435	4361
2143580	4875
2143589	2123
2143589	2127
2143589	2157
2143589	2605
2143589	2896
2143589	2899
2143589	4217
2143589	4220
2143589	5740
2143735	2221
2144167	3426
2144545	841
2144626	2376
2145897	3809
2145937	1109
2145937	1166
2145937	1726
2146307	3744
2146307	3816
2146307	5455
2147691	1349
2147788	3145
2147788	3150
2149448	4911
2149559	898
2149559	899
2149900	1895
2149900	1901
2149900	1905
2149900	2722
2150012	1857
2150312	471
2150312	1400
2150726	2757
2150726	3316
2150726	3317
2151678	4493
2151748	3593
2151748	3715
2151905	2440
2154545	2414
2154998	3561
2155156	3153
2155401	3592
2155500	3726
2155894	3206
2155894	3231
2156398	4523
2157004	3404
2157004	3405
2157155	2925
2157472	3239
2158133	3399
2158243	953
2159026	1774
2159086	4195
2159086	4305
2159355	4867
2159490	5968
2160450	5237
2160502	3134
2160668	3242
2160717	4605
2160750	3605
2160776	6770
2161677	5410
2161865	4453
2162163	500
2163073	5076
2163144	3804
2163500	5587
2163686	1378
2163686	1458
2164254	5725
2164276	6494
2164276	6568
2164494	3044
2164494	3045
2164687	2046
2165259	3543
2165259	6456
2165484	1553
2165693	1776
2165693	1777
2166118	5138
2166974	3052
2166974	3054
2166974	3058
2167103	1921
2167317	823
2167580	4497
2168911	2669
2169980	1821
2170558	4316
2170643	4722
2170691	2852
2171401	1071
2171532	1935
2171532	1949
2172148	1324
2172148	1328
2172148	2835
2172628	5403
2172763	531
2172763	3043
2172763	4878
2172763	6068
2172763	6704
2172971	4738
2173904	2927
2173904	2928
2174182	977
2174182	1168
2174182	1172
2174293	476
2174293	481
2174385	1877
2174557	3080
2174557	3081
2175498	3374
2175498	3375
2175498	3376
2175963	1830
2176043	2668
2177908	5407
2177908	5419
2178626	4512
2178626	5955
2178626	5961
2178780	2186
2178972	6317
2179212	3172
2179656	5669
2179689	768
2179737	4721
2179737	4818
2179737	4828
2179737	4830
2179773	6151
2180303	400
2180303	401
2180679	2515
2180895	3027
2181024	4103
2181024	4109
2181413	819
2181421	2890
2181421	2905
2181421	2906
2181421	2913
2181718	5956
2181896	3955
2181896	3959
2181896	6996
2182143	3710
2182161	2498
2182728	2727
2182728	2729
2183377	4398
2183400	2814
2183400	2816
2183537	2069
2183537	2079
2183880	2455
2183893	3213
2183893	3214
2184057	3546
2184128	2575
2184721	2829
2184721	3211
2184721	3219
2184728	12
2185686	1729
2185845	166
2186057	736
2186057	740
2186178	1483
2186642	932
2186723	4597
2187629	1397
2187629	3152
2187952	2439
2188103	2067
2188139	3836
2188139	4590
2188483	5320
2188519	2485
2188519	3691
2188519	4035
2188699	3477
2188903	105
2189208	2202
2189208	2203
2189918	2217
2189918	2218
2189918	5374
2190554	293
2191311	5180
2192833	7174
2193016	3277
2193016	5624
2193055	5798
2193225	1672
2193225	1677
2193225	1679
2193298	2743
2193549	2610
2193805	3370
2193805	4126
2194450	4336
2195587	2744
2195627	2486
2195627	5877
2195627	5923
2195627	5924
2195627	5925
2195627	6712
2196237	4282
2196297	6611
2196633	3780
2197092	1856
2197219	2836
2197616	3511
2197616	3512
2197616	4360
2197616	4362
2197899	3542
2197899	3607
2197899	5385
2198188	5077
2198260	5167
2198260	5995
2199242	1800
2199336	3660
2199495	6843
2199495	6844
2199495	7014
2199726	3344
2199726	3459
2200313	2242
2200313	5558
2200313	5559
2200313	5560
2200313	6126
2200313	6127
2200313	6128
2200313	6129
2200313	6131
2200313	6132
2200313	6145
2200313	6148
2200313	6149
2200313	6925
2200313	7040
2200313	7041
2200313	7058
2200313	7109
2200313	7177
2200313	7190
2200559	5600
2200559	6295
2200559	6301
2200559	6366
2200559	6368
2200559	6369
2200559	6382
2200559	6466
2200559	6702
2200559	6824
2201143	1789
2202246	3095
2202246	5282
2202246	7163
2202375	2861
2202643	1912
2203314	6735
2203314	6986
2203733	647
2203733	648
2204330	4909
2204432	4148
2205749	3083
2205749	3123
2205749	3193
2205749	3196
2205749	3197
2205749	4182
2205749	5883
2205997	1391
2206453	2417
2206453	3256
2206473	2163
2207475	1441
2207966	5337
2208294	6202
2209009	2226
2209118	3791
2209118	3793
2209372	2233
2209372	2518
2209521	309
2209787	1828
2210014	6746
2210760	1732
2210989	2626
2211207	1461
2211412	4244
2211856	3792
2212914	2888
2212940	6356
2212940	6637
2213126	1188
2213126	1190
2213864	5452
2213879	3701
2213920	2784
2214228	6783
2215528	5040
2215831	2687
2215964	413
2215975	7003
2216298	5814
2216562	1376
2217267	1878
2217267	1883
2217727	4930
2218259	6857
2219312	2557
2219312	4345
2219576	1096
2219576	1556
2219576	6778
2219754	4326
2219754	4329
2220216	2395
2220231	3125
2221309	2567
2221309	2573
2221803	3084
2222201	597
2222210	2593
2222210	2601
2222210	2607
2222210	2619
2222569	5202
2223010	1163
2223340	2681
2223340	4387
2225668	2924
2225700	3294
2225700	3295
2225700	3296
2225872	3986
2225872	3987
2225872	3988
2225872	6599
2226108	374
2226108	378
2226108	381
2226108	4347
2226108	5445
2227535	4955
2228711	146
2228711	3933
2228750	1707
2228750	3575
2228834	5977
2228834	6014
2228870	4302
2229127	4963
2229343	3610
2229343	4515
2229701	5174
2229701	5176
2229701	5177
2229701	5820
2229701	5831
2229701	6872
2229701	6873
2230383	4853
2230383	5030
2230491	608
2230491	747
2230491	810
2230491	1108
2230491	3470
2231240	2726
2231735	2241
2232292	2235
2232303	2903
2232303	2907
2232303	5083
2232303	5142
2232704	2097
2233548	4815
2233935	1742
2233935	1744
2233935	2345
2233935	2749
2233935	3002
2233935	3195
2235701	3805
2235701	3917
2235720	1596
2235720	5373
2235871	1764
2236119	4050
2236119	4610
2236321	4880
2236321	6303
2237424	1590
2237522	1382
2237522	1383
2237522	1384
2237522	1385
2237522	1386
2237522	1408
2237522	1414
2237522	1416
2237522	1417
2237522	1418
2237522	1419
2237522	1420
2237522	1431
2237522	1435
2237522	2845
2237522	3023
2237522	3541
2237522	3558
2237522	3787
2237522	7021
2237838	4781
2237932	4753
2237932	5459
2237932	5480
2237932	5527
2237932	5548
2237932	6159
2237932	6700
2237945	2012
2238429	603
2239730	1503
2240995	261
2241200	6705
2241200	6794
2241200	6847
2241200	7104
2241237	2363
2241237	2364
2241557	2029
2241557	2031
2241557	2037
2241557	2039
2241557	2049
2241557	2381
2241557	2629
2242134	4105
2242134	4112
2242134	4114
2242673	3082
2242673	3093
2243398	2951
2243822	3328
2243822	3329
2243822	3331
2243822	3335
2243856	4117
2244060	5024
2244253	4139
2245253	1421
2245907	2011
2246147	906
2246197	5389
2246892	5661
2247078	4063
2247182	1476
2247411	3747
2247525	2962
2247525	3498
2247525	6428
2247563	5375
2247607	3030
2247890	3848
2247890	5448
2248028	3039
2248028	4715
2248028	5398
2248028	5404
2248108	3973
2248108	3975
2248234	3831
2248399	1819
2249404	6989
2249404	6990
2249404	7057
2249404	7093
2249537	4551
2249537	4553
2249537	4555
2249537	4556
2249537	4557
2249537	4561
2249537	4562
2249537	4628
2249537	5720
2249537	5721
2249537	5723
2249537	5755
2249537	5799
2249537	6063
2249537	6672
2249537	6674
2250002	1565
2250217	2521
2250316	3873
2250316	6963
2251359	921
2251359	4602
2251359	4603
2251719	5980
2251719	6708
2251995	483
2251995	3233
2252379	4088
2252643	1089
2252643	1091
2252790	2361
2253038	5060
2253038	5146
2254179	832
2254179	835
2254546	2956
2255212	963
2255212	3700
2255683	315
2255693	3091
2256382	2419
2256382	2424
2256684	3147
2256684	6682
2257590	3138
2258275	4386
2259204	609
2260231	4966
2261379	642
2261516	3425
2261647	3976
2263393	321
2263801	6717
2263860	6661
2263970	1379
2263970	1381
2264119	4049
2264294	1922
2264409	981
2264409	1015
2264409	1315
2264950	2180
2265599	4653
2265599	6711
2265722	6088
2265722	6383
2266359	3501
2266688	7154
2266688	7155
2266688	7156
2266688	7160
2266688	7161
2266829	2826
2267496	3722
2267496	3725
2267852	4650
2268454	5745
2268454	6057
2268737	4128
2268737	5571
2268737	6264
2268737	6421
2268737	6867
2268737	7046
2268737	7051
2268737	7075
2268737	7077
2268737	7138
2268737	7164
2268737	7170
2268737	7172
2268795	2825
2269023	3029
2269023	5048
2269257	2585
2269257	5869
2269621	2000
2269621	2006
2269621	2020
2269621	2026
2269662	1722
2269734	1486
2271729	3126
2272825	1666
2272825	2764
2273685	3985
2275179	4079
2275179	4230
2276273	936
2276273	1041
2277098	772
2277581	2168
2278522	1977
2278758	4780
2278758	5979
2278758	5982
2278758	5984
2278758	5986
2278758	6136
2279063	3035
2279063	6692
2279949	3455
2280064	2980
2282625	2934
2282625	6242
2282948	5856
2283632	2911
2283632	4017
2283632	4018
2283632	4019
2283632	4020
2283632	4024
2284009	4800
2284009	4809
2284015	5165
2284015	5182
2284015	6340
2284015	6536
2284015	6537
2284015	6974
2284015	6988
2284213	741
2284213	755
2284656	6793
2284656	6830
2284656	6856
2284878	2982
2284981	5522
2284981	5523
2284981	6341
2285149	1786
2286700	3251
2286700	5302
2287705	2484
2288077	4368
2288124	2919
2288462	3288
2288589	2632
2288589	2633
2288589	4276
2288845	5530
2289015	4030
2289015	4031
2289015	4032
2289478	6430
2290833	5347
2290902	34
2291675	6756
2291743	2182
2291946	1884
2293150	6581
2293150	6585
2294282	2538
2294282	4255
2294282	4796
2294282	5907
2294479	3225
2295070	216
2295650	3878
2295650	5861
2295650	5863
2295862	3118
2296035	260
2296701	218
2297261	189
2297261	704
2297391	4494
2297482	2076
2297608	88
2297608	91
2298023	2175
2298131	2200
2298131	3584
2298944	498
2298998	1711
2299317	2384
2299317	4799
2299817	1745
2299817	1746
2299987	6432
2299987	6439
2299987	6659
2299987	6751
2299987	6768
2299987	6769
2299987	6777
2299987	6987
2299987	7056
2300117	3004
2300117	3905
2300117	4877
2300117	5425
2300117	5687
2300117	6019
2300117	6463
2300117	6503
2300117	6505
2300117	6506
2300117	6507
2300117	7022
2300117	7128
2300117	7149
2301006	1587
2301006	3637
2301006	3639
2301006	3640
2301006	3642
2301006	3657
2301006	3692
2301006	3810
2301006	4084
2301006	4085
2301006	4089
2301006	4090
2301006	4752
2301006	4754
2301006	5387
2301006	6538
2301219	737
2303026	3638
2303118	6671
2303230	671
2303230	672
2304072	4988
2304072	6668
2304929	3414
2305020	1454
2305020	1455
2305020	1462
2305020	1692
2305020	2769
2305020	2774
2305398	1243
2305398	1244
2305596	5427
2305596	5428
2305596	6070
2305596	6095
2305596	6690
2306563	1950
2306563	2351
2306563	2360
2306563	2725
2306756	5590
2308044	6464
2308302	3077
2308388	3333
2308388	3513
2308388	3515
2308388	3518
2308388	3559
2308388	4488
2308388	4876
2308388	5329
2309341	852
2309341	854
2309341	855
2309341	856
2309341	859
2310107	5542
2310107	6167
2310269	5025
2310269	5045
2310269	5089
2310269	5116
2310269	5121
2311371	6323
2311371	6434
2311371	6482
2311371	6596
2311776	5638
2311776	5806
2312566	6894
2312566	6895
2313129	1286
2313129	2032
2313129	5021
2313763	4443
2314190	864
2314672	1537
2314672	1555
2314672	1564
2314672	1759
2314672	1763
2314672	1767
2314672	2273
2314890	3360
2314890	3534
2314890	4204
2314890	4234
2314890	5477
2314912	2495
2315882	5858
2316573	3240
2318157	2586
2318157	4394
2318442	1115
2318583	5397
2318583	5599
2318583	5603
2319461	1478
2319739	3112
2319739	3113
2319739	4531
2319883	2476
2319883	2478
2319943	665
2320208	6099
2320208	6100
2320208	6103
2320208	6143
2320208	6687
2320599	867
2320599	881
2320599	970
2320708	3086
2321077	3260
2321214	1028
2321214	1030
2321214	1124
2321214	1133
2321214	1134
2321214	1141
2321214	1153
2321214	1807
2321214	1813
2321214	4976
2321214	5393
2321378	3962
2321852	3952
2322215	5727
2322215	5731
2322363	2673
2322396	3991
2322473	2550
2322473	2579
2323652	6812
2323652	6814
2324188	253
2324315	3720
2324315	3814
2324315	3826
2324315	3867
2324315	3872
2324315	3875
2324315	3890
2324315	3899
2324315	3928
2324315	3938
2324315	3942
2324315	3944
2324315	3953
2324425	65
2325348	980
2325348	4246
2326436	6009
2326436	6011
2326819	4678
2326819	4679
2326819	4688
2326819	4718
2326819	5226
2327044	1576
2327484	3521
2327484	3528
2328727	1392
2329256	696
2329256	3728
2329256	3729
2329363	2113
2330073	1862
2330073	1863
2330188	2525
2330329	1616
2330392	4953
2331004	1264
2331787	4245
2331787	4586
2333468	5648
2333482	4064
2333515	303
2333693	3902
2333693	4913
2333693	4914
2333693	4915
2333951	304
2333951	3142
2334072	3721
2334337	284
2334337	502
2334337	723
2334337	1674
2334337	1675
2334337	1676
2334358	4404
2335523	1361
2336401	5161
2336401	5162
2336401	5836
2336401	5837
2336401	5893
2336401	6630
2336401	6635
2336401	6748
2336401	6906
2336401	6907
2336422	2280
2336422	5382
2336422	5383
2336422	5401
2336422	5472
2336422	5748
2336431	6675
2336859	2789
2336984	1111
2336984	1112
2337398	577
2337398	579
2337485	2206
2337845	2881
2337845	2883
2337845	3190
2337845	3191
2339477	3954
2340054	591
2340054	593
2340054	789
2340952	3861
2340952	3863
2340952	4385
2341420	2443
2341420	3531
2341420	5193
2341420	5194
2341420	5195
2341420	5197
2342248	4366
2342248	5317
2342289	2889
2342289	2917
2342424	5568
2342424	5660
2343081	238
2343250	5783
2344365	2715
2344365	2717
2344365	2718
2344403	2792
2344579	3340
2344579	5285
2344735	6804
2346244	2247
2346244	3168
2346344	5889
2346344	5890
2346621	219
2346720	927
2346817	6354
2346817	6359
2346817	6449
2347262	4702
2347262	7122
2347704	760
2347704	1827
2348181	2352
2348181	2397
2348181	2462
2348181	2474
2348312	4934
2348824	4736
2349594	1279
2349623	4021
2349807	96
2349867	193
2349867	205
2349867	589
2351692	131
2351692	132
2351751	622
2351751	626
2352042	13
2352042	47
2352070	1388
2352070	1389
2352614	11
2352614	14
2352661	2513
2352782	4057
2352797	1621
2353031	5713
2353031	5714
2353031	5722
2353031	5801
2353031	5847
2353031	5850
2353031	5926
2353031	6054
2353031	6055
2353031	6059
2353031	6060
2353031	6067
2353031	6072
2353031	6086
2353031	6141
2353031	6154
2353031	6155
2353031	6210
2353031	6398
2354016	276
2354195	4783
2354195	5842
2354195	5846
2354195	6108
2354195	6401
2354195	6834
2354558	28
2354703	1169
2354703	6651
2354703	6662
2355227	3349
2355688	38
2355688	39
2355688	40
2355688	41
2355688	137
2355688	139
2355688	5552
2355688	5553
2355688	5569
2355695	7010
2355695	7018
2355695	7024
2355746	223
2355746	1639
2355915	5666
2356860	112
2357017	4344
2357508	62
2357672	914
2358108	81
2358491	7107
2358491	7140
2358491	7141
2358491	7142
2358491	7143
2358491	7144
2358491	7145
2358491	7146
2358491	7147
2358755	1352
2358755	1353
2359210	6546
2359210	6548
2359210	6563
2359263	127
2359263	167
2359845	546
2359845	996
2360733	143
2360733	274
2360733	462
2360733	463
2360733	464
2360733	5839
2361261	1580
2361402	3320
2361689	4906
2361689	4907
2361689	4918
2361689	6743
2361689	6863
2361689	7118
2361689	7127
2362080	123
2362271	4181
2362746	165
2363670	147
2363828	437
2364358	3698
2364595	4574
2365246	181
2365449	6575
2365485	5188
2365485	5467
2365485	5691
2365629	4156
2365740	178
2366069	187
2366069	190
2366069	191
2366595	2873
2366595	2875
2366595	2879
2367604	729
2367680	2094
2367975	377
2368663	1592
2368663	1594
2368882	4699
2369887	256
2370419	273
2370419	484
2370419	486
2370770	5675
2370770	6077
2370930	5221
2371366	2659
2371366	2664
2371366	2665
2371366	3151
2371411	2891
2371933	4408
2372414	2520
2372970	1690
2373314	5917
2373339	5124
2373339	5126
2373339	5132
2373339	5433
2373339	5436
2373339	5484
2374146	485
2374146	959
2374593	2539
2374648	4357
2375094	5264
2375237	340
2375307	338
2375470	339
2376050	409
2376127	2582
2376636	1118
2376636	1120
2376636	1121
2376636	1122
2376930	422
2377096	551
2377096	553
2377325	366
2377873	362
2377873	369
2378144	6786
2378383	3388
2379375	1260
2379375	5064
2379375	5070
2379375	5108
2379375	5113
2379420	403
2379444	4630
2379444	5400
2379444	6447
2379715	632
2379715	634
2380510	702
2381500	568
2381579	5179
2381579	5519
2381579	5910
2381579	6465
2381579	7105
2381579	7106
2381579	7108
2382684	1018
2382684	1980
2382689	3532
2382689	4965
2382756	425
2382756	426
2383042	4984
2383042	5586
2383042	6426
2383042	6680
2383042	6698
2383264	523
2383264	533
2383445	2902
2383445	5849
2383445	7052
2383613	4581
2383613	5134
2383748	2645
2384803	6028
2384813	2704
2384813	4207
2384813	4306
2384813	4307
2384813	4309
2384876	6561
2386333	501
2386344	4249
2386743	5340
2387372	3127
2387372	3132
2388498	539
2388905	1718
2388905	1720
2388905	5667
2388905	5668
2388991	594
2389037	1604
2389189	522
2389206	3648
2389206	6259
2389594	560
2389994	2359
2390383	1395
2390594	544
2390594	649
2390594	5514
2390594	6577
2390594	6578
2390594	6579
2390594	6580
2390594	7168
2390594	7169
2390751	545
2391043	5680
2391043	5766
2391043	6395
2391807	2877
2392420	1208
2392420	1209
2392457	5027
2392613	2581
2392717	571
2392717	574
2393383	2644
2393383	6324
2393431	4841
2393875	601
2394782	3965
2394918	638
2395143	640
2395143	1393
2395326	2719
2396110	4080
2396977	4365
2397411	992
2398746	4378
2398746	6846
2399017	6877
2399060	1845
2399220	1026
2399220	3703
2399220	4490
2399220	4900
2399462	670
2399483	5860
2400328	2211
2400328	3566
2400651	4485
2400845	2685
2400845	2688
2400845	3570
2400845	3571
2400845	5293
2400845	5295
2400845	5296
2400845	5298
2400845	5299
2400845	5333
2400845	5343
2400845	5345
2400845	5736
2400845	5737
2400845	5738
2400845	5739
2400845	5902
2400945	703
2401224	5551
2401224	5581
2401224	6261
2401224	6263
2401224	6826
2401224	6833
2401224	6880
2401318	707
2401364	2317
2401364	2319
2401402	6656
2401402	6669
2401485	4231
2401485	4740
2401930	7117
2401930	7121
2402505	744
2402505	753
2403036	724
2403042	2565
2403049	1366
2403357	1812
2403463	728
2403463	730
2403463	731
2403477	3016
2403804	738
2404436	2264
2404436	2271
2404501	775
2404538	766
2404538	4260
2404538	4813
2404538	5251
2404626	7110
2405603	4241
2405603	4604
2405693	860
2405998	2181
2406582	785
2407752	1522
2407752	1524
2407752	1525
2407752	1529
2407752	1538
2407752	3309
2407752	3310
2407752	5891
2407814	796
2408246	838
2408246	1568
2408712	6205
2408988	4949
2409351	2841
2409351	2844
2409351	2849
2409740	3014
2410003	4568
2410003	5127
2410003	5485
2410003	6020
2410003	6058
2410003	6823
2410003	6852
2410512	844
2410512	846
2411532	3684
2411769	1062
2411769	1067
2412146	875
2412146	876
2413551	1846
2413551	1850
2413551	2278
2413551	2500
2413988	895
2413988	925
2415259	4046
2415307	2306
2415480	4257
2415480	4540
2415480	5020
2415797	947
2415987	1716
2416270	5615
2416270	6600
2417038	1567
2417038	1701
2417038	1702
2417038	1703
2417038	1704
2417038	1705
2417038	1881
2417349	2961
2417349	4134
2417349	4135
2417552	7098
2417552	7099
2417552	7100
2417595	1103
2417595	1106
2417595	3777
2417741	939
2417949	4696
2418257	4861
2418257	4980
2419064	1306
2419190	1340
2419190	1341
2419190	6666
2419323	1691
2419323	2227
2419323	2256
2419323	4925
2420079	3139
2420079	3141
2420277	1549
2420359	4859
2420541	2638
2420705	3396
2420705	4802
2420705	4803
2421158	3960
2422832	1443
2422832	1671
2422907	4670
2422907	4707
2422907	5013
2422907	5437
2422907	5440
2422907	5442
2422907	5446
2422907	5471
2422907	5499
2422907	5532
2422907	5573
2422907	5686
2422907	6457
2422907	6481
2422907	6484
2422907	6689
2422907	6709
2422974	3906
2423028	2270
2423086	1954
2423139	1003
2423139	1292
2423139	1466
2423286	1569
2423286	1570
2424580	5604
2424690	1440
2425341	1042
2425680	1053
2425864	5017
2426062	1056
2426062	1065
2426279	3062
2426328	4226
2426679	1548
2426679	1708
2426679	1715
2426679	6641
2426679	6652
2426679	6767
2426679	6968
2426747	4351
2426747	4710
2426747	4825
2426866	1295
2427455	5392
2427876	4596
2427887	5120
2427887	5125
2427903	2552
2427903	3224
2427903	5159
2427903	5619
2427905	1924
2427905	1934
2427905	1938
2427905	1943
2427905	1944
2427905	1945
2428945	1599
2428945	1710
2428945	1825
2428945	2290
2429282	2402
2429486	1116
2429707	3443
2429786	4262
2429786	4975
2429786	4977
2429786	7187
2430178	1196
2430178	1369
2430185	6227
2430496	4275
2430496	5931
2430496	6570
2430735	1931
2430735	1939
2430735	3681
2431345	6744
2431506	1861
2431554	2251
2431554	3755
2431584	1154
2431759	4527
2432754	5913
2432767	1180
2432767	1181
2432767	1267
2433785	1442
2433785	1449
2433785	1557
2433785	1562
2434563	5767
2434671	1184
2434671	1186
2434671	1298
2434671	1404
2435115	4601
2435125	1224
2435125	1226
2435125	1497
2435125	3654
2435871	4833
2436235	1212
2436235	1214
2436300	1221
2436996	5496
2437792	1615
2438090	4123
2438090	4124
2438090	5341
2438322	2464
2438765	3600
2438765	4115
2438853	1320
2438853	3828
2438853	6520
2438853	6533
2439076	1411
2439940	3466
2439940	6930
2439940	6975
2439940	6982
2441291	1314
2441533	2527
2442216	1902
2442251	4981
2442251	5676
2442251	5677
2442251	5715
2442251	5717
2442251	6589
2442251	6592
2442251	6795
2442494	4322
2442559	1434
2443689	1363
2443689	1364
2443962	4798
2443962	5903
2444319	1721
2444670	2590
2444670	4993
2444670	4994
2444670	5469
2444670	5521
2444670	5728
2444670	5730
2445113	4333
2445113	4334
2445295	1398
2445295	1733
2445468	2578
2445476	3980
2446019	2010
2446019	4676
2446146	7130
2446146	7131
2446146	7132
2446783	1425
2446916	1432
2447038	1668
2447038	2156
2447038	2165
2447038	3401
2447110	1618
2447110	1620
2447110	1627
2447110	2041
2447110	2078
2447110	2085
2447110	2887
2447110	3246
2447243	6437
2447243	6813
2447272	1436
2447695	3230
2447778	1447
2447778	1451
2447792	1689
2448069	6415
2448069	6438
2448216	1471
2448230	1464
2448806	1474
2448806	1475
2449400	1552
2449913	6612
2450246	2834
2450747	1506
2451833	3185
2451833	7166
2451833	7167
2452411	4003
2452467	3484
2452749	1978
2452749	1981
2452879	1575
2453193	3348
2453381	2772
2453381	4812
2453381	4814
2453381	4822
2453381	6239
2453621	5886
2453621	6406
2453621	6407
2453754	2155
2453850	4903
2453946	5784
2454006	1561
2454022	6355
2454083	1573
2454083	3547
2454223	1771
2454234	1628
2454234	2653
2454407	3238
2454407	5117
2454407	5851
2454407	5855
2454407	6985
2454470	2510
2454728	6608
2454728	6861
2454728	6878
2454728	7043
2454728	7065
2455453	1582
2455500	5130
2455745	5498
2455745	6112
2455745	6113
2456963	3966
2457135	7094
2457135	7134
2457545	1646
2457582	1613
2458045	6325
2458045	6365
2458045	6400
2458045	6469
2458045	6470
2458090	6543
2458974	2255
2459504	1644
2459504	2047
2460448	4701
2460582	4001
2460582	4412
2460582	4797
2460582	5311
2460582	5314
2460582	5316
2460582	5327
2460662	2809
2460687	2294
2461562	2702
2461562	6544
2461562	6838
2461562	6839
2461562	6919
2461585	7089
2461585	7090
2462609	1697
2462942	1734
2464033	2301
2464033	2418
2464036	6190
2464036	6250
2464444	6615
2464465	3603
2464465	3749
2464654	3921
2464768	4927
2465096	2824
2465522	1929
2465522	1936
2465522	3843
2465925	2448
2465925	2449
2465925	2450
2466163	4660
2466169	4444
2466169	4445
2466169	5774
2466169	5808
2466169	5824
2466169	6217
2466169	6271
2466169	6517
2466770	1770
2466814	4624
2467160	5233
2467205	1842
2467315	2970
2467612	2707
2468267	6164
2468338	6574
2468345	2944
2468345	2972
2468345	2977
2468345	2978
2468345	2979
2468345	3989
2468345	4742
2468345	4916
2468345	4917
2468345	6710
2468534	5654
2468556	4743
2468744	4395
2469039	3350
2469039	3351
2469271	4177
2469322	5818
2469422	2422
2469422	2433
2469992	1911
2470075	6565
2470432	2713
2470799	2517
2470799	2546
2470799	2548
2473080	6755
2473587	6983
2473871	3059
2473871	4047
2473871	5414
2473871	6776
2474334	2388
2474334	3514
2474334	3517
2474334	4529
2474334	5170
2474334	5196
2474334	5617
2474463	6495
2474520	3445
2474520	3447
2474520	3763
2474696	4133
2474794	1925
2475095	2508
2475268	5080
2475268	5081
2475298	1959
2475298	1966
2475298	1968
2475298	1970
2475298	1972
2475298	3943
2476062	4826
2477230	4371
2477382	2621
2477382	2622
2477382	2627
2477577	2081
2478136	4591
2478495	2118
2479494	4769
2479804	2670
2479905	3572
2479905	4116
2479905	4118
2479905	4996
2479905	5173
2479905	5290
2479905	5321
2479905	5322
2479905	5388
2479905	5517
2479905	5593
2479905	5640
2479905	5817
2479905	5819
2479905	5848
2479905	5852
2479905	5859
2479905	5932
2479905	5954
2479905	6176
2479905	6183
2479905	6184
2479905	6287
2479905	6410
2479905	6450
2479905	6521
2479905	6523
2479905	6527
2479905	6529
2479905	6531
2479905	6532
2479905	6542
2479905	6559
2479905	6706
2479905	6966
2479905	6967
2480748	2172
2480790	5230
2480790	5231
2481801	2570
2481947	2199
2482564	6412
2482564	6597
2483490	2277
2483641	4167
2484064	6150
2484070	6362
2484331	4712
2484331	4730
2484331	5244
2484331	5249
2484331	5501
2484331	5760
2485022	5349
2485412	2785
2485412	3218
2485412	3949
2485412	4185
2486694	2366
2486778	2454
2487377	4324
2487426	3951
2487622	4168
2487687	3492
2488087	6046
2488087	6381
2488159	2437
2488524	3262
2489376	3765
2489376	3766
2489376	3767
2489376	3768
2489376	3770
2489376	3801
2489376	5111
2490319	2606
2490319	2608
2491585	3236
2492028	4899
2493316	2625
2493491	2856
2494126	3228
2494126	4013
2494126	6444
2494277	5694
2494338	3727
2494368	4338
2494737	3367
2496488	3252
2496488	3255
2496998	3772
2497844	6732
2498536	3497
2498692	3601
2498692	4300
2498692	4301
2498744	3598
2498764	3937
2498785	5376
2498839	5805
2498839	5827
2499469	4266
2499469	4268
2499469	4270
2499469	4652
2499469	4657
2499469	5266
2499469	5326
2499469	5742
2499469	5743
2499469	5985
2499469	5987
2499469	5996
2499469	6624
2499469	6625
2499469	6632
2499812	4858
2499812	6036
2499812	6357
2502438	6451
2502765	5278
2503218	3753
2504794	5330
2505622	2828
2505665	3465
2505665	3609
2505665	4957
2505665	5655
2505665	5718
2505665	6320
2505665	6377
2506046	2839
2506234	7113
2506429	6166
2506690	4986
2508211	2898
2508211	3554
2508553	4498
2508571	5242
2509180	4767
2509182	3049
2509627	2916
2509752	3569
2510025	3258
2510264	4480
2511368	2947
2513684	3621
2514069	3326
2514917	3216
2514917	3217
2515033	4895
2517202	3354
2517202	5887
2517202	5965
2517202	5969
2517202	5970
2517202	5978
2517202	6613
2517202	6616
2517202	6790
2518358	4446
2518358	4447
2518979	3098
2519171	3893
2520314	3794
2520314	4041
2520314	4259
2520314	4340
2520314	4341
2520314	6900
2520343	4573
2521286	4198
2521286	5829
2521286	5830
2521286	5880
2523203	3199
2523203	4454
2523203	4455
2523203	5953
2523203	6230
2523203	6254
2523203	6347
2523203	6348
2523203	6388
2523203	6558
2523203	6679
2523203	6810
2523743	4511
2524190	3165
2524585	3170
2524585	3904
2524585	4164
2525166	3389
2525177	3352
2525177	6049
2525341	6274
2527487	3812
2527614	6372
2527614	6375
2527614	6378
2528981	3253
2528981	3613
2529534	3232
2531395	6002
2531395	6005
2531395	6275
2531395	7133
2533588	3468
2534847	5402
2534847	5892
2534847	7148
2534847	7151
2534847	7173
2536712	5277
2538272	6446
2538398	5899
2538398	5918
2540146	3361
2540146	3990
2540146	4209
2540146	6525
2540146	6528
2542051	3398
2542051	3545
2543267	3756
2544574	3435
2544574	3436
2544574	3437
2544812	3486
2545463	4995
2547417	3983
2547417	4383
2547436	3641
2548068	5960
2548558	4235
2548587	4073
2550199	3941
2550199	5153
2550249	4012
2550249	4014
2550635	3530
2553401	5724
2553401	6000
2554068	3997
2554068	3999
2554647	4002
2555167	4213
2555976	3742
2557060	3918
2557060	4094
2558086	3618
2559969	3818
2564206	3716
2564548	5408
2565414	3733
2567087	4932
2567668	4243
2567668	6886
2567865	3760
2568464	6924
2569637	3797
2570105	4790
2570651	7136
2570651	7175
2571129	4991
2571129	5184
2571129	7062
2571129	7086
2571129	7111
2571129	7112
2571603	3859
2573703	3857
2577139	5461
2577139	5466
2577139	5483
2577139	5577
2577139	5630
2577139	5693
2577139	5712
2577139	5716
2577139	5719
2577139	5762
2577139	5763
2577139	6083
2577139	6089
2577139	6091
2577139	6171
2577139	6177
2577139	6178
2577139	6251
2577139	6403
2577139	6404
2577139	6911
2577139	6912
2577139	6914
2577139	6915
2577139	6917
2577139	6918
2577139	6920
2577139	6931
2577139	6932
2577139	6940
2577139	6977
2577139	7053
2577139	7054
2577139	7055
2577139	7072
2577139	7082
2577958	3910
2577958	3911
2577958	3912
2577958	3914
2579083	4016
2579083	6385
2579083	6386
2579083	6408
2579083	6799
2579083	6973
2579348	4694
2579862	5380
2579862	5384
2580125	4335
2580125	4817
2580125	5642
2580125	6109
2581418	6203
2581418	6206
2581870	4756
2581870	4759
2582457	3992
2582457	3993
2582578	4193
2585186	4342
2586989	4253
2586989	4256
2586989	4359
2587799	5000
2587799	5399
2587799	5457
2587799	5537
2587799	5807
2587799	5884
2587799	6156
2587799	6607
2588115	5331
2588600	4055
2589252	4010
2590177	4665
2590177	5959
2590508	6247
2590544	4059
2590544	4061
2590555	4155
2590758	4158
2590758	4206
2590758	4218
2590758	4222
2590758	4237
2590758	4530
2590758	5543
2591532	4425
2591532	4426
2591532	4427
2591831	5511
2591831	5516
2592972	4518
2592972	4519
2592972	4874
2592972	4964
2592972	5099
2592972	5103
2592972	5151
2592972	5152
2592972	5154
2592972	5423
2592972	5434
2592972	5502
2592972	5565
2592972	5746
2592972	5747
2592972	5786
2592972	5787
2592972	5789
2592972	5988
2592972	5992
2592972	6015
2592972	6032
2592972	6033
2592972	6039
2592972	6062
2592972	6064
2592972	6065
2592972	6073
2592972	6244
2592972	6246
2592972	6248
2592972	6286
2592972	6302
2592972	6306
2592972	6460
2592972	6461
2592972	6557
2592972	6614
2592972	6618
2592972	6622
2592972	6633
2592972	6634
2592972	6636
2592972	6638
2592972	6865
2592972	6883
2592972	7083
2593379	4450
2593379	4541
2593379	6423
2594297	7081
2595301	4393
2595561	4070
2597289	6734
2602504	4238
2602504	4442
2602504	5450
2603961	4171
2603961	4172
2603961	4315
2606315	4224
2609537	4703
2609537	4704
2610082	5950
2610265	4236
2612781	7002
2612781	7005
2612969	4811
2613609	4535
2615413	4733
2615413	4735
2617464	5605
2617464	6691
2617956	4889
2618648	4648
2618648	5816
2618648	6170
2619598	4346
2619598	4348
2631572	4600
2631663	4506
2631663	4681
2639876	5342
2640829	4979
2640829	5133
2640829	5346
2640829	5790
2640829	5929
2647177	6991
2650520	4654
2650520	4655
2650520	4656
2650520	6448
2654612	4689
2654612	4690
2656431	6801
2656431	6802
2656431	6803
2662167	5189
2665503	4931
2665503	4936
2665503	4948
2665503	4951
2665503	4952
2665503	5432
2665503	5463
2665503	5592
2665503	5594
2672016	5938
2672016	6163
2674503	5106
2786560	5750
