1
2
5
6
7
8
10
11
12
13
14
15
17
19
20
21
22
23
24
25
28
29
31
34
35
36
37
39
40
42
44
49
51
52
53
54
56
57
58
60
62
72
73
74
75
76
78
83
86
87
88
91
92
94
95
97
100
101
102
103
105
107
109
112
113
114
117
119
120
121
124
126
127
128
129
130
131
132
133
134
139
141
142
143
144
145
146
147
148
149
152
153
154
155
157
162
163
164
166
167
168
171
179
181
182
183
193
198
199
200
203
204
206
210
211
213
214
216
218
219
221
223
224
225
230
231
234
249
250
251
253
255
256
257
259
261
262
263
264
265
266
267
268
269
270
271
273
275
280
283
284
285
286
287
288
290
292
294
297
298
299
302
304
307
310
322
324
325
327
330
334
339
343
347
349
351
353
354
355
356
357
362
363
365
367
376
377
378
380
381
383
384
385
386
389
390
395
396
397
398
400
401
405
407
408
409
410
412
414
416
418
419
420
421
423
424
425
426
430
431
432
434
435
437
438
442
443
444
446
448
450
451
454
456
457
458
460
464
465
468
470
472
473
476
477
479
486
487
490
491
492
493
494
495
499
501
502
503
504
505
506
507
508
509
510
511
513
515
517
518
521
522
523
525
527
532
536
537
542
547
549
553
558
561
563
564
565
569
572
573
574
575
577
581
582
584
585
586
588
593
596
599
605
606
607
608
609
611
616
618
621
623
626
629
630
635
637
640
641
642
643
644
646
647
650
653
654
655
658
659
660
663
666
667
668
672
674
675
676
677
680
682
684
686
687
689
691
695
696
700
701
708
711
715
718
719
721
722
723
724
725
726
730
733
734
735
738
739
741
742
747
748
750
752
753
758
759
760
761
762
763
764
766
767
768
769
770
771
772
773
774
775
776
777
779
780
781
782
783
784
787
788
791
793
795
802
803
804
805
806
807
808
809
816
817
825
826
827
829
830
832
834
836
838
840
841
842
845
849
851
853
854
855
860
861
862
863
868
870
873
874
875
876
878
879
880
883
885
890
894
896
897
901
903
904
905
911
912
913
914
916
917
921
923
929
930
932
933
934
935
937
938
939
941
942
944
945
949
953
956
958
961
962
965
969
973
974
978
979
992
994
1000
1002
1003
1004
1006
1007
1011
1012
1015
1016
1018
1020
1022
1023
1026
1027
1028
1029
1033
1034
1036
1040
1049
1052
1053
1057
1060
1062
1064
1066
1071
1072
1073
1074
1076
1077
1079
1080
1081
1086
1087
1091
1094
1096
1098
1099
1102
1104
1108
1109
1110
1111
1113
1114
1115
1117
1122
1124
1125
1128
1132
1136
1141
1142
1152
1153
1156
1158
1159
1168
1171
1174
1176
1179
1181
1183
1184
1185
1186
1192
1195
1203
1204
1207
1210
1213
1214
1215
1216
1217
1219
1221
1224
1228
1229
1230
1233
1235
1238
1239
1242
1243
1244
1245
1246
1247
1248
1254
1255
1258
1259
1261
1263
1264
1265
1266
1267
1268
1269
1272
1275
1278
1282
1284
1286
1287
1288
1290
1292
1296
1299
1300
1304
1306
1309
1310
1312
1314
1316
1317
1320
1321
1322
1323
1324
1327
1330
1334
1335
1336
1337
1341
1342
1345
1346
1347
1348
1352
1353
1355
1356
1361
1362
1366
1367
1373
1375
1376
1378
1381
1389
1390
1391
1393
1394
1395
1398
1399
1404
1405
1407
1408
1409
1410
1412
1413
1415
1417
1421
1425
1427
1436
1437
1438
1439
1440
1444
1446
1447
1448
1449
1450
1452
1454
1455
1459
1462
1463
1464
1467
1468
1469
1470
1471
1472
1473
1478
1479
1480
1481
1482
1484
1486
1487
1488
1491
1492
1493
1494
1495
1496
1497
1499
1500
1501
1502
1503
1504
1505
1507
1512
1514
1515
1516
1517
1519
1520
1521
1522
1525
1526
1527
1528
1529
1531
1532
1533
1535
1538
1540
1541
1542
1543
1544
1545
1547
1548
1549
1551
1555
1556
1557
1558
1560
1561
1562
1566
1567
1572
1573
1574
1575
1576
1577
1578
1579
1581
1583
1584
1588
1589
1590
1595
1598
1601
1606
1609
1610
1611
1619
1622
1623
1624
1625
1627
1628
1631
1635
1639
1644
1645
1646
1649
1650
1651
1653
1654
1659
1660
1664
1666
1668
1671
1673
1674
1678
1682
1683
1684
1686
1687
1690
1691
1693
1696
1697
1698
1699
1700
1702
1703
1704
1709
1710
1712
1713
1714
1715
1716
1717
1718
1720
1722
1723
1728
1729
1730
1732
1733
1735
1736
1737
1740
1743
1746
1750
1752
1753
1754
1755
1757
1758
1759
1760
1762
1763
1764
1765
1767
1768
1769
1770
1771
1775
1777
1778
1780
1783
1790
1794
1795
1797
1798
1799
1800
1801
1803
1804
1805
1806
1807
1808
1811
1813
1816
1817
1819
1821
1822
1823
1824
1825
1826
1827
1828
1829
1833
1837
1839
1840
1842
1844
1845
1847
1849
1850
1851
1852
1853
1854
1859
1864
1865
1866
1867
1868
1869
1870
1874
1875
1880
1882
1884
1885
1887
1889
1890
1891
1894
1895
1896
1897
1900
1901
1905
1911
1913
1914
1915
1916
1917
1918
1919
1920
1921
1922
1923
1930
1933
1938
1940
1941
1943
1944
1945
1947
1948
1950
1952
1953
1959
1965
1967
1968
1969
1970
1972
1973
1975
1976
1987
1988
1990
1991
1992
1993
1996
1997
2000
2001
2002
2005
2009
2010
2014
2015
2016
2017
2018
2019
2022
2027
2031
2032
2036
2037
2039
2040
2041
2048
2050
2051
2053
2055
2062
2063
2064
2065
2066
2067
2073
2074
2078
2079
2080
2082
2083
2089
2090
2091
2094
2095
2098
2100
2102
2103
2104
2105
2111
2112
2113
2117
2118
2119
2121
2122
2123
2124
2133
2134
2135
2137
2138
2140
2142
2143
2145
2146
2148
2149
2150
2152
2153
2155
2156
2158
2159
2160
2162
2163
2166
2167
2168
2170
2171
2172
2175
2179
2180
2182
2183
2184
2185
2186
2188
2191
2192
2193
2195
2198
2199
2200
2201
2204
2207
2209
2212
2213
2223
2225
2226
2228
2229
2232
2234
2239
2241
2243
2244
2247
2248
2249
2250
2251
2252
2253
2254
2255
2256
2258
2263
2267
2268
2272
2273
2275
2276
2277
2279
2281
2282
2285
2286
2287
2291
2295
2297
2298
2300
2301
2303
2307
2308
2310
2311
2312
2314
2315
2317
2319
2320
2321
2322
2323
2325
2327
2329
2330
2331
2332
2333
2335
2336
2337
2338
2339
2342
2343
2345
2348
2349
2350
2351
2352
2354
2355
2356
2357
2358
2365
2368
2371
2372
2373
2374
2375
2376
2377
2379
2380
2381
2382
2384
2385
2386
2389
2390
2393
2394
2395
2396
2398
2399
2400
2403
2409
2413
2415
2416
2417
2418
2419
2420
2421
2422
2423
2424
2427
2434
2435
2436
2437
2438
2439
2442
2443
2448
2449
2451
2452
2453
2454
2458
2460
2461
2462
2464
2465
2466
2467
2468
2473
2474
2476
2477
2478
2482
2486
2488
2489
2491
2493
2494
2498
2499
2500
2501
2503
2504
2505
2506
2520
2522
2524
2526
2530
2538
2542
2544
2547
2550
2551
2555
2560
2562
2563
2565
2566
2569
2570
2571
2572
2573
2575
2578
2581
2582
2586
2587
2594
2595
2596
2599
2601
2602
2604
2610
2612
2613
2614
2615
2616
2617
2619
2620
2622
2623
2624
2625
2626
2629
2631
2633
2634
2635
2636
2637
2638
2641
2643
2644
2646
2649
2652
2653
2655
2657
2660
2663
2666
2667
2669
2670
2672
2674
2676
2678
2685
2691
2692
2694
2701
2705
2706
2710
2715
2718
2719
2720
2724
2725
2727
2729
2730
2731
2732
2737
2738
2745
2746
2758
2763
2764
2782
2783
2785
2786
2790
2793
2794
2803
2804
2805
2806
2808
2809
2814
2816
2817
2819
2820
2821
2822
2823
2824
2825
2826
2827
2828
2831
2832
2833
2834
2836
2839
2840
2841
2842
2844
2845
2847
2849
2850
2851
2852
2855
2857
2859
2860
2863
2864
2865
2866
2867
2868
2869
2870
2871
2872
2873
2874
2875
2877
2878
2879
2880
2881
2882
2886
2888
2889
2892
2893
2896
2897
2898
2901
2902
2904
2908
2909
2917
2918
2919
2920
2921
2923
2926
2932
2936
2939
2941
2945
2947
2949
2950
2951
2956
2957
2959
2962
2963
2968
2973
2974
2978
2981
2984
2985
2988
2992
2994
2995
2996
3001
3003
3011
3014
3015
3016
3017
3019
3022
3032
3033
3034
3035
3036
3037
3039
3040
3041
3042
3043
3046
3047
3048
3049
3050
3051
3057
3058
3060
3061
3063
3066
3067
3071
3072
3073
3075
3078
3079
3080
3081
3083
3087
3088
3091
3092
3096
3097
3099
3100
3101
3110
3111
3114
3117
3118
3119
3120
3122
3125
3126
3127
3129
3135
3141
3142
3144
3146
3147
3148
3149
3150
3154
3155
3156
3158
3159
3160
3161
3166
3172
3174
3175
3176
3179
3181
3187
3188
3189
3190
3191
3192
3193
3194
3195
3196
3197
3203
3204
3206
3208
3209
3210
3211
3212
3217
3218
3221
3224
3225
3227
3228
3229
3234
3235
3238
3243
3244
3245
3246
3247
3251
3252
3254
3256
3261
3262
3264
3268
3269
3270
3272
3274
3278
3283
3284
3285
3286
3288
3289
3290
3294
3297
3298
3299
3300
3303
3304
3306
3309
3311
3312
3314
3318
3319
3323
3324
3326
3327
3329
3333
3334
3335
3336
3337
3340
3341
3342
3343
3345
3347
3348
3349
3350
3351
3352
3356
3357
3360
3361
3362
3363
3367
3369
3373
3374
3375
3376
3377
3380
3382
3387
3389
3391
3393
3395
3398
3400
3401
3402
3404
3405
3406
3408
3409
3412
3413
3414
3415
3416
3417
3418
3419
3420
3424
3425
3431
3433
3434
3435
3436
3437
3439
3440
3441
3443
3445
3446
3452
3454
3456
3459
3464
3468
3469
3470
3473
3478
3481
3482
3484
3485
3486
3487
3488
3491
3492
3493
3495
3496
3497
3498
3502
3503
3508
3509
3511
3515
3522
3523
3526
3531
3533
3535
3536
3541
3542
3543
3546
3547
3549
3550
3551
3552
3553
3556
3558
3559
3560
3561
3564
3565
3567
3568
3569
3570
3571
3572
3573
3574
3577
3580
3581
3582
3583
3585
3586
3590
3592
3597
3598
3599
3601
3602
3604
3606
3607
3611
3612
3613
3614
3616
3617
3619
3620
3622
3623
3626
3628
3629
3631
3632
3635
3636
3638
3639
3641
3642
3643
3645
3646
3649
3650
3653
3654
3656
3657
3659
3660
3662
3663
3664
3666
3667
3669
3670
3671
3672
3673
3674
3677
3678
3679
3680
3681
3683
3684
3686
3687
3688
3689
3692
3693
3697
3700
3701
3702
3705
3707
3709
3710
3712
3713
3714
3715
3717
3719
3724
3725
3726
3728
3729
3731
3733
3736
3737
3741
3743
3744
3746
3747
3748
3750
3751
3752
3753
3754
3755
3758
3759
3760
3761
3764
3765
3767
3768
3769
3770
3771
3772
3774
3775
3776
3777
3779
3783
3784
3790
3792
3793
3794
3795
3796
3797
3798
3799
3800
3801
3802
3804
3806
3808
3810
3811
3813
3814
3816
3817
3819
3820
3822
3823
3824
3825
3827
3834
3838
3839
3840
3841
3842
3843
3844
3845
3846
3847
3850
3852
3855
3857
3859
3860
3861
3863
3865
3866
3868
3872
3873
3876
3879
3880
3881
3882
3883
3884
3885
3886
3887
3888
3889
3891
3892
3894
3895
3901
3902
3904
3907
3908
3909
3910
3912
3913
3914
3919
3920
3921
3923
3924
3925
3926
3930
3931
3932
3939
3940
3941
3942
3943
3945
3947
3949
3950
3952
3953
3954
3956
3957
3958
3960
3962
3963
3964
3965
3966
3967
3968
3969
3973
3974
3975
3979
3980
3983
3984
3985
3988
3992
3994
3995
3997
3999
4000
4001
4002
4003
4004
4006
4008
4011
4012
4013
4014
4015
4016
4017
4018
4024
4025
4028
4029
4031
4033
4034
4035
4036
4037
4039
4040
4041
4042
4043
4044
4045
4046
4047
4048
4049
4050
4051
4052
4053
4054
4055
4056
4057
4063
4066
4067
4069
4070
4074
4077
4078
4080
4081
4092
4093
4095
4098
4101
4102
4105
4106
4107
4108
4109
4110
4111
4112
4113
4115
4116
4118
4119
4120
4123
4124
4125
4126
4128
4132
4134
4135
4138
4140
4142
4144
4146
4147
4148
4150
4151
4152
4154
4156
4159
4161
4162
4166
4167
4169
4170
4173
4174
4175
4176
4180
4181
4182
4183
4185
4186
4188
4190
4192
4194
4195
4196
4197
4200
4201
4202
4203
4205
4206
4208
4210
4213
4214
4215
4216
4217
4218
4219
4220
4221
4222
4223
4225
4227
4229
4230
4231
4233
4236
4238
4239
4240
4241
4246
4250
4251
4252
4255
4256
4257
4259
4260
4261
4263
4264
4265
4266
4267
4268
4271
4272
4273
4274
4275
4276
4277
4280
4282
4283
4284
4285
4295
4296
4300
4301
4302
4303
