898	0.479166666
0	0.062500000
899	0.479166666
900	0.125000000
901	0.479166666
1	0.145833333
2	0.041666666
902	0.270833333
903	0.020833333
3	0.104166666
4	0.041666666
5	0.375000000
6	0.020833333
7	0.020833333
904	0.166666666
905	0.479166666
1165	0.458333333
8	0.020833333
9	0.041666666
10	0.125000000
11	0.083333333
12	0.312500000
13	0.083333333
14	0.145833333
15	0.083333333
16	0.104166666
906	0.479166666
17	0.395833333
18	0.458333333
1166	0.458333333
19	0.083333333
907	0.479166666
908	0.479166666
20	0.458333333
21	0.145833333
22	0.083333333
909	0.479166666
23	0.416666666
910	0.479166666
911	0.145833333
24	0.083333333
25	0.166666666
26	0.020833333
912	0.479166666
27	0.270833333
28	0.125000000
29	0.291666666
30	0.208333333
913	0.187500000
31	0.125000000
32	0.083333333
33	0.291666666
34	0.125000000
35	0.041666666
36	0.041666666
37	0.020833333
38	0.437500000
39	0.229166666
40	0.166666666
41	0.083333333
42	0.145833333
914	0.166666666
43	0.041666666
915	0.145833333
916	0.479166666
44	0.145833333
45	0.187500000
917	0.250000000
46	0.083333333
47	0.395833333
48	0.125000000
49	0.020833333
50	0.250000000
51	0.166666666
52	0.291666666
53	0.041666666
54	0.208333333
55	0.208333333
918	0.458333333
56	0.020833333
919	0.166666666
920	0.479166666
921	0.479166666
57	0.020833333
58	0.166666666
59	0.416666666
60	0.104166666
61	0.083333333
62	0.020833333
922	0.166666666
63	0.020833333
64	0.020833333
65	0.229166666
66	0.187500000
67	0.395833333
923	0.479166666
68	0.395833333
924	0.083333333
69	0.020833333
925	0.166666666
926	0.458333333
70	0.020833333
927	0.479166666
71	0.020833333
72	0.208333333
73	0.187500000
74	0.020833333
928	0.479166666
75	0.020833333
929	0.479166666
930	0.479166666
76	0.437500000
931	0.479166666
77	0.479166666
932	0.458333333
78	0.458333333
79	0.062500000
80	0.083333333
81	0.083333333
933	0.208333333
934	0.166666666
935	0.166666666
936	0.250000000
82	0.041666666
83	0.395833333
84	0.020833333
937	0.166666666
1168	0.083333333
938	0.479166666
85	0.145833333
939	0.395833333
86	0.020833333
87	0.229166666
88	0.125000000
89	0.083333333
90	0.020833333
91	0.020833333
92	0.312500000
940	0.437500000
93	0.187500000
94	0.041666666
941	0.104166666
95	0.020833333
96	0.020833333
97	0.354166666
98	0.083333333
99	0.062500000
942	0.166666666
100	0.395833333
943	0.312500000
101	0.312500000
944	0.479166666
102	0.166666666
945	0.166666666
103	0.104166666
946	0.312500000
104	0.041666666
947	0.229166666
948	0.479166666
105	0.270833333
106	0.020833333
107	0.354166666
108	0.479166666
949	0.270833333
950	0.145833333
951	0.458333333
109	0.375000000
952	0.479166666
110	0.062500000
111	0.145833333
953	0.479166666
954	0.479166666
112	0.125000000
113	0.375000000
114	0.270833333
955	0.479166666
115	0.229166666
956	0.187500000
116	0.041666666
117	0.312500000
957	0.479166666
958	0.166666666
118	0.104166666
119	0.020833333
120	0.083333333
121	0.250000000
122	0.083333333
123	0.229166666
959	0.166666666
960	0.437500000
124	0.270833333
125	0.020833333
126	0.125000000
127	0.041666666
961	0.479166666
128	0.083333333
129	0.208333333
130	0.083333333
962	0.416666666
131	0.416666666
963	0.270833333
964	0.437500000
132	0.104166666
133	0.041666666
965	0.479166666
134	0.083333333
966	0.166666666
967	0.479166666
968	0.166666666
135	0.166666666
136	0.083333333
969	0.166666666
137	0.062500000
138	0.020833333
139	0.083333333
140	0.104166666
141	0.270833333
142	0.437500000
143	0.104166666
970	0.479166666
144	0.062500000
971	0.229166666
145	0.250000000
146	0.041666666
147	0.041666666
148	0.229166666
149	0.145833333
150	0.020833333
151	0.020833333
152	0.083333333
153	0.083333333
154	0.166666666
973	0.479166666
974	0.437500000
155	0.104166666
156	0.062500000
157	0.083333333
975	0.458333333
976	0.458333333
158	0.208333333
977	0.458333333
978	0.166666666
979	0.458333333
159	0.312500000
980	0.479166666
981	0.395833333
160	0.020833333
982	0.479166666
161	0.145833333
162	0.333333333
983	0.479166666
163	0.354166666
164	0.187500000
165	0.145833333
166	0.416666666
167	0.041666666
168	0.041666666
169	0.125000000
984	0.458333333
985	0.291666666
170	0.208333333
986	0.375000000
171	0.041666666
172	0.229166666
173	0.020833333
987	0.479166666
174	0.270833333
988	0.479166666
175	0.020833333
176	0.020833333
989	0.333333333
990	0.479166666
991	0.250000000
992	0.479166666
993	0.437500000
177	0.020833333
178	0.062500000
179	0.083333333
994	0.354166666
180	0.062500000
995	0.479166666
996	0.479166666
181	0.208333333
182	0.312500000
183	0.229166666
184	0.479166666
185	0.062500000
997	0.437500000
998	0.354166666
1169	0.437500000
999	0.395833333
186	0.187500000
187	0.437500000
188	0.229166666
189	0.020833333
190	0.062500000
191	0.479166666
1000	0.166666666
192	0.458333333
193	0.104166666
1001	0.479166666
194	0.083333333
195	0.291666666
196	0.020833333
197	0.083333333
198	0.125000000
1002	0.458333333
199	0.208333333
200	0.354166666
1003	0.187500000
201	0.437500000
202	0.458333333
203	0.166666666
204	0.458333333
205	0.083333333
206	0.125000000
1004	0.458333333
207	0.208333333
1005	0.166666666
208	0.041666666
209	0.020833333
210	0.250000000
1006	0.437500000
1007	0.479166666
211	0.083333333
212	0.187500000
1008	0.104166666
1009	0.416666666
1010	0.458333333
213	0.020833333
214	0.062500000
215	0.208333333
216	0.083333333
1011	0.458333333
217	0.020833333
218	0.395833333
1012	0.479166666
1013	0.166666666
219	0.437500000
220	0.041666666
1014	0.479166666
221	0.083333333
1015	0.229166666
1016	0.125000000
1017	0.395833333
1018	0.208333333
222	0.062500000
223	0.125000000
224	0.020833333
225	0.312500000
226	0.333333333
227	0.437500000
228	0.354166666
229	0.208333333
1170	0.125000000
1019	0.312500000
230	0.208333333
231	0.416666666
232	0.041666666
1020	0.354166666
233	0.083333333
234	0.083333333
235	0.104166666
236	0.270833333
237	0.020833333
238	0.208333333
239	0.083333333
240	0.083333333
241	0.208333333
242	0.020833333
1021	0.291666666
243	0.125000000
244	0.291666666
245	0.354166666
1022	0.479166666
1023	0.479166666
1024	0.479166666
246	0.020833333
247	0.208333333
248	0.041666666
1025	0.416666666
249	0.166666666
250	0.479166666
1026	0.458333333
251	0.062500000
1171	0.416666666
252	0.354166666
1027	0.479166666
253	0.041666666
254	0.437500000
255	0.020833333
256	0.333333333
257	0.020833333
1028	0.479166666
258	0.166666666
259	0.062500000
1029	0.187500000
260	0.187500000
261	0.083333333
1030	0.166666666
262	0.479166666
263	0.041666666
264	0.187500000
265	0.458333333
266	0.395833333
267	0.166666666
268	0.187500000
269	0.145833333
1031	0.458333333
270	0.416666666
1032	0.166666666
271	0.270833333
1033	0.208333333
272	0.041666666
273	0.187500000
1034	0.437500000
274	0.166666666
1035	0.312500000
275	0.208333333
276	0.083333333
1036	0.479166666
277	0.104166666
278	0.395833333
1037	0.166666666
279	0.062500000
1038	0.166666666
1039	0.270833333
1040	0.166666666
280	0.229166666
281	0.270833333
1041	0.479166666
282	0.229166666
283	0.291666666
1042	0.479166666
1043	0.166666666
284	0.041666666
1044	0.458333333
1045	0.479166666
285	0.291666666
1046	0.416666666
286	0.083333333
287	0.041666666
288	0.083333333
289	0.354166666
290	0.291666666
1047	0.145833333
1048	0.166666666
291	0.291666666
292	0.291666666
1049	0.416666666
1050	0.458333333
293	0.020833333
294	0.229166666
295	0.208333333
1051	0.166666666
296	0.395833333
1052	0.479166666
297	0.479166666
298	0.145833333
1053	0.166666666
1054	0.437500000
1055	0.375000000
1056	0.312500000
299	0.166666666
300	0.083333333
1057	0.479166666
301	0.041666666
1058	0.479166666
302	0.208333333
1059	0.458333333
303	0.020833333
1060	0.479166666
304	0.062500000
305	0.416666666
306	0.395833333
307	0.291666666
308	0.083333333
1061	0.479166666
309	0.166666666
310	0.187500000
311	0.229166666
312	0.395833333
313	0.166666666
1062	0.437500000
314	0.083333333
315	0.041666666
316	0.083333333
317	0.479166666
318	0.291666666
1063	0.479166666
319	0.104166666
320	0.145833333
321	0.229166666
1064	0.458333333
322	0.083333333
1065	0.479166666
1066	0.270833333
323	0.145833333
324	0.062500000
325	0.020833333
326	0.145833333
327	0.166666666
328	0.020833333
329	0.229166666
1067	0.479166666
330	0.041666666
331	0.083333333
332	0.083333333
333	0.270833333
334	0.083333333
335	0.208333333
336	0.270833333
337	0.083333333
338	0.354166666
1068	0.312500000
339	0.083333333
340	0.062500000
1069	0.479166666
341	0.041666666
1070	0.166666666
1071	0.166666666
342	0.312500000
1072	0.479166666
343	0.291666666
344	0.041666666
1073	0.437500000
345	0.041666666
346	0.020833333
347	0.020833333
1074	0.166666666
348	0.041666666
349	0.187500000
1075	0.479166666
1076	0.458333333
1077	0.166666666
350	0.104166666
1078	0.479166666
351	0.020833333
352	0.416666666
353	0.020833333
354	0.020833333
355	0.187500000
356	0.145833333
1079	0.479166666
357	0.020833333
1080	0.479166666
358	0.083333333
1081	0.166666666
1082	0.145833333
359	0.395833333
1083	0.416666666
360	0.291666666
1084	0.166666666
1085	0.354166666
361	0.125000000
362	0.270833333
363	0.395833333
364	0.020833333
365	0.125000000
366	0.458333333
1086	0.395833333
367	0.062500000
368	0.125000000
369	0.062500000
1087	0.229166666
370	0.166666666
371	0.104166666
372	0.270833333
373	0.020833333
374	0.208333333
375	0.479166666
376	0.104166666
1088	0.395833333
377	0.125000000
1089	0.479166666
378	0.458333333
379	0.083333333
380	0.020833333
381	0.104166666
382	0.354166666
1090	0.458333333
383	0.291666666
384	0.375000000
1091	0.166666666
385	0.291666666
386	0.125000000
387	0.020833333
1092	0.166666666
388	0.041666666
1093	0.375000000
1094	0.458333333
1095	0.479166666
389	0.020833333
390	0.062500000
1096	0.312500000
391	0.020833333
392	0.166666666
393	0.479166666
395	0.208333333
396	0.208333333
397	0.458333333
398	0.229166666
399	0.291666666
400	0.083333333
401	0.083333333
402	0.270833333
403	0.166666666
404	0.041666666
405	0.291666666
1097	0.333333333
1098	0.250000000
406	0.166666666
1099	0.458333333
407	0.208333333
408	0.250000000
409	0.020833333
1100	0.479166666
1101	0.125000000
410	0.354166666
411	0.041666666
412	0.083333333
413	0.020833333
1102	0.166666666
414	0.020833333
1103	0.479166666
415	0.270833333
1104	0.458333333
1105	0.458333333
416	0.083333333
417	0.083333333
418	0.270833333
419	0.270833333
420	0.041666666
421	0.208333333
422	0.291666666
423	0.395833333
1106	0.458333333
424	0.020833333
425	0.125000000
1107	0.416666666
426	0.020833333
427	0.145833333
428	0.104166666
429	0.208333333
430	0.020833333
431	0.083333333
432	0.145833333
433	0.020833333
1108	0.166666666
1109	0.166666666
1110	0.291666666
434	0.354166666
1111	0.208333333
435	0.083333333
436	0.333333333
437	0.416666666
438	0.083333333
439	0.229166666
1112	0.458333333
440	0.416666666
1113	0.250000000
441	0.020833333
1114	0.166666666
1115	0.125000000
1116	0.458333333
442	0.250000000
443	0.208333333
444	0.208333333
445	0.479166666
1117	0.437500000
1118	0.458333333
1119	0.479166666
1120	0.479166666
1121	0.479166666
446	0.354166666
1122	0.145833333
1123	0.270833333
1124	0.458333333
447	0.083333333
448	0.104166666
449	0.041666666
1125	0.416666666
450	0.208333333
451	0.208333333
1126	0.479166666
452	0.020833333
1127	0.458333333
453	0.250000000
1128	0.166666666
454	0.354166666
455	0.187500000
456	0.250000000
457	0.104166666
1129	0.479166666
458	0.020833333
459	0.312500000
460	0.104166666
1130	0.229166666
461	0.250000000
1131	0.458333333
462	0.437500000
463	0.020833333
1132	0.166666666
1133	0.479166666
464	0.083333333
1134	0.479166666
465	0.187500000
466	0.416666666
467	0.104166666
468	0.437500000
1135	0.125000000
469	0.083333333
470	0.083333333
1136	0.479166666
471	0.145833333
472	0.104166666
473	0.270833333
474	0.083333333
475	0.125000000
476	0.020833333
477	0.437500000
478	0.416666666
479	0.250000000
1137	0.208333333
480	0.187500000
481	0.270833333
482	0.395833333
1138	0.166666666
483	0.187500000
484	0.437500000
485	0.083333333
1139	0.416666666
486	0.041666666
487	0.333333333
488	0.041666666
1140	0.479166666
1141	0.166666666
489	0.020833333
490	0.083333333
1142	0.166666666
1143	0.375000000
1144	0.479166666
1145	0.145833333
1172	0.250000000
491	0.083333333
492	0.125000000
1146	0.479166666
1147	0.479166666
493	0.187500000
1148	0.479166666
494	0.083333333
495	0.125000000
496	0.437500000
497	0.041666666
498	0.041666666
499	0.041666666
1149	0.479166666
500	0.416666666
1150	0.479166666
501	0.145833333
502	0.041666666
503	0.145833333
504	0.166666666
1151	0.166666666
505	0.416666666
506	0.125000000
1152	0.479166666
507	0.416666666
1153	0.458333333
508	0.187500000
509	0.020833333
510	0.333333333
511	0.020833333
1154	0.166666666
512	0.083333333
513	0.166666666
514	0.187500000
515	0.458333333
516	0.270833333
1155	0.458333333
517	0.083333333
1156	0.458333333
518	0.020833333
1157	0.166666666
519	0.270833333
520	0.208333333
521	0.020833333
522	0.229166666
1158	0.395833333
523	0.041666666
524	0.125000000
1159	0.479166666
525	0.229166666
526	0.083333333
527	0.020833333
528	0.041666666
529	0.250000000
530	0.020833333
1160	0.479166666
531	0.083333333
1161	0.458333333
1162	0.166666666
532	0.437500000
533	0.354166666
534	0.083333333
1163	0.458333333
1164	0.229166666
535	0.020833333
536	0.416666666
537	0.479166666
1173	0.479166666
538	0.354166666
539	0.208333333
1174	0.375000000
1175	0.479166666
1176	0.166666666
1177	0.479166666
1178	0.104166666
1179	0.166666666
1180	0.479166666
1181	0.479166666
540	0.166666666
1182	0.479166666
541	0.041666666
1183	0.250000000
542	0.354166666
543	0.375000000
1184	0.458333333
1185	0.166666666
1186	0.458333333
1187	0.250000000
1188	0.416666666
544	0.020833333
545	0.020833333
1189	0.166666666
546	0.083333333
547	0.020833333
548	0.333333333
549	0.395833333
1190	0.333333333
550	0.062500000
1191	0.395833333
551	0.041666666
552	0.062500000
553	0.083333333
554	0.083333333
555	0.020833333
556	0.083333333
1192	0.479166666
557	0.020833333
1193	0.375000000
558	0.104166666
559	0.083333333
1194	0.479166666
560	0.458333333
1195	0.166666666
561	0.020833333
562	0.083333333
563	0.020833333
1196	0.166666666
564	0.145833333
565	0.187500000
566	0.125000000
1197	0.395833333
567	0.375000000
568	0.250000000
1198	0.479166666
569	0.208333333
570	0.187500000
1199	0.479166666
1200	0.395833333
1201	0.479166666
571	0.395833333
572	0.291666666
573	0.437500000
574	0.083333333
575	0.416666666
576	0.062500000
577	0.104166666
578	0.083333333
579	0.104166666
580	0.229166666
581	0.208333333
582	0.125000000
1202	0.479166666
583	0.416666666
584	0.187500000
585	0.020833333
586	0.125000000
587	0.333333333
588	0.395833333
1203	0.479166666
589	0.208333333
590	0.062500000
591	0.020833333
592	0.145833333
593	0.020833333
594	0.020833333
595	0.020833333
596	0.083333333
1204	0.187500000
1205	0.479166666
597	0.020833333
598	0.062500000
1206	0.479166666
599	0.187500000
1207	0.166666666
600	0.125000000
601	0.145833333
602	0.229166666
603	0.104166666
604	0.208333333
605	0.020833333
606	0.104166666
607	0.041666666
608	0.041666666
609	0.166666666
610	0.312500000
611	0.020833333
612	0.020833333
613	0.083333333
614	0.333333333
615	0.083333333
1208	0.145833333
616	0.062500000
1209	0.479166666
617	0.020833333
618	0.041666666
619	0.416666666
620	0.020833333
621	0.187500000
1210	0.479166666
622	0.145833333
1211	0.458333333
1212	0.312500000
1213	0.145833333
623	0.083333333
624	0.062500000
1214	0.437500000
1215	0.479166666
1216	0.354166666
625	0.416666666
626	0.020833333
627	0.062500000
628	0.312500000
1217	0.166666666
629	0.354166666
630	0.208333333
1218	0.416666666
631	0.312500000
632	0.208333333
633	0.166666666
634	0.083333333
635	0.104166666
1219	0.479166666
636	0.020833333
637	0.020833333
1220	0.479166666
638	0.020833333
639	0.083333333
640	0.208333333
641	0.187500000
642	0.083333333
1221	0.437500000
1222	0.416666666
1223	0.291666666
643	0.145833333
1224	0.479166666
1225	0.479166666
1226	0.479166666
644	0.083333333
1227	0.166666666
645	0.041666666
646	0.145833333
647	0.104166666
1228	0.479166666
1229	0.479166666
648	0.354166666
649	0.229166666
1230	0.166666666
650	0.395833333
651	0.437500000
652	0.291666666
1231	0.375000000
1232	0.479166666
653	0.041666666
1233	0.479166666
1234	0.437500000
654	0.166666666
1235	0.479166666
1236	0.104166666
655	0.062500000
656	0.020833333
1237	0.166666666
657	0.291666666
658	0.229166666
1238	0.083333333
659	0.104166666
660	0.125000000
661	0.333333333
662	0.354166666
663	0.041666666
664	0.333333333
1239	0.479166666
665	0.250000000
666	0.104166666
667	0.208333333
1240	0.270833333
1241	0.395833333
668	0.104166666
669	0.229166666
670	0.125000000
1242	0.479166666
671	0.020833333
672	0.020833333
673	0.083333333
674	0.395833333
1243	0.479166666
675	0.020833333
676	0.145833333
1244	0.458333333
1245	0.166666666
1246	0.375000000
1247	0.458333333
1248	0.458333333
677	0.041666666
678	0.083333333
1249	0.437500000
679	0.187500000
680	0.187500000
681	0.020833333
682	0.416666666
683	0.208333333
1250	0.479166666
1251	0.458333333
1252	0.479166666
1253	0.291666666
1254	0.062500000
684	0.020833333
685	0.104166666
686	0.229166666
687	0.208333333
688	0.375000000
689	0.354166666
690	0.020833333
1255	0.416666666
691	0.479166666
692	0.083333333
693	0.062500000
1256	0.458333333
1257	0.437500000
694	0.020833333
1258	0.479166666
1259	0.375000000
1260	0.479166666
695	0.208333333
696	0.208333333
1261	0.395833333
1262	0.479166666
1263	0.479166666
697	0.020833333
698	0.020833333
699	0.145833333
700	0.020833333
701	0.020833333
702	0.145833333
703	0.020833333
704	0.187500000
705	0.020833333
1264	0.479166666
1265	0.270833333
706	0.375000000
707	0.083333333
708	0.020833333
709	0.187500000
1266	0.458333333
710	0.145833333
1267	0.166666666
1268	0.395833333
1269	0.437500000
711	0.145833333
712	0.145833333
1270	0.166666666
713	0.020833333
714	0.291666666
715	0.062500000
716	0.208333333
1271	0.479166666
717	0.437500000
1272	0.479166666
718	0.062500000
1273	0.479166666
719	0.166666666
1274	0.270833333
720	0.354166666
721	0.125000000
1275	0.416666666
722	0.041666666
723	0.354166666
724	0.250000000
725	0.250000000
726	0.250000000
727	0.166666666
728	0.166666666
729	0.229166666
1276	0.479166666
1277	0.437500000
730	0.291666666
1278	0.458333333
731	0.437500000
1279	0.166666666
1280	0.479166666
732	0.270833333
733	0.104166666
1281	0.479166666
734	0.062500000
1282	0.479166666
735	0.229166666
1283	0.416666666
736	0.062500000
1284	0.479166666
737	0.270833333
1285	0.479166666
1286	0.437500000
1287	0.250000000
1288	0.479166666
738	0.166666666
739	0.104166666
1289	0.479166666
740	0.395833333
741	0.229166666
1290	0.479166666
742	0.208333333
1291	0.187500000
1292	0.479166666
1293	0.458333333
1294	0.458333333
743	0.354166666
744	0.083333333
1295	0.458333333
1296	0.416666666
745	0.416666666
1297	0.479166666
1298	0.479166666
746	0.250000000
747	0.083333333
1299	0.479166666
748	0.333333333
1300	0.437500000
1301	0.437500000
749	0.020833333
750	0.333333333
751	0.312500000
752	0.250000000
753	0.354166666
754	0.083333333
1302	0.479166666
755	0.083333333
756	0.187500000
757	0.208333333
758	0.083333333
1303	0.479166666
759	0.291666666
1304	0.187500000
760	0.437500000
761	0.229166666
762	0.083333333
1305	0.458333333
763	0.041666666
1306	0.437500000
764	0.020833333
765	0.062500000
766	0.125000000
767	0.041666666
1307	0.479166666
1308	0.041666666
768	0.333333333
769	0.020833333
770	0.229166666
771	0.312500000
1309	0.229166666
772	0.062500000
773	0.083333333
1310	0.437500000
774	0.041666666
1311	0.479166666
1312	0.229166666
775	0.083333333
1313	0.041666666
776	0.020833333
777	0.041666666
1314	0.729166666
1315	0.166666666
1316	0.479166666
778	0.354166666
779	0.041666666
780	0.208333333
781	0.104166666
782	0.020833333
783	0.020833333
784	0.166666666
1317	0.458333333
785	0.083333333
786	0.020833333
787	0.416666666
1318	0.333333333
788	0.333333333
1319	0.395833333
789	0.020833333
1320	0.166666666
1321	0.479166666
790	0.395833333
791	0.437500000
792	0.437500000
1322	0.479166666
793	0.187500000
794	0.083333333
1323	0.270833333
795	0.104166666
796	0.166666666
1324	0.166666666
797	0.187500000
798	0.020833333
799	0.145833333
800	0.458333333
801	0.187500000
802	0.062500000
803	0.083333333
804	0.083333333
1325	0.333333333
805	0.083333333
1326	0.458333333
806	0.145833333
807	0.083333333
1327	0.479166666
808	0.375000000
1328	0.479166666
809	0.416666666
810	0.166666666
811	0.083333333
1329	0.166666666
812	0.333333333
1330	0.187500000
813	0.375000000
814	0.145833333
1331	0.437500000
1332	0.437500000
1333	0.437500000
815	0.291666666
816	0.020833333
817	0.187500000
818	0.020833333
819	0.291666666
1334	0.479166666
1335	0.458333333
820	0.416666666
1336	0.166666666
1337	0.479166666
821	0.083333333
1338	0.479166666
822	0.208333333
1339	0.145833333
1340	0.166666666
1341	0.437500000
823	0.104166666
824	0.020833333
825	0.104166666
1342	0.479166666
1343	0.479166666
1344	0.166666666
826	0.333333333
827	0.041666666
1345	0.437500000
828	0.020833333
829	0.083333333
1346	0.479166666
830	0.145833333
1347	0.208333333
831	0.333333333
1348	0.458333333
1349	0.312500000
1350	0.270833333
832	0.229166666
833	0.250000000
834	0.145833333
835	0.083333333
836	0.145833333
1351	0.479166666
1352	0.479166666
1353	0.479166666
1354	0.458333333
837	0.083333333
838	0.083333333
839	0.208333333
840	0.229166666
841	0.020833333
1355	0.479166666
842	0.041666666
1356	0.437500000
843	0.375000000
844	0.062500000
845	0.062500000
846	0.041666666
847	0.020833333
1357	0.270833333
848	0.437500000
849	0.333333333
1358	0.437500000
850	0.062500000
851	0.312500000
1359	0.479166666
852	0.083333333
1360	0.458333333
853	0.416666666
1361	0.479166666
854	0.083333333
855	0.062500000
1362	0.208333333
856	0.020833333
1363	0.437500000
1364	0.416666666
857	0.041666666
858	0.208333333
859	0.416666666
860	0.270833333
861	0.083333333
862	0.020833333
1365	0.458333333
1366	0.479166666
1367	0.270833333
1368	0.479166666
863	0.020833333
864	0.020833333
1369	0.416666666
1370	0.354166666
865	0.041666666
866	0.187500000
867	0.062500000
1371	0.416666666
1372	0.270833333
868	0.020833333
869	0.145833333
870	0.083333333
1373	0.458333333
1374	0.437500000
871	0.020833333
1375	0.479166666
872	0.083333333
1376	0.479166666
873	0.083333333
874	0.229166666
1377	0.458333333
875	0.166666666
876	0.354166666
877	0.208333333
878	0.145833333
879	0.270833333
880	0.354166666
881	0.375000000
1378	0.166666666
1379	0.479166666
882	0.041666666
1380	0.416666666
1381	0.416666666
1382	0.375000000
1383	0.229166666
1384	0.479166666
883	0.333333333
1385	0.166666666
1386	0.166666666
884	0.083333333
885	0.375000000
886	0.229166666
1387	0.375000000
1388	0.479166666
1389	0.458333333
887	0.312500000
1390	0.458333333
888	0.145833333
1391	0.458333333
1392	0.145833333
889	0.125000000
1393	0.166666666
1394	0.166666666
890	0.208333333
891	0.083333333
892	0.208333333
1395	0.479166666
893	0.187500000
894	0.083333333
1396	0.437500000
895	0.083333333
1397	0.458333333
896	0.083333333
897	0.041666666
