1330349	374
1330349	2327
2449137	294
389345	1755
3017314	3109
835068	272
835068	1481
835068	1487
3037722	379
3037722	381
3037722	1068
3037722	1482
994081	2406
2902588	371
2921674	2664
2921674	2673
2921674	2676
2921674	2684
3084439	1751
2023199	696
2023199	723
2042621	2594
2042621	2595
1390223	2365
1390223	2366
2176257	2783
2907313	2306
2907313	3145
2854711	525
2854711	535
281578	1724
1614437	1985
1614437	1987
1139533	2500
3017968	2028
3017968	2038
3059703	1729
1225897	1301
1225897	1317
1225897	1773
1225897	1778
1225897	1783
1225897	2012
1225897	2737
1225897	2749
1225897	2759
2133633	2542
2934574	1831
2934574	2040
2934574	3050
2934574	3057
2934574	3074
3065102	901
3065102	905
1027442	1917
1027442	1920
1027442	2575
1027442	2582
1027442	2612
1027442	2779
1315530	2352
2280842	1864
2280842	1875
1557770	1662
3001529	404
3001529	2486
3110140	2584
3110140	2586
3110140	2587
3110140	3069
3110140	3071
3110140	3083
1739694	968
1739694	970
1739694	1473
1739694	2955
1739694	2964
3039631	2369
3039631	2389
1699848	1535
462593	920
462593	924
2631421	893
3013981	875
3013981	2198
2959608	944
2959608	1097
2959608	1099
2959608	1106
2959608	1157
2959608	1173
2959608	1175
2959608	1179
2959608	1210
2959608	1777
2959608	2747
1668346	1981
3020565	2014
2774863	1013
2774863	1894
2358953	1907
1889002	215
1889002	1900
2537093	1550
1240445	2373
1240445	2378
2965709	758
2965709	776
2965709	784
2965709	793
3007846	1979
3007846	1980
3007846	1982
2405162	1830
2889081	2197
2953289	977
2048589	2635
2048589	2636
2641562	1568
2641562	1569
2976936	233
2976936	237
2976936	247
2976936	252
2976936	282
2976936	283
2976936	305
2976936	311
2976936	315
2976936	321
2976936	330
2976936	335
2976936	340
2976936	344
2976936	347
2976936	351
2976936	352
2976936	361
2976936	368
2976936	373
2976936	377
2976936	514
2976936	954
2976936	956
2976936	1018
2976936	1454
2712974	220
2712974	258
2712974	265
2712974	273
2712974	285
2712974	288
2712974	309
2712974	310
2712974	313
2712974	319
2712974	324
2712974	325
2712974	329
2712974	409
2712974	415
2712974	1507
2712974	1529
2712974	1882
2712974	1892
2712974	2852
2712974	2858
2712974	2860
2712974	2889
2712974	2890
2712974	2893
2932439	990
2932439	997
2981393	1123
162781	773
162781	781
162781	788
3033270	589
3033270	592
2964258	142
2964258	169
2964258	1841
2964258	1842
1261445	1496
1261445	1504
3031958	280
3031958	286
3031958	365
3031958	367
3031958	369
3031958	370
3031958	1034
3031958	1038
3031958	1088
2729954	99
2729954	130
2729954	154
2729954	357
2729954	363
2729954	842
2075917	1549
2075917	1551
784657	2078
784657	2376
784657	2377
784657	2922
1851947	1098
373588	2620
2432981	692
2000184	2441
2000184	2447
2173909	3128
1757050	884
1757050	894
2476566	1089
2476566	2608
2476566	2609
2068617	2701
2068617	2704
1401464	998
1401464	1002
1401464	1005
1401464	1006
1401464	1009
1401464	1012
1401464	1015
1401464	1019
1401464	1027
1401464	1174
1401464	1181
1401464	1348
1401464	1593
1401464	1832
1401464	2237
2869814	1413
2869814	1415
2869814	1483
2948447	1463
2844164	2883
2992526	2534
2992526	3055
2992526	3059
3023783	559
3023783	561
3023783	563
3023783	571
3023783	579
3023783	585
3023783	1577
2865386	1299
2941772	819
2941772	837
2941772	1351
2494656	257
2494656	275
2494656	276
2494656	279
2494656	1057
2422739	3097
1716358	2343
1716358	2348
2823999	1949
2823999	2708
2614594	2430
2614594	2443
202080	1780
2068031	552
2068031	555
2068031	564
2908085	2874
452047	108
452047	993
452047	995
452047	1291
392274	1594
392274	1835
392274	2357
2714983	2577
1442424	70
1442424	75
1442424	225
1736144	2110
1736144	2484
1736144	2487
1736144	2491
1714530	1505
1714530	1506
2835567	2325
2935236	73
2935236	74
2935236	78
2935236	83
2935236	88
2935236	2435
1923146	1682
1696301	780
1696301	803
1696301	1601
281839	44
281839	2847
281839	2848
1055537	986
1055537	989
1765258	1760
1765258	1765
1765258	2596
2978926	926
2978926	1405
768425	566
768425	572
768425	603
24971	1474
24971	1477
3040768	1396
3040768	2553
3040768	2714
1100460	1641
1129992	2066
1129992	2086
1487067	1531
1487067	1533
1487067	1733
1487067	2316
1271173	3095
1271173	3119
2939743	430
2973761	2102
2973761	2103
1829675	745
2067419	17
2067419	18
2067419	19
2067419	245
1745824	2663
1745824	2666
1011859	1350
1011859	1361
1234998	735
1234998	736
259264	25
259264	2974
259264	2995
2648556	1092
2648556	3075
2648556	3080
2963997	2541
2963997	2544
2963997	2547
2953199	886
2953199	890
2953199	895
127328	1719
127328	1720
3002023	1411
3002023	1425
3037382	1874
3037382	1878
2080302	862
2080302	1888
2684282	805
1540820	1635
1540820	1653
1540820	2405
2697348	2913
2697348	2914
2697348	2917
3009044	1822
3009044	1826
2587299	1476
2587299	1879
3044739	2124
3044739	2130
3073459	2111
3000689	570
3000689	577
3000689	580
3045045	925
2065135	838
1802432	3204
2874847	489
2874847	499
2874847	503
2874847	686
2874847	687
2874847	694
2874847	698
2874847	2080
2874847	3003
2483572	2339
2136376	859
2136376	2407
2136376	2410
2136376	3134
2136376	3138
2715564	3056
1756502	2432
1756502	2436
2363402	1685
3024673	863
3024673	868
3024673	869
3024673	872
2016154	916
2898370	882
2898370	892
3049856	617
3049856	638
1967747	1667
1967747	1744
1967747	1750
1967747	2394
1525552	198
1525552	204
3045486	1969
3045486	2073
1587682	963
2018313	1226
2018313	1558
1306548	2786
1306548	2788
2546288	2222
2546288	2227
2574207	26
2574207	56
2645978	150
83325	2993
750883	2475
750883	2479
750883	3022
750883	3036
2341851	1316
2341851	1328
2822774	2866
422904	2521
3009068	1091
1917772	358
1917772	364
2934605	732
2934605	741
540603	1096
540603	1129
540603	1625
540603	1992
540603	1996
540603	2010
540603	2481
540603	2483
540603	2512
2997811	1172
2997811	1262
2722604	3151
390350	241
390350	246
390350	251
390350	558
390350	569
147121	1298
147121	1310
147121	1320
147121	1321
1940305	931
1940305	943
1940305	1421
1940305	1896
1940305	2772
1940305	2780
1914214	400
1914214	406
1914214	420
1914214	444
1571429	1
1571429	2
1571429	23
1571429	529
1571429	536
1571429	542
1571429	546
1571429	602
1571429	2215
3067781	1056
3067781	1058
3019356	534
1662294	90
1662294	91
1662294	127
1662294	131
1662294	2228
1662294	2767
1662294	2770
894949	2613
894949	2615
894949	2677
2971261	2201
2448765	1959
2534572	2576
2534572	2611
2534572	2617
1471349	3065
1471349	3067
2464729	543
2464729	2665
1217335	2875
1405874	2555
1405874	2559
2993369	3037
2928857	349
3066617	992
3066617	1003
3063226	881
3063226	1152
3063226	1154
3063226	1159
3063226	1163
3063226	1166
3052350	814
3052350	830
3052350	834
2687706	462
2687706	464
2687706	467
2687706	582
2687706	586
2687706	615
2687706	624
2687706	1671
2687706	1675
2687706	1703
2687706	2411
2790078	491
2790078	659
2922430	533
3103043	2341
3103043	2344
3103043	2347
3103043	2431
3103043	2434
3009795	844
1318299	1143
1598439	2863
3058512	2157
3058512	2168
646893	187
646893	189
2063709	410
1868733	2843
2029231	2602
2496771	2810
2496771	2812
2108403	2263
286796	1231
1985411	495
3081640	2353
3081640	2355
3081640	2659
2107725	3
2107725	4
2107725	1380
2107725	1387
2863491	3081
2863491	3082
3023887	163
3023887	164
2880089	2169
2880089	2173
2891014	1001
2891014	1007
2940357	2687
2940357	2715
2412944	2399
2412944	2426
295323	609
295323	616
295323	621
295323	623
295323	1247
295323	1255
295323	1394
295323	2119
295323	2122
295323	3164
295323	3171
295323	3172
295323	3178
759233	156
659386	1486
659386	1488
1615244	1213
2991612	1791
2991612	1793
2991612	1796
2991612	1797
2991612	1798
2991612	1800
2991612	1801
2991612	1803
2991612	2043
1649643	1697
1649643	1700
1649643	1701
2141732	1940
2611712	388
2611712	393
2611712	401
2611712	411
2611712	413
2611712	414
2611712	416
2611712	878
2611712	1141
2376545	2850
884388	1347
884388	3099
2231480	1563
2231480	1567
3008356	833
2258802	1054
1790458	2081
1790458	2083
2247182	2655
2085305	2854
2085305	3039
2814197	214
2814197	218
2814197	223
2814197	376
2814197	407
154990	2699
2061239	1447
2061239	1458
1283123	3005
1338915	2307
2983796	2572
34093	114
3111200	2623
1379796	2022
1379796	2029
1379796	2183
1379796	2189
1379796	2199
1379796	2345
3100239	2513
3100239	2517
1443668	301
3008103	903
3008103	908
3008103	3185
465645	2220
465645	2226
465645	2231
2961460	2117
429791	1855
429791	1866
429791	2058
1708129	141
1708129	170
2650894	1823
2650894	1825
2650894	1827
2042407	2419
2220151	662
2220151	670
2220151	681
1308156	2271
1308156	2276
1308156	2280
2435996	2233
2435996	2236
1108925	2176
1915331	2671
1915331	2674
565803	2287
565803	2288
565803	2289
565803	2291
565803	2292
565803	3150
565803	3179
565803	3181
565803	3184
369227	1725
2653130	1802
2981342	763
2981342	767
2981342	778
2955242	1374
3046678	2693
2701942	314
2701942	326
2701942	328
2701942	331
1234126	2154
1234126	2225
2478578	3152
2284286	2675
3071835	1217
3071835	1229
3071835	2008
731985	337
731985	339
731985	424
731985	431
731985	2801
3084835	1806
122781	1039
122781	1327
122781	1337
1223555	2985
1223555	3000
1223555	3006
2846307	2533
2846307	2537
734564	1453
734564	1461
2656455	1177
22809	2754
22809	2757
1789196	935
1602363	2589
1602363	2604
1602363	2606
1602363	3008
2721771	1911
2721771	1915
2721771	1919
2721771	1926
2721771	1928
2721771	1954
2721771	2453
2721771	2458
2721771	2462
2721771	2469
2996611	1046
2770790	504
2770790	508
2755744	1419
2755744	1420
1239020	95
1239020	1349
1239020	1353
2901197	874
2714082	1472
2714082	1478
3024592	1845
3024592	1848
3024592	1852
2711536	1311
2711536	1696
2711536	1704
2605423	2864
2663484	2739
2695422	1035
2695422	1053
2471554	422
2471554	425
2471554	428
2471554	433
2502337	2539
2097299	6
2097299	129
2097299	3194
1816907	505
1816907	510
3050070	2249
1377765	750
3038092	2809
3012479	2509
3012479	2524
2658811	2540
3041911	815
3041911	827
3041911	1273
3041911	1288
2349735	2000
2349735	2001
2349735	2033
2950280	1137
2950280	1140
2950280	2954
1970676	2334
2493037	2564
2493037	2573
3070579	2272
3070579	2342
2187189	1434
2187189	1440
2187189	1480
626438	465
626438	612
626438	1116
626438	1889
626438	2351
626438	2374
626438	2519
626438	2903
626438	2907
2374456	2009
2919430	60
3067589	1964
1955716	1502
1955716	1759
2191912	1689
611532	96
1393213	3079
1393213	3084
1393213	3086
1393213	3088
3039979	771
3039979	1398
2387719	478
2387719	481
278065	2304
278065	2567
278065	2568
401463	1836
401463	1880
401463	1885
2652857	2105
2652857	2114
2543429	1503
2959275	387
3005839	1560
3005839	1562
2623281	1516
515918	2396
515918	2417
515918	2418
1405314	2309
2801549	524
2801549	526
2801549	527
2801549	548
2801549	1683
2801549	1687
2801549	1688
2999360	528
1858491	1650
1858491	1658
1858491	2694
408597	1305
1998176	2454
1998176	2459
1998176	2463
2620730	1647
2620730	1649
2475268	1061
2475268	1064
1021573	640
1021573	646
1021573	668
1021573	1100
1021573	1105
1021573	1540
1021573	1547
2937746	2831
1847539	2751
413098	1253
1669743	1884
1669743	1891
2760561	1459
2760561	1469
3012667	3024
3012667	3028
2494762	1282
2494762	1364
2950002	1994
2950002	1998
2957015	274
2957015	284
2957015	292
2690841	1400
1612147	35
2584737	1665
2584737	1666
2584737	1669
2584737	1670
2584737	1674
2584737	1680
2584737	1684
2584737	1690
2584737	1711
2584737	1717
2584737	2471
2584737	2472
1985733	1455
1985733	1460
2772891	2158
3010779	697
3010779	713
3010779	933
3010779	946
3010779	2592
3051968	1648
696717	1770
696717	1771
2438997	429
2438997	432
2438997	437
2438997	438
2452132	82
2452132	107
2452132	110
2452132	116
2452132	125
2452132	137
2452132	143
2452132	147
2452132	676
2452132	1449
2452132	1451
2452132	1452
2452132	2069
2452132	2138
2101457	2818
3037686	879
3037686	883
3037686	887
870381	1839
870381	1856
1381745	2181
1381745	2186
2984155	1085
3040358	81
3040358	84
3040358	86
3040358	87
1578611	158
1578611	165
2085900	753
2085900	759
2085900	765
2049912	2026
3000354	2802
2577482	2899
2577482	2901
2234125	3023
2234125	3027
2880340	1591
2880340	1693
2880340	2550
2488724	2042
2488724	2044
2488724	2495
2488724	2496
2471079	2116
2707877	1564
2890062	1399
241966	679
2185745	1544
2185745	1606
2928795	2528
2928795	2536
2182945	1148
2387114	372
2699862	1212
2699862	1433
2114296	1942
2114296	1946
2114296	2619
1926626	3193
2569922	682
2382425	1202
3049481	1903
3049481	1906
3049481	1927
1883862	2151
1883862	2152
1883862	2153
1883862	2164
2317432	5
2317432	7
2317432	343
2317432	346
2317432	366
2317432	832
2317432	1114
2317432	1122
2317432	2769
3040712	1352
2936097	2743
2936097	2746
81840	588
2838254	950
2838254	953
2531768	33
2531768	62
2499687	440
2499687	1565
2915832	3101
2925948	2400
2836119	2735
2705081	1232
2705081	1240
2705081	1277
1785603	39
2068914	567
1731547	2579
1731547	2581
2248145	622
2248145	632
2248145	1763
2881702	291
2881702	308
2872285	461
2872285	1312
2872285	2758
2951742	614
66915	1761
846567	766
2503192	1375
2503192	1378
2503192	2097
2503192	2112
2440757	21
2440757	22
2440757	24
2440757	146
2440757	162
2440757	184
2547678	789
2547678	1668
587850	2318
587850	2319
2316382	937
2316382	941
2630366	1124
2630366	1127
2630366	1160
2630366	1161
2630366	1162
2630366	1165
2747334	1220
2608318	132
2608318	493
2608318	619
2608318	957
2608318	1186
2608318	2217
457897	904
457897	906
457897	907
457897	2951
2246497	1559
2767143	479
2767143	486
2536883	1628
2701441	3011
2701441	3019
2701441	3032
2701441	3042
2701441	3048
2701441	3073
1938103	2740
1371378	1479
3122518	3025
1863103	31
1863103	703
1863103	757
1863103	777
1863103	828
2402136	3129
2402136	3139
2402136	3141
2909481	2988
2909481	2991
327922	2470
327922	2511
327922	2552
327922	2721
2874919	791
2874919	796
2874919	798
2874919	1149
1602013	2686
1602013	2688
2689523	1004
2689523	1010
2387620	2336
2387620	2375
2387620	2381
2387620	2388
2387620	2879
114810	389
867976	870
867976	873
867976	2785
3014303	2214
3014303	2729
3014303	2939
3014303	2945
246372	350
246372	354
2957091	1385
2957091	1490
2957091	1495
2957091	1501
15683	384
364947	1782
364947	1792
300632	378
300632	1041
300632	1051
300632	1491
300632	1494
300632	2862
2895910	1367
2895910	1371
2895910	1377
966070	1323
966070	1334
966070	2798
966070	2805
1942077	266
1942077	267
2973570	2919
2973570	2923
1288090	2501
1288090	2507
2933027	287
2933027	297
2933027	3192
1174464	1063
1174464	1067
1174464	1383
1174464	1389
2886168	473
2407767	2382
2407767	2385
935811	847
935811	848
935811	932
935811	934
935811	2768
935811	3045
935811	3169
1317871	3125
1317871	3146
1299535	2238
1299535	2241
1299535	2245
753698	2881
753698	2894
2921857	2258
2329151	2247
2329151	2250
2329151	2368
2329151	2583
2867637	610
2867637	667
2867637	672
2867637	712
2867637	860
2867637	861
2867637	1611
2867637	2121
2867637	2367
2867637	2371
2867637	2505
2867637	2514
789924	936
789924	939
789924	945
789924	2358
789924	2363
895089	2730
895089	2732
1873258	1410
1873258	1414
2220232	1313
2220232	1314
2220232	1315
2220232	1318
2220232	1319
2866956	2444
2866956	2451
2974028	2937
2974028	2949
2705753	2064
2705753	2335
2708708	1417
2708708	2711
2722983	2147
2722983	2149
2716582	2305
2716582	2308
2716582	2310
2716582	2313
2716582	2315
2716582	2320
2716582	2323
2716582	2328
2716582	2329
2716582	2331
2716582	2332
2716582	2869
2716582	3196
2716582	3197
2628465	2775
395432	2211
395432	2212
815138	1272
2691641	101
2691641	104
2691641	111
2691641	112
2691641	117
2691641	118
3038190	1244
1756140	2361
2430532	2640
3000644	783
2108932	1965
1071141	1263
2704355	1197
2149330	2733
2149330	2736
1944358	459
1754098	1910
1754098	1916
1754098	3149
3043866	1781
3043866	1788
291284	1023
291284	1028
88164	2107
3025337	1794
3025337	1804
1834967	940
1834967	949
1834967	951
1834967	961
1834967	2268
1834967	2270
1834967	2274
1834967	2282
2857192	2440
2857192	2445
2857192	2449
2857192	2452
2407944	1424
2407944	1427
2407944	1429
2105030	2799
1107679	1608
2874108	1145
3069301	1115
2915118	1746
2751902	345
2751902	348
2751902	356
510066	2261
2983314	2870
2983314	2886
2672627	136
2672627	139
2672627	144
2672627	689
21589	38
21589	1225
1859852	1716
2803043	2234
2803043	2240
2986658	1640
2986658	1654
2986658	1676
2949136	1712
3058130	808
3058130	818
2953120	1876
2953120	1886
650886	651
650886	1636
2136889	2085
2136889	2090
2136889	2100
2366023	2898
2366023	2906
2446928	2938
3051662	34
3051662	50
3051662	61
1465915	2295
1099579	2641
1099579	2642
1099579	2646
1099579	2647
2494539	1833
1144895	2966
1144895	2967
2982638	2912
2982638	2915
2982638	2918
2982638	2921
3041546	2690
3041546	2710
3041546	2723
2077766	806
2077766	810
2719597	1627
2719597	1631
2719597	1634
2719597	1637
2451473	1251
2451473	3115
2224412	3031
2224412	3038
2364005	523
965182	2101
965182	2109
965182	2523
2227481	1062
2937185	973
961320	1652
961320	1657
1489222	807
1489222	820
1701853	2696
1701853	2703
2594774	625
2594774	633
508104	2927
508104	2929
508104	2934
508104	3076
508104	3077
508104	3078
3053323	2290
3053323	2293
3053323	2300
681470	2712
681470	2716
2944004	2067
1823742	1923
1823742	1929
1823742	3206
2449661	3040
2653370	1809
2653370	1810
2653370	1813
1748709	97
1748709	1167
1748709	1169
1748709	3118
2982176	2814
2982176	2817
2463534	821
2463534	823
2463534	824
2463534	826
882929	2931
882929	2933
2921634	11
2921634	317
2921634	323
2921634	386
2921634	509
2921634	537
2921634	545
2921634	598
2921634	717
2921634	728
2921634	1294
2921634	1538
2921634	1546
2921634	1706
2921634	2125
2921634	2330
2921634	2744
8128	2731
8128	2734
8128	2781
8128	2789
8128	3014
8128	3018
8128	3020
8128	3058
8128	3060
2344545	1799
2748134	865
2748134	1381
2748134	2162
2748134	2165
2862006	41
2862006	53
2862006	57
2862006	985
2862006	988
2862006	1030
2862006	3091
543439	3120
2514172	1214
2514172	1228
2889130	1235
2889130	2283
1765861	2349
1765861	2961
1765861	2965
2962965	2787
2818790	230
2996586	1357
2996586	2096
1341999	538
1341999	649
1341999	652
1341999	657
1341999	660
1341999	2136
1341999	2139
1341999	2172
1764995	1431
1764995	1435
1764995	1441
1764995	1442
2541672	900
3049225	1990
1184914	149
1184914	157
1695194	2771
1695194	2776
1695194	2857
1863786	2142
1934057	1300
2935154	3148
2935154	3153
2989978	2446
2989978	2450
2989978	2943
2989978	2944
2872318	47
2872318	1104
2872318	1109
2872318	1110
627293	203
627293	208
627293	210
627293	261
3035739	195
3035739	201
3035739	207
3035739	891
3035739	3188
3035739	3189
3035739	3198
2095793	1260
1535748	644
1535748	653
300974	435
300974	441
2893059	1518
2893059	1525
2436820	1795
2436820	1824
1831949	1681
2279141	1592
2279141	2048
3042996	126
1773551	2529
3036486	1774
2436939	2185
2436939	2196
1931796	3132
3084902	1699
2972624	1283
2972624	1286
2972624	1289
2972624	1359
2972624	1423
739991	2253
739991	3180
2695404	2277
2695404	2279
313915	1194
313915	2803
313915	2804
313915	2821
313915	2822
2119075	3090
3081715	2978
2682012	831
2682012	835
2108167	3191
2673643	1897
2974225	706
1746445	68
1746445	122
1746445	123
3081729	1571
3081729	1572
10755	1722
10755	1726
10755	1738
10755	1747
10755	1815
10755	1955
10755	1956
10755	2054
10755	2062
10755	2093
10755	2099
10755	2467
10755	2473
2225917	770
2225917	2631
2225917	2645
2225917	2648
2225917	2650
456591	2932
456591	3064
173851	1043
173851	1052
173851	1055
173851	1059
173851	1060
2949792	1155
2949792	1176
2949792	1178
2949792	1997
3061657	1673
3061657	2438
1826998	1643
2913240	3070
2913240	3072
2927094	3161
1655553	2896
3034900	1844
2898336	2774
1722357	2108
1722357	2115
1722357	2574
2255944	3103
2255944	3106
2255944	3110
2974497	942
2638008	1922
2638008	1925
2163711	103
2163711	113
497589	161
497589	167
497589	190
497589	1847
456585	2644
3010651	1660
3029571	655
3029571	661
3001562	922
3001562	928
18935	2827
18935	2953
717981	2597
2875711	49
2875711	51
2875711	55
1152260	2056
1152260	2683
523881	1552
2185374	171
2495078	145
1854178	889
1854178	896
1854178	897
1854178	902
3070571	1977
3001656	852
3001656	2055
3001656	2059
247712	1950
247712	2037
247712	2061
529748	2656
529748	2976
529748	2987
529748	3085
529748	3094
406435	1241
2012615	2782
3008240	1243
3008240	1246
2777391	3104
2777391	3130
2777391	3176
2777391	3199
2482564	1021
2482564	1024
2482564	1026
2482564	1029
2482564	1158
2562735	648
1337944	2219
1424448	1065
1424448	1066
2603441	2359
2603441	2362
1620220	1901
2352412	2032
1096189	1639
2959513	471
2959513	839
1410131	1142
1410131	1144
314766	1935
2343219	1457
2343219	2591
2343219	2593
633818	1090
633818	1108
633818	1117
633818	1121
633818	1208
633818	1597
633818	1605
2954562	480
2954562	482
2692273	540
2101019	1772
2101019	1785
3059220	1534
3059220	1536
3059220	1539
2653355	2391
2653355	2395
2653355	2455
2653355	2753
2653355	2996
2653355	3001
2686792	293
2686792	307
2825767	1404
2825767	2075
2825767	2224
2825767	2229
1687462	3111
1687462	3112
1687462	3113
1687462	3116
1687462	3117
1687462	3122
1687462	3123
1687462	3140
2979670	442
3057026	630
3057026	635
3057026	1276
3057026	1280
2964633	729
2964633	746
2964633	764
2964633	779
2964633	1297
2964633	2625
982079	1390
982079	1397
2368882	1168
1436622	2494
1163415	1189
1163415	1224
1163415	1329
1163415	1574
1128483	620
3025311	209
3025311	211
3025311	212
3025311	216
3025311	221
2131413	731
2131413	755
1962295	2356
3102116	2302
2985822	2030
2985822	2036
1449004	2200
1295785	2129
1302945	1854
1302945	1862
3035967	1287
3035967	1302
2258800	30
2258800	43
2258800	54
2258800	66
2258800	606
2258800	1850
2258800	1851
2258800	1859
2973341	1164
2973341	1170
2973341	1171
1938292	1651
1938292	1661
2620711	52
2708586	2909
2708586	2910
2177101	2275
2177101	2284
2177101	3187
2910538	2380
2910538	2401
2910538	2412
2910538	2420
2910538	2425
2910538	2456
2899900	1957
2322108	665
2322108	673
2523446	1016
2523446	1020
2523446	1025
2523446	1037
2523137	200
2523137	299
2523137	303
2523137	304
1843516	3143
718660	85
718660	92
718660	98
718660	100
718660	106
718660	1032
718660	1049
718660	2994
718660	2997
718660	2999
2169831	512
2169831	521
2169831	531
2169831	539
3042539	468
2569296	2077
684642	2841
1036273	2930
2566540	355
2566540	362
2566540	2859
2722996	487
2722996	488
2722996	490
2722996	658
2722996	2053
3023110	390
3023110	392
3023110	396
3023110	472
3023110	730
3023110	1120
3023110	1132
3023110	1180
3023110	2094
3023110	2126
3030956	2790
3030956	2796
2904204	1743
2904204	1749
2904204	1754
2922140	71
2922140	1296
2135105	2409
2135105	2414
2135105	2422
2135105	2727
358320	3063
3002924	2622
3002924	2624
2115380	1069
2115380	1072
3007384	1131
3007384	1150
2687458	3136
2687458	3147
2251579	948
3023028	1786
1379210	987
1379210	991
1379210	3089
2439021	1617
2439021	1619
3012701	1252
3012701	1281
2676917	2905
2965693	3098
1737248	263
1737248	271
1737248	829
1737248	853
1737248	1508
2211358	3033
2211358	3041
618540	1757
2927065	260
2927065	264
2927065	295
2927065	724
2927065	734
2927065	2610
2927065	2614
2927065	2849
2915758	639
1792239	2748
1792239	2750
1850332	1190
1850332	1191
2023725	2566
2023725	2569
2023725	2570
3005740	332
3005740	333
3005740	338
3005740	341
2020295	1249
2020295	1254
2020295	1257
1206212	813
1206212	816
497048	1338
497048	1343
497048	1346
1710849	183
13220	58
2722776	2259
3061226	2433
3061226	2437
3039837	2895
3039837	2926
2942341	1714
2976316	927
2976316	929
3115576	3013
3115576	3021
3067123	2800
3047408	1322
3047408	2150
3047408	2960
1543175	2166
2313942	1388
2313942	2005
2313942	2027
2776219	302
1991139	2303
2968137	532
2968137	917
2984556	2057
2984556	2060
2984556	2167
2984556	2364
1084966	2264
1084966	2265
1084966	2266
1084966	2267
1084966	2269
1863822	2131
1863822	2134
1863822	2273
1863822	2281
2145596	1983
2145596	1986
3024163	910
3024163	919
3024163	1204
3024163	1216
3039662	587
3039662	1215
2659680	631
2544621	1079
1406497	1978
2636400	2638
443021	296
2486060	160
2486060	168
2486060	173
2486060	181
2486060	185
2486060	186
2486060	191
2486060	1548
1786833	1519
1786833	1521
3113701	2911
3113701	2916
1006400	115
1006400	119
1006400	120
2977033	2468
2977033	2480
2977033	2485
245850	277
245850	278
3066051	971
3066051	975
1172278	2992
977144	2861
977144	2876
2712970	2742
368399	12
368399	1362
1969391	2084
3013080	2516
3013080	2957
3013080	2959
3013080	3165
3013080	3186
3072611	1857
3072611	1867
3072611	1869
3072611	1871
3072611	1873
3072611	1877
3072611	1883
3072611	1887
3072611	1898
3072611	1899
3072611	1904
3072611	1908
3072611	1912
3072611	1918
3072611	1921
3042725	327
3042725	342
3042725	1040
3042725	1042
3042725	1048
1316816	1509
1316816	1515
1266282	1147
3022671	2526
3022671	2531
2472306	1341
2203808	298
2203808	306
2203808	312
2203808	320
2203808	334
2203808	1542
2203808	1967
2086687	2819
5264	1989
1336873	2204
1336873	2206
3076843	1376
3076843	1407
3076843	1409
3076843	2132
3076843	2278
3002002	1939
2693408	29
2693408	32
2693408	45
2693408	59
2693408	3092
2693408	3096
1055849	3004
2794022	3051
2794022	3053
2794022	3068
2704428	451
2704428	452
2996371	2460
1857742	28
1047193	695
1047193	699
1047193	710
1047193	711
2170722	398
2170722	408
2170722	1077
2170722	1087
2770429	1573
2770429	1589
859379	2379
2185586	2773
2185586	2777
519417	795
519417	797
509929	226
2441863	2133
1292934	2128
2663435	1603
2663435	1604
1263303	636
1263303	641
1263303	647
1263303	654
253863	2813
253863	2815
253863	2816
915187	1306
2641754	749
2641754	761
2641754	762
2641754	1372
2641754	1393
1036526	1484
1036526	1485
709954	2243
709954	2246
2301274	477
2301274	485
2301274	1111
2301274	2651
2301274	2652
2301274	2766
1869719	1125
1869719	1135
1869719	1200
1780785	817
2733365	642
2733365	2047
2898992	2580
2898992	2590
1713563	2297
1713563	2301
2358570	1769
2358570	1776
2358570	1966
2358570	1971
2358570	2072
2666676	2398
561859	469
561859	470
2216468	979
2216468	981
1754707	2221
1754707	2482
2022465	1973
2022465	1974
437036	1642
437036	1677
981192	3195
2831390	140
2831390	484
2923922	972
2923922	980
2923922	982
2923922	984
2923922	1464
1995199	3156
1995199	3158
1593811	725
1593811	1081
1593811	2892
1856786	1638
1856786	1695
1856786	1931
2747985	1914
2747985	1930
1407455	1587
2031045	1070
2031045	1075
2031045	1084
3087576	1811
3087576	1814
3087576	1818
3087576	1819
2659547	959
2659547	1270
290879	1256
290879	1264
259116	3100
1731558	3002
2028037	811
2028037	3159
2028037	3174
1752659	2986
3044273	63
3044273	915
2603517	2682
155822	511
2798134	595
2798134	1278
2798134	1304
2798134	1308
2749269	786
2749269	800
2815744	318
2815744	336
2942718	2990
2269381	375
2698605	2563
2188387	2830
2188387	2834
2188387	2836
2188387	2837
2188387	2839
2024679	1402
2024679	1439
778156	1188
778156	1192
1387387	918
1387387	923
1335461	2657
3049656	227
3049656	229
3049656	232
3024168	825
3024168	1195
1170240	2700
1170240	2764
1170240	2940
1170240	2946
1170240	3046
1170240	3052
195012	134
2059669	983
1649251	213
1649251	234
1649251	515
1649251	628
1649251	1238
1309005	2251
1309005	2254
2694732	2678
2694732	2681
2870932	460
2870932	969
2943213	492
2943213	496
2943213	553
2468825	2006
3032563	560
3032563	574
3032563	583
3032563	593
2209006	2920
2856922	289
2856922	290
1281432	974
752031	121
752031	419
752031	436
752031	439
752031	456
752031	751
752031	768
752031	772
752031	2761
2687471	228
2687471	235
2669080	516
979155	2565
1902485	1727
1902485	1731
1902485	1739
1902485	1745
825320	475
825320	476
2758450	1275
2566415	1103
2566415	1107
2748499	166
2748499	172
2748499	176
2748499	1047
2748499	1050
3006359	754
3006359	756
3061439	1422
3061439	1426
3023709	584
3023709	596
3023709	605
3023709	1736
3023709	1737
2362668	417
2362668	1128
2646878	2182
2164233	1713
1868130	1905
1868130	1913
3083225	1659
3083225	1664
3012943	3163
3076463	2160
2331004	701
2331004	747
2207024	2719
2207024	2720
2434502	645
2434502	664
1813516	1909
1235482	2232
1235482	2235
1434710	1274
1434710	1679
1858638	744
1858638	748
1693265	2140
614539	634
2079977	2824
2079977	2826
2927183	1493
349814	2865
2854100	1732
2354816	253
2354816	256
3037414	2630
2370956	846
2370956	849
2370956	1756
3060605	1184
3038576	1146
3038576	1151
3038576	1153
2123597	637
2123597	666
2123597	669
2123597	674
2123597	693
2123597	1076
2123597	1510
2123597	1512
2123597	2621
1838375	507
1838375	2421
1838375	2424
1838375	2778
2654901	2298
2673143	1513
2979462	1933
1772202	2002
3014361	2738
2935887	2605
2932984	1418
1963740	1222
1963740	1333
1963740	1576
2946329	2672
2946329	2722
3087733	2155
3087733	2397
3087733	2402
3087733	2403
3087733	2408
2767913	1602
2978202	3160
649100	450
2517253	1581
2517253	1582
1698553	3114
2264067	3200
2264067	3201
2431418	1740
2431418	2098
2431418	3066
1870481	249
2711534	138
2711534	151
2711534	159
2711534	1336
2711534	1342
2711534	1355
2711534	1356
2711534	1379
2711534	1384
2711534	2230
2066219	2765
2281033	1537
1298046	2806
1298046	2807
2338104	541
2338104	2046
2086147	802
2086147	1250
2086147	1444
1864536	2679
1864536	2680
336459	1968
336459	1970
2899524	2532
1265177	1344
2234783	1895
2234783	2092
2234783	2187
2234783	2195
3050224	1014
2915866	578
1915598	418
1915598	421
1915598	691
299610	700
299610	2968
319918	2633
319918	2634
3023727	1993
3023727	2326
2989088	976
2989088	1134
2001862	733
2001862	738
2001862	743
2001862	2725
3099191	2872
2901519	1412
1355107	1467
1355107	1470
1355107	1471
1355107	1475
2291169	2079
3067135	1078
3067135	1428
3067135	1430
3067135	1443
3067135	1466
3067135	1528
3067135	1588
693472	1758
693472	1762
3005279	1520
3005279	1522
1148507	677
1148507	680
1148507	688
1148507	722
128831	1975
1843078	2956
1807657	1575
2931026	94
2931026	102
818682	3203
818682	3205
2053512	3183
3060853	718
3060853	782
3092983	2052
422460	2202
2423758	1937
3028554	2643
2696714	2908
3015288	37
3015288	64
3015288	79
3015288	192
3015288	1448
3041354	721
3041354	726
3041354	769
87053	2543
87053	2545
87053	2546
87053	2558
87053	2571
87053	2760
87053	2762
984411	1391
984411	1392
2838219	13
2838219	14
1807671	1752
2680981	2095
3114973	2709
2401224	2023
2401224	2025
2401224	2031
2401224	3035
2791301	1199
3088116	2461
1800274	2691
1800274	2695
1800274	2698
2971557	2793
2971557	2794
2971557	2795
2971557	3154
2971557	3155
2518562	2763
3015453	2823
2051391	1768
3020555	1607
3020555	1620
3020555	1633
3007708	2891
131837	1112
1932101	109
1932101	124
825418	549
2880038	1245
2880038	1248
1422867	3126
1422867	3135
1422867	3137
1422867	3144
2344234	2842
2822009	1031
2822009	1036
2313011	551
2837680	2658
2680181	1618
2680181	1629
2680181	1632
2680181	1972
2680181	2639
2346892	27
2346892	573
2346892	714
2346892	1203
2346892	3007
2346892	3009
2764620	2143
2764620	2145
2762533	799
2762533	804
2699763	740
2699763	742
1862426	1596
1862426	1600
3054459	2554
3054459	2557
2427664	1622
2427664	1624
1994996	2515
3037195	46
3037195	48
1429610	2599
247635	2527
247635	2530
247635	2585
247635	2784
247635	3166
247635	3170
1213316	1201
1768957	2705
2979099	581
2979099	590
2979099	597
2979099	608
2774269	1233
2774269	1239
2986442	15
2986442	16
2986442	20
3033047	704
3033047	707
3033047	1290
3033047	1595
3033047	1707
1912064	1211
1912064	1500
1912064	2851
1912064	2853
2949306	1554
2949306	1555
2949306	1561
2949306	1566
2719361	1936
2862634	2178
2862634	2184
2753455	2041
2259274	1408
1999575	1511
2847034	2404
2847034	2413
2847034	2607
1185504	2427
2465978	1207
2384397	2600
2384397	2603
217559	1205
2208981	2856
2649743	353
2649743	626
2563307	2087
2789287	684
2789287	1890
2789287	1893
2558833	2118
2558833	2141
2558833	2144
2855569	2082
2602228	554
2602228	557
341605	2902
341605	2904
958705	1718
958705	1723
958705	1735
1844242	174
1844242	175
1844242	177
1844242	178
1844242	179
1844242	180
1844242	182
1844242	199
1844242	231
1844242	947
1844242	960
1844242	964
1844242	965
1844242	966
1844242	1365
1844242	1366
1844242	1368
1844242	1369
1844242	1370
1844242	1436
1844242	1438
2574792	2562
1281236	300
1281236	316
1281236	383
1281236	2065
2905142	2497
2253038	705
2253038	720
2253038	727
2253038	1293
3057747	544
3057747	547
3057747	550
2331301	2213
2331301	2322
2331301	2551
322934	967
322934	978
2103376	242
2103376	2626
2103376	2627
2934961	1266
2934961	1284
2934961	1285
2934961	1292
2934961	1295
2934961	1307
2934961	2051
2541693	128
2541693	133
2541693	135
2541693	2262
3046100	565
3046100	575
750066	2984
3082860	1999
3082860	2024
1282869	42
1282869	2970
1282869	2972
2677459	1784
2677459	1787
2522763	1616
1089848	2333
1089848	2877
1089848	2884
1089848	3105
2861023	1331
2597252	2828
2597252	2829
2597252	2832
2597252	2835
811367	8
1908920	2535
2725738	2578
2976609	2561
2983809	656
530075	1532
530075	2971
530075	2973
530075	2975
530075	2981
530075	2983
2667644	1952
2667644	1953
2879527	2660
731308	2354
164693	3012
669248	1082
669248	1083
1853315	1838
1146714	40
1146714	556
1146714	871
1146714	880
1146714	899
1146714	930
1146714	1101
1146714	1102
1146714	1612
1146714	1613
1146714	1672
1146714	1678
1146714	2508
1146714	2670
1146714	2689
1146714	2755
1146714	3029
2284332	2464
2284332	2465
2284332	2466
2284332	2502
624806	2474
624806	2476
624806	2477
3062407	760
2118530	483
2118530	562
2118530	702
2118530	3093
1284457	3202
2751598	457
3001726	1363
420603	1332
420603	1335
1414006	1902
1414006	2035
1414006	2506
2746700	1807
2746700	1821
2746700	1829
2746700	2209
2746700	2338
2746700	2718
2746700	2867
2746700	3087
2746700	3102
1171100	2791
2434798	2123
2620373	876
2620373	877
505897	888
505897	898
2445295	360
2445295	463
2445295	885
2445295	1183
2445295	1185
3042620	858
2768911	2478
508089	2127
508089	2135
508089	2137
508089	2170
508089	2175
2093435	269
2093435	1033
3057462	600
3057462	643
3057462	1354
580889	3047
3038308	2321
1631973	2216
1631973	2256
3018556	238
3018556	248
3018556	255
3018556	259
3018556	262
3018556	268
3018556	270
3018556	322
3018556	359
3018556	402
3018556	2628
3018556	2649
3018556	2844
3018556	2855
3018556	2873
2220687	671
2220687	716
2220687	719
2220687	1808
3047988	152
3047988	155
2997379	1373
2744093	841
2744093	1094
2744093	1095
2744093	2947
2744093	2948
2943342	2120
3105586	2653
3105586	2654
2748100	912
2748100	921
2070864	2962
2070864	2963
2070864	2969
2070864	2982
2070864	3157
2070864	3162
2070864	3167
2070864	3175
1454670	427
1454670	434
1326850	2492
1487922	2457
534876	1861
534876	1863
35617	1553
35617	1556
35617	1557
3019238	446
3019238	447
3019238	449
3061753	1694
2069518	2489
2069518	2924
423852	999
3024803	2792
3024803	2868
1968547	2488
1968547	2490
1715443	1406
1715443	1416
638802	65
638802	76
638802	1462
1095662	1468
1095662	1728
1095662	1730
1095662	1734
1095662	1943
2722897	1656
2722897	1663
2071753	2205
2071753	2208
2071753	2210
2071753	2503
2071753	3016
2071753	3030
2071753	3107
2858344	2015
2858344	2020
2919094	2629
2919094	2632
1908045	2156
3065119	1133
3065119	1655
3065119	2697
1953472	3124
2963453	2518
2963453	2520
2963453	2522
2963453	2525
2234726	89
389284	36
389284	72
2262299	1984
2262299	1988
2509745	854
2966591	2888
2966591	2980
2698653	1872
2698653	1881
3052267	1995
3052267	2003
1861542	77
1861542	80
2349455	454
1118058	1853
1118058	2180
1164903	2598
2282615	2360
2868954	2071
2868954	2311
2868954	2925
2152876	1261
2152876	1267
2152876	1324
2152876	1325
2152876	1326
2152876	1340
2152876	1614
2152876	2707
2977028	1708
2977028	1710
1857630	2702
1857630	2706
2938167	193
2938167	196
2938167	202
1120726	1764
1120726	2936
1120726	2950
1120726	3190
2200440	2713
545692	1432
545692	1437
829955	403
829955	405
829955	423
1391176	1626
3035326	1196
3035326	2324
2987262	2191
2987262	2193
2624486	2928
2962614	683
2962614	708
2687180	2004
2687180	2346
2605716	3026
2605716	3034
2605716	3043
3048697	105
2964083	2045
2726386	1837
2726386	1858
1615116	455
1615116	466
1615116	2392
1615116	2393
1615116	2423
2855426	1686
2855426	1705
2052640	1741
2052640	1742
1778475	2998
1778475	3010
3038765	453
3038765	458
3038765	774
3038765	2935
3038765	2941
1734254	2312
1734254	2314
104529	568
1968575	1330
3070590	2016
3070590	2017
808555	1691
808555	1698
1820298	239
1820298	243
3029253	752
3029253	801
3029253	840
3029253	2207
2711134	2088
2711134	2106
2711134	2161
2711134	2188
2711134	2194
2711134	2493
2926412	843
1263925	240
1263925	244
1263925	250
2219468	2190
2219468	2192
3061856	1570
3061856	1579
753606	2218
753606	2616
753606	2618
753606	3173
753606	3182
2030695	3131
2030695	3133
1212908	2726
1212908	2728
2256015	2820
2029871	909
2029871	913
2883121	1646
3056065	591
3056065	787
339155	1268
339155	1339
1138453	2242
1138453	2244
3058409	2724
2399800	867
2399800	1599
2399800	1610
2399800	1932
2399800	2050
2399800	2074
2399800	2203
2399800	3054
2980151	1119
2980151	1126
2980151	1130
377450	1870
3117014	2797
3117014	2808
1511876	2018
2919905	1615
822191	2717
3003420	1000
3003420	1008
2166637	3168
2166637	3177
2303187	822
2303187	836
2303187	845
2303187	850
2303187	851
2303187	855
2303187	856
2303187	857
2303187	1382
2303187	2019
2303187	2337
2303187	2340
2303187	2383
2303187	2384
2303187	2387
2303187	2510
1915648	2428
1915648	2439
1915648	2442
1915648	2448
2657853	67
2657853	69
218945	2113
2012667	2498
2012667	2499
2840939	715
2840939	1136
506176	3044
506176	3049
2989673	148
2989673	153
1392972	281
2075647	517
2075647	520
2075647	2845
2075647	2846
1310056	2239
2931540	663
2931540	690
2828880	1702
2828880	1709
1030603	1227
1030603	1230
608304	2685
608304	2692
608304	2897
864672	519
864672	530
864672	599
864672	611
864672	2068
864672	2370
1202195	2034
1202195	2039
2983864	1598
2683865	498
2269868	2286
1831916	1748
1831916	1753
2477766	1497
2477766	1775
2477766	1789
2817326	494
2817326	497
1393032	1934
1393032	1938
3069136	2588
2096434	594
2096434	601
2096434	604
2096434	607
2096434	613
2096434	675
2096434	678
2966120	197
2966120	206
2966120	254
2486252	2049
2486252	2958
2708812	1578
2708812	1580
2708812	1583
2708812	1584
2708812	1585
2708812	1586
1868031	1271
1548042	709
1548042	1182
1841165	412
1841165	426
1841165	445
1841165	502
1841165	627
1841165	1187
2561541	1193
2561541	1456
2561541	1465
814917	1218
814917	1221
814917	1345
814917	1692
814917	2979
814917	2989
2517549	1086
2930898	2063
1265915	1011
1564663	1834
2092377	1530
2092377	2390
1652832	2549
2134636	1265
2134636	1279
736877	629
736877	2146
736877	2148
1161328	380
1161328	382
2548999	1590
2548999	1960
2548999	2372
2186301	1219
2186301	1223
2186301	1234
2186301	1236
2186301	1237
2832590	501
2043351	2900
1251546	9
1251546	10
1655758	1044
1655758	1045
1655758	1080
1655758	1113
1655758	1118
1655758	1209
1655758	1489
1655758	1492
1655758	1498
2954968	2171
2954968	2177
2677192	2429
2984221	1805
2984221	2089
3055573	1138
3055573	1139
1008604	518
1008604	522
1970199	2977
2986618	1766
2986618	1767
2354904	739
1814172	2741
1814172	2752
2324552	1156
2955057	2076
2955057	2350
1516939	1991
1516939	2021
3027783	2285
3027783	2296
3027783	2299
3027783	2386
2803276	1269
2398220	1524
2398220	1526
595656	1630
1270494	3061
1270494	3062
3052789	3127
3052789	3142
3049970	217
3049970	219
3049970	222
3049970	224
3049970	236
3049970	1258
3049970	1259
3049970	1941
3027036	2825
3027036	2833
3027036	2838
3050293	1623
2934494	650
1074505	812
1924300	1517
1924300	1541
1924300	2294
1840043	2248
1840043	2252
3084002	1715
3084002	1721
3084002	1840
3084002	2223
3084002	2415
3084002	2416
713832	2159
1643689	2504
3083428	1644
2329383	576
2329383	938
3035676	792
2111206	2070
2999876	385
2999876	809
2281883	1499
2281883	1514
2281883	1527
2281883	1817
2281883	1843
2281883	1944
2281883	1945
2281883	1947
2281883	1948
2281883	1951
2876352	1609
2876352	1645
2876352	2007
2884263	2011
2884263	2013
2743327	794
2743327	2174
2743327	2179
3070201	1976
3070201	2317
3031161	1303
3031161	1309
834809	2878
834809	2880
834809	2882
834809	2885
834809	2887
923888	2091
923888	2104
2837573	2661
2837573	2662
2837573	2667
2837573	2668
2837573	2669
2837573	2871
2761222	2163
2961555	2745
2938874	1958
2938874	1961
1163639	1358
1163639	1360
2962739	994
2962739	996
2041954	864
2041954	866
1205115	1445
1205115	1446
1205115	1450
1205115	1523
931066	1017
931066	1022
3123847	3108
3123847	3121
2999128	1386
2999128	1395
2999128	1401
2999128	1403
2999128	1621
2639352	1071
2639352	1073
3035460	1093
954428	2601
3000940	188
3000940	194
3000940	205
1055263	775
1055263	1206
753847	1924
753847	2756
753847	2811
1796343	958
1796343	962
1796343	1846
1796343	1849
1796343	2556
1796343	2560
1796343	2942
767971	394
767971	395
767971	397
767971	1074
3084759	1779
3084759	1790
3084759	3015
3084759	3017
3060634	785
3060634	790
2117431	1962
2117431	1963
2430198	1242
2395982	2952
2983811	443
2983811	448
2983811	474
2983811	500
2983811	506
2983811	513
2983811	1198
2983811	1543
2983811	1545
2703472	391
2703472	399
2723978	93
2723978	618
2916080	685
2916080	737
2740941	2538
2740941	2548
2740941	2840
1852632	952
1852632	955
2031306	2637
2991964	911
2991964	914
2837335	1860
2837335	1865
2837335	1868
2837335	2255
2837335	2257
2837335	2260
2729906	1812
2729906	1816
2729906	1820
2729906	1828
