1330349	0.500000000
2028644	0.800000000
518351	0.800000000
1774890	0.800000000
1795443	0.800000000
230875	0.800000000
2449137	0.800000000
389345	0.800000000
2588880	0.300000000
1191537	0.300000000
2454687	0.800000000
2068715	0.500000000
2771964	0.800000000
1638017	0.800000000
909661	0.500000000
457869	0.800000000
3017314	0.800000000
2335875	0.800000000
1496501	0.800000000
2217138	0.800000000
1246220	0.800000000
1749271	0.500000000
1849486	0.300000000
1490972	0.200000000
5376	0.800000000
3037722	0.800000000
3213509	0.100000000
2436182	0.800000000
3256934	0.600000000
994081	0.500000000
1036444	0.800000000
453021	0.800000000
2654868	0.200000000
2434268	0.300000000
3213648	0.100000000
2009470	0.800000000
3409	0.800000000
2921674	0.200000000
2624028	0.500000000
1115064	0.800000000
3084439	0.200000000
3107348	0.800000000
1842430	0.800000000
760491	0.800000000
2993319	0.800000000
2897303	0.400000000
2023199	0.500000000
2042621	0.800000000
749405	0.800000000
416329	0.800000000
1390223	0.800000000
2166310	0.800000000
292593	0.800000000
1636769	0.200000000
2247892	0.800000000
2195724	0.800000000
623413	0.400000000
2176257	0.800000000
2875673	0.200000000
399672	0.800000000
1800126	0.100000000
2907313	0.800000000
2048577	0.400000000
2520186	0.300000000
3101121	0.800000000
1154557	0.800000000
3034268	0.200000000
13853	0.800000000
38426	0.800000000
3062294	0.100000000
482397	0.800000000
2977556	0.200000000
281578	0.800000000
1614437	0.800000000
1893313	0.800000000
2231848	0.800000000
1139533	0.800000000
2523255	0.500000000
3017968	0.800000000
3059703	0.800000000
2769598	0.500000000
805883	0.800000000
1225897	0.800000000
3011888	0.800000000
3209805	0.200000000
2074359	0.800000000
859082	0.500000000
762011	0.800000000
680180	0.100000000
2830889	0.800000000
1422796	0.800000000
1228554	0.800000000
688251	0.800000000
1394166	0.800000000
3033517	0.100000000
2133633	0.800000000
137902	0.200000000
12684	0.800000000
2233016	0.800000000
2796333	0.800000000
695507	0.800000000
2483567	0.800000000
3065102	0.800000000
3093737	0.800000000
2276884	0.800000000
3034378	0.200000000
632393	0.500000000
228000	0.100000000
2108023	0.800000000
1027442	0.800000000
3072462	0.800000000
1940815	0.800000000
1312214	0.800000000
1315530	0.800000000
214775	0.800000000
529393	0.100000000
3210385	0.200000000
3246525	0.800000000
2280842	0.800000000
2072220	0.800000000
1557770	0.800000000
3001529	0.200000000
85860	0.800000000
3161226	0.800000000
2658935	0.800000000
1812572	0.800000000
1739766	0.200000000
1106132	0.800000000
3110140	0.800000000
1739694	0.800000000
588465	0.200000000
466658	0.500000000
3039631	0.800000000
1601302	0.200000000
2828706	0.800000000
2914944	0.800000000
3003328	0.800000000
1699848	0.800000000
2086125	0.100000000
2473840	0.800000000
462593	0.800000000
341127	0.800000000
703561	0.800000000
2750559	0.800000000
2960860	0.800000000
2631421	0.800000000
1736546	0.700000000
2096054	0.200000000
590393	0.500000000
3147634	0.100000000
2143737	0.800000000
3013981	0.800000000
1167531	0.800000000
547928	0.800000000
124063	0.800000000
2959608	0.400000000
1668346	0.800000000
3023404	0.800000000
2774863	0.200000000
1889002	0.800000000
2714994	0.800000000
3021110	0.800000000
2092819	0.500000000
615296	0.700000000
74976	0.100000000
640738	0.100000000
3123899	0.200000000
1352223	0.800000000
2781687	0.400000000
34128	0.500000000
979527	0.800000000
2537093	0.300000000
1726123	0.800000000
17943	0.700000000
2876189	0.300000000
1853471	0.800000000
1382534	0.500000000
1863500	0.200000000
3055623	0.800000000
1705239	0.800000000
1497564	0.800000000
2965709	0.800000000
2258563	0.800000000
3007846	0.800000000
1321354	0.200000000
2212206	0.800000000
984528	0.800000000
1787804	0.200000000
1142827	0.800000000
109068	0.200000000
194638	0.800000000
2405162	0.800000000
178146	0.400000000
1997989	0.500000000
2889081	0.800000000
2953289	0.200000000
477400	0.200000000
2048589	0.600000000
2730506	0.500000000
2304299	0.800000000
2641562	0.800000000
2976936	0.800000000
2971736	0.300000000
2834548	0.200000000
2712974	0.800000000
3078180	0.200000000
1591661	0.800000000
2891699	0.400000000
2932439	0.800000000
2981393	0.800000000
1634876	0.800000000
162781	0.800000000
608681	0.800000000
2079335	0.800000000
1259333	0.800000000
2797905	0.800000000
91577	0.100000000
25564	0.800000000
3033270	0.800000000
2438517	0.800000000
2964258	0.800000000
3178858	0.500000000
3290811	0.800000000
3031958	0.800000000
1025797	0.800000000
979087	0.800000000
3017375	0.800000000
537459	0.500000000
1420745	0.800000000
16427	0.800000000
1349854	0.300000000
24083	0.800000000
1663365	0.200000000
3153666	0.100000000
772042	0.800000000
2075917	0.800000000
2666549	0.800000000
2865538	0.300000000
784657	0.800000000
15619	0.300000000
904382	0.800000000
387839	0.800000000
1851947	0.800000000
493240	0.600000000
1569887	0.800000000
623134	0.800000000
2707121	0.800000000
3284245	0.800000000
73066	0.800000000
373588	0.800000000
1777299	0.800000000
781786	0.500000000
1656346	0.800000000
2125326	0.500000000
2982073	0.800000000
3049019	0.800000000
2022754	0.800000000
1419756	0.400000000
2570816	0.800000000
1119991	0.100000000
649285	0.800000000
896266	0.800000000
726323	0.200000000
1017979	0.800000000
2364893	0.500000000
519327	0.800000000
710455	0.200000000
2000184	0.200000000
2622719	0.800000000
798305	0.500000000
237600	0.800000000
1752205	0.400000000
2173909	0.800000000
3095648	0.800000000
1757050	0.400000000
2930821	0.800000000
2476566	0.200000000
724038	0.800000000
2068617	0.800000000
2107411	0.500000000
174942	0.800000000
3065384	0.200000000
2879675	0.800000000
1401464	0.800000000
322091	0.800000000
2113118	0.800000000
2869814	0.800000000
813474	0.100000000
2948447	0.500000000
425019	0.200000000
147571	0.100000000
849861	0.800000000
2466105	0.800000000
98303	0.800000000
1835459	0.800000000
2440267	0.600000000
901812	0.500000000
2844164	0.800000000
2992526	0.500000000
3023783	0.800000000
2865386	0.800000000
2217056	0.100000000
71034	0.800000000
2941772	0.800000000
2766973	0.600000000
2494656	0.800000000
639653	0.800000000
2422739	0.800000000
2720549	0.800000000
1716358	0.800000000
3026448	0.800000000
2823999	0.800000000
3092602	0.800000000
24594	0.800000000
1518032	0.800000000
1905396	0.300000000
2786379	0.200000000
1763551	0.500000000
2290047	0.800000000
2276926	0.800000000
2614594	0.800000000
122045	0.800000000
3142991	0.800000000
202080	0.800000000
2697861	0.800000000
1324171	0.800000000
2068031	0.500000000
540820	0.800000000
541937	0.800000000
2908085	0.500000000
2260525	0.800000000
3044643	0.800000000
2835188	0.800000000
781296	0.800000000
18662	0.800000000
3085674	0.800000000
405357	0.800000000
124249	0.800000000
2160099	0.800000000
1097662	0.800000000
392274	0.800000000
1977520	0.500000000
266710	0.800000000
1987625	0.500000000
1442424	0.800000000
2789890	0.800000000
784810	0.800000000
1731871	0.800000000
2900414	0.800000000
2391807	0.200000000
3281405	0.800000000
1478625	0.800000000
3133084	0.500000000
426716	0.700000000
1380257	0.100000000
1049790	0.600000000
57347	0.800000000
1714530	0.800000000
2835567	0.400000000
2935236	0.600000000
776552	0.200000000
3051080	0.500000000
1930200	0.800000000
24018	0.800000000
1022190	0.100000000
1923146	0.800000000
93520	0.800000000
964434	0.200000000
2613067	0.100000000
184995	0.800000000
105229	0.500000000
2640829	0.800000000
291871	0.500000000
1532830	0.800000000
1023303	0.500000000
3122200	0.800000000
2367560	0.800000000
1696301	0.200000000
2358637	0.500000000
281839	0.800000000
2917749	0.800000000
1369509	0.200000000
1055537	0.800000000
1765258	0.400000000
1940203	0.200000000
2978926	0.800000000
3189042	0.500000000
43867	0.200000000
1609909	0.500000000
768425	0.800000000
953962	0.800000000
247845	0.800000000
24971	0.800000000
274059	0.100000000
2010179	0.800000000
1661596	0.800000000
3040768	0.800000000
1100460	0.800000000
671381	0.800000000
919521	0.800000000
1148870	0.800000000
14536	0.500000000
1129992	0.800000000
614902	0.400000000
1487067	0.800000000
724088	0.300000000
288886	0.800000000
1271173	0.800000000
2724294	0.800000000
1957111	0.300000000
3249154	0.800000000
211834	0.800000000
2837614	0.800000000
1939360	0.200000000
2939743	0.800000000
1711229	0.800000000
2973761	0.800000000
550186	0.800000000
1586454	0.800000000
465215	0.800000000
1829675	0.800000000
1063580	0.800000000
919049	0.100000000
2067419	0.400000000
521478	0.800000000
2328053	0.800000000
1589316	0.800000000
1582034	0.100000000
3190037	0.800000000
63819	0.500000000
2219952	0.800000000
3576520	0.300000000
1280240	0.800000000
3453184	0.800000000
2159086	0.800000000
597071	0.300000000
1745824	0.200000000
2440311	0.200000000
448542	0.800000000
1011859	0.600000000
3039681	0.800000000
3008742	0.700000000
2554633	0.200000000
1287305	0.800000000
129362	0.800000000
71773	0.500000000
1162807	0.800000000
206862	0.800000000
259264	0.800000000
11795	0.800000000
2648556	0.800000000
597532	0.200000000
2963997	0.800000000
976200	0.100000000
127328	0.800000000
2337147	0.800000000
3002023	0.200000000
1371209	0.700000000
3037382	0.500000000
2824761	0.800000000
2080302	0.800000000
2684282	0.200000000
1456383	0.500000000
2820805	0.200000000
21963	0.800000000
33483	0.800000000
1540820	0.200000000
2697348	0.700000000
3009044	0.400000000
728053	0.800000000
3251095	0.200000000
2718640	0.800000000
423620	0.100000000
2274298	0.400000000
913256	0.500000000
2904432	0.500000000
935513	0.800000000
2587299	0.800000000
2525476	0.100000000
3051436	0.800000000
3044739	0.800000000
3169823	0.400000000
1607568	0.800000000
570783	0.100000000
3073459	0.800000000
2074699	0.300000000
2491868	0.500000000
3000689	0.800000000
1565059	0.800000000
2359005	0.800000000
3045045	0.800000000
2217135	0.800000000
389590	0.500000000
2231169	0.200000000
20322	0.800000000
1413959	0.300000000
1857563	0.100000000
1802432	0.800000000
175690	0.800000000
3186284	0.100000000
1440503	0.200000000
5224	0.500000000
1256839	0.800000000
3540825	0.500000000
655244	0.200000000
2173959	0.100000000
3147853	0.100000000
635875	0.200000000
1179845	0.200000000
2569570	0.800000000
2483572	0.800000000
2136376	0.800000000
1970174	0.800000000
2687539	0.500000000
2715564	0.500000000
258707	0.800000000
2977193	0.800000000
1756502	0.800000000
3153	0.800000000
2337311	0.800000000
1467013	0.800000000
744672	0.200000000
1801984	0.800000000
3085148	0.800000000
2363402	0.800000000
2901105	0.100000000
1134083	0.800000000
1875643	0.800000000
2626382	0.800000000
3064169	0.500000000
2232608	0.800000000
635788	0.500000000
3401972	0.400000000
3024673	0.800000000
962971	0.800000000
729114	0.200000000
7153	0.300000000
2884729	0.500000000
1582354	0.600000000
2248883	0.800000000
1714866	0.800000000
318354	0.800000000
2550324	0.800000000
235822	0.800000000
3054222	0.200000000
3049856	0.100000000
1967747	0.500000000
972229	0.800000000
2997764	0.800000000
951567	0.800000000
1766751	0.800000000
1879508	0.800000000
3045486	0.800000000
1587682	0.800000000
2891849	0.200000000
157040	0.800000000
37574	0.800000000
928095	0.800000000
2838461	0.800000000
2018313	0.800000000
1306144	0.800000000
2358361	0.800000000
3075095	0.400000000
1977816	0.300000000
2546288	0.800000000
905516	0.200000000
2286351	0.500000000
9837	0.600000000
2574207	0.800000000
2536156	0.500000000
3776	0.800000000
2721791	0.800000000
2977774	0.400000000
3068924	0.100000000
1484847	0.800000000
3085002	0.700000000
224099	0.800000000
1363006	0.100000000
2849122	0.800000000
3043265	0.200000000
2051149	0.200000000
3185451	0.800000000
3562325	0.200000000
2878241	0.800000000
2941639	0.400000000
158829	0.800000000
83325	0.400000000
19044	0.200000000
151499	0.800000000
2147726	0.800000000
2029504	0.800000000
905993	0.800000000
2681021	0.200000000
750883	0.800000000
1088656	0.800000000
2723217	0.800000000
2677928	0.800000000
3575625	0.800000000
22247	0.800000000
2341851	0.800000000
1317991	0.800000000
2933871	0.200000000
1958190	0.800000000
2959593	0.800000000
2822774	0.800000000
1696907	0.300000000
3114206	0.800000000
2201598	0.800000000
818596	0.800000000
3127726	0.600000000
216915	0.600000000
3047550	0.200000000
422904	0.800000000
823219	0.800000000
3024681	0.200000000
1869304	0.800000000
24318	0.800000000
1452469	0.500000000
2962573	0.500000000
3884	0.800000000
2740268	0.100000000
3009068	0.800000000
2966793	0.100000000
1799746	0.200000000
998390	0.200000000
291956	0.800000000
1917772	0.500000000
2934605	0.100000000
270971	0.200000000
540603	0.500000000
2997811	0.800000000
2722604	0.500000000
900503	0.800000000
752296	0.800000000
3318950	0.800000000
1671984	0.800000000
3096415	0.800000000
923857	0.100000000
510862	0.800000000
4670	0.200000000
2958605	0.800000000
2767540	0.800000000
1518942	0.800000000
3970	0.800000000
1146469	0.800000000
883069	0.800000000
2073888	0.800000000
1865865	0.800000000
1191758	0.500000000
2356228	0.600000000
3083609	0.200000000
2338559	0.100000000
1940305	0.800000000
2045017	0.100000000
2647179	0.500000000
1923041	0.800000000
2903428	0.600000000
2618385	0.800000000
927198	0.100000000
2178707	0.800000000
286175	0.400000000
1968257	0.800000000
2031449	0.800000000
2674753	0.300000000
1914214	0.200000000
1571429	1.000000000
570872	0.100000000
3067781	0.400000000
705741	0.800000000
825329	0.800000000
326180	0.200000000
2496585	0.800000000
3353625	0.800000000
1006357	0.800000000
1361479	0.400000000
2087	0.200000000
1324752	0.500000000
1662294	0.800000000
894949	0.800000000
2214756	0.200000000
2971261	0.200000000
2160668	0.800000000
2448765	0.400000000
8261	0.800000000
115483	0.800000000
2534572	0.500000000
2684640	0.300000000
1471349	0.800000000
3003877	0.800000000
2464729	0.800000000
1422844	0.200000000
1229672	0.800000000
3086715	0.800000000
1870232	0.800000000
1405874	0.800000000
1602947	0.100000000
1148236	0.800000000
2412865	0.500000000
954627	0.800000000
322670	0.800000000
2928857	0.800000000
90048	0.800000000
2203853	0.800000000
36557	0.800000000
3384195	0.300000000
2807055	0.800000000
3066617	0.800000000
1476388	0.400000000
2909928	0.500000000
1491643	0.100000000
3063226	0.800000000
2074266	0.800000000
1375486	0.400000000
478400	0.800000000
1927599	0.800000000
2261225	0.800000000
2307550	0.800000000
75252	0.800000000
2989274	0.600000000
1930437	0.800000000
3052350	0.800000000
128625	0.600000000
1997609	0.700000000
3068192	0.400000000
844755	0.800000000
2168901	0.500000000
2295927	0.800000000
1257537	0.800000000
2687706	0.500000000
866721	0.800000000
314322	0.800000000
3133899	0.200000000
1217052	0.700000000
2833533	0.800000000
1370804	0.500000000
2790078	0.800000000
3009976	0.800000000
2904206	0.600000000
793813	0.800000000
1363995	0.800000000
2676869	0.800000000
329901	0.800000000
3009795	0.800000000
1691691	0.800000000
1022112	0.800000000
1318299	0.200000000
2099428	0.800000000
919927	0.200000000
1135995	0.400000000
783962	0.800000000
3013241	0.800000000
2263713	0.800000000
83292	0.500000000
762900	0.800000000
3091021	0.100000000
1271055	0.500000000
2002771	0.800000000
3058512	0.800000000
646893	0.800000000
3005421	0.300000000
2063709	0.300000000
3006309	0.800000000
1105234	0.200000000
1868733	0.800000000
117435	0.800000000
62039	0.800000000
23889	0.400000000
12070	0.100000000
2771934	0.500000000
2431646	0.800000000
2029231	0.800000000
3111853	0.800000000
1081567	0.800000000
1566837	0.800000000
360814	0.100000000
2496771	0.500000000
2108403	0.800000000
1102002	0.500000000
634915	0.800000000
49602	0.800000000
1576357	0.800000000
950474	0.800000000
286796	0.800000000
480366	0.400000000
774750	0.800000000
1985411	0.800000000
3081640	0.800000000
2107725	0.800000000
843390	0.200000000
2863491	0.500000000
3023887	0.200000000
1973597	0.800000000
1638919	0.500000000
1025402	0.100000000
34443	0.800000000
68664	0.800000000
2891014	0.200000000
3037984	0.300000000
2234427	0.200000000
1779445	0.800000000
1070718	0.200000000
53878	0.800000000
1974057	0.500000000
1603075	0.800000000
2141046	0.800000000
1876190	0.800000000
2940357	0.800000000
2412944	0.800000000
295323	0.800000000
759233	0.500000000
1253556	0.200000000
3190211	0.500000000
3047413	0.800000000
659386	0.400000000
2113954	0.800000000
2170231	0.800000000
2259480	0.500000000
3473310	0.800000000
2335614	0.800000000
119201	0.800000000
343434	0.800000000
865840	0.800000000
1872431	0.800000000
367938	0.800000000
850251	0.800000000
3157793	0.800000000
1194567	0.100000000
2096478	0.100000000
114975	0.800000000
2340341	0.100000000
2867218	0.800000000
1289536	0.800000000
508850	0.800000000
1615244	0.800000000
297324	0.800000000
2991612	0.200000000
5901	0.800000000
1649643	0.500000000
2547269	0.800000000
2141732	0.300000000
1347536	0.800000000
2611712	0.800000000
840845	0.100000000
2376545	0.800000000
175330	0.500000000
884388	0.800000000
2231480	0.800000000
1601777	0.800000000
3008356	0.200000000
2702188	0.400000000
53582	0.200000000
912633	0.100000000
306440	0.800000000
1228452	0.800000000
1790458	0.800000000
1727626	0.800000000
2941423	0.300000000
2085305	0.500000000
154990	0.500000000
1700591	0.800000000
719385	0.200000000
2061239	0.800000000
356273	0.800000000
1283123	0.800000000
1362419	0.100000000
1067217	0.800000000
937839	0.800000000
2525340	0.800000000
2229137	0.800000000
1700604	0.800000000
36069	0.800000000
2890734	0.800000000
1469764	0.200000000
1721972	0.100000000
506852	0.200000000
2169424	0.800000000
2506076	0.300000000
2245164	0.800000000
2397486	0.200000000
1331912	0.200000000
2377434	0.800000000
2554040	0.800000000
34093	0.500000000
3141683	0.400000000
887537	0.500000000
3111200	0.200000000
822954	0.100000000
1379796	0.800000000
996929	0.800000000
3100239	0.800000000
1443668	0.300000000
1566925	0.300000000
3026383	0.800000000
3008103	0.800000000
1114264	0.600000000
3115444	0.500000000
465645	0.800000000
1514025	0.800000000
2961460	0.200000000
3024965	0.800000000
564738	0.800000000
3035610	0.200000000
2640598	0.800000000
429791	0.600000000
2532846	0.800000000
1708129	0.800000000
3127976	0.800000000
2998211	0.800000000
1053437	0.800000000
2650894	0.800000000
1220196	0.800000000
525378	0.800000000
646248	0.800000000
3185002	0.800000000
2042407	0.800000000
2234513	0.200000000
2146829	0.800000000
1701775	0.800000000
1349976	0.400000000
1108925	0.800000000
2966585	0.800000000
2397934	0.100000000
2762776	0.800000000
739806	0.800000000
2434254	0.800000000
1915331	0.800000000
2154769	0.800000000
565803	0.500000000
1644856	0.500000000
2404015	0.800000000
285549	0.300000000
2408785	0.800000000
997894	0.800000000
369227	0.800000000
890246	0.500000000
1045785	0.800000000
3169398	0.100000000
3144661	0.800000000
2653130	0.800000000
333647	0.800000000
2745663	0.200000000
342084	0.800000000
2974483	0.800000000
2981342	0.500000000
3141479	0.100000000
3239717	0.100000000
2955242	0.800000000
142730	0.500000000
1219873	0.800000000
1861340	0.800000000
1745667	0.800000000
609728	0.800000000
2361173	0.800000000
2638503	0.800000000
1748872	0.800000000
3046678	0.800000000
3256997	0.100000000
1250736	0.400000000
1072379	0.600000000
415463	0.800000000
2701942	0.100000000
2844497	0.500000000
3281006	0.100000000
1234126	0.800000000
3181528	0.800000000
328944	0.800000000
2917121	0.100000000
2478578	0.300000000
2284286	0.800000000
3071835	0.800000000
2941731	0.800000000
2814476	0.200000000
2296234	0.800000000
3217643	0.800000000
1032728	0.800000000
2204338	0.800000000
731985	0.700000000
3179169	0.700000000
1993710	0.800000000
710648	0.800000000
1522218	0.700000000
531987	0.800000000
3084835	0.800000000
2835392	0.500000000
1417851	0.800000000
1223555	0.800000000
2846307	0.800000000
734564	0.800000000
98142	0.200000000
1706002	0.200000000
22809	0.800000000
3024499	0.200000000
1602363	0.800000000
2178445	0.800000000
1962954	0.800000000
2985743	0.300000000
2094933	0.800000000
2721771	0.500000000
2996611	0.400000000
1137154	0.200000000
668401	0.400000000
3042698	0.500000000
2748349	0.300000000
2770790	0.200000000
403913	0.800000000
255538	0.800000000
2755744	0.800000000
1160	0.600000000
2991202	0.800000000
2971285	0.500000000
3100189	0.800000000
468419	0.200000000
638325	0.800000000
1239020	0.500000000
235430	0.800000000
1635551	0.800000000
3051074	0.200000000
989437	0.200000000
3024592	0.200000000
1276806	0.800000000
60838	0.800000000
1907634	0.800000000
2711536	0.800000000
2605423	0.800000000
2663484	0.800000000
1018844	0.800000000
2567068	0.800000000
1235060	0.800000000
2284064	0.800000000
14002	0.800000000
1973643	0.200000000
2936459	0.600000000
842626	0.800000000
801374	0.800000000
454691	0.800000000
994185	0.200000000
332837	0.200000000
1508097	0.800000000
1422891	0.100000000
1982808	0.200000000
438371	0.800000000
2695422	0.800000000
2471554	0.800000000
526123	0.800000000
1788733	0.800000000
271207	0.800000000
1441899	0.800000000
2502337	0.500000000
1114758	0.800000000
2097299	0.600000000
1765046	0.800000000
47641	0.800000000
2740132	0.100000000
1816907	0.800000000
3050070	0.400000000
2582487	0.800000000
2633958	0.800000000
658247	0.300000000
1653554	0.800000000
805269	0.400000000
243882	0.800000000
2047945	0.800000000
1930416	0.100000000
1840278	0.200000000
2300056	0.800000000
2025357	0.800000000
1163251	0.800000000
250493	0.100000000
3001456	0.200000000
3038092	0.800000000
1798853	0.800000000
2523072	0.200000000
2684306	0.800000000
17941	0.800000000
3012479	0.600000000
2658811	0.800000000
2279719	0.200000000
1806382	0.100000000
3041911	0.800000000
8650	0.800000000
2349735	0.200000000
2950280	0.800000000
612356	0.800000000
320272	0.100000000
1299213	0.800000000
1946186	0.800000000
1021379	0.800000000
976896	0.800000000
1160131	0.200000000
3238214	0.600000000
3075389	0.800000000
630389	0.700000000
3009456	0.500000000
1970676	0.800000000
2688451	0.800000000
30832	0.800000000
1258169	0.800000000
1909271	0.200000000
578567	0.200000000
2493037	0.800000000
1244341	0.600000000
296205	0.800000000
3170697	0.200000000
5669	0.100000000
305674	0.500000000
3070579	0.300000000
2187189	0.500000000
1010994	0.800000000
48704	0.800000000
2186809	0.200000000
1156240	0.800000000
2374456	0.200000000
2387599	0.500000000
1457936	0.500000000
2943807	0.800000000
1647305	0.100000000
2919430	0.500000000
7760	0.100000000
616643	0.800000000
941066	0.800000000
1074876	0.100000000
1689801	0.800000000
2050245	0.100000000
3067589	0.200000000
1955716	0.800000000
2153290	0.800000000
514223	0.800000000
2535588	0.800000000
1393213	0.800000000
2763455	0.100000000
1288030	0.800000000
3147616	0.800000000
1317667	0.800000000
3022685	0.300000000
799141	0.800000000
407145	0.100000000
636580	0.400000000
1751604	0.100000000
50331	0.500000000
1112212	0.800000000
2662042	0.800000000
1018715	0.800000000
2978265	0.200000000
1606875	0.100000000
2681057	0.200000000
278065	0.800000000
401463	0.800000000
821774	0.800000000
2866869	0.800000000
1344833	0.200000000
2617705	0.800000000
2652857	0.800000000
50249	0.800000000
1888392	0.100000000
799875	0.600000000
280584	0.800000000
442960	0.300000000
2829912	0.500000000
3213200	0.800000000
1871764	0.100000000
3082316	0.800000000
2959275	0.500000000
3005839	0.800000000
2260086	0.800000000
3112786	0.800000000
1468518	0.800000000
1692351	0.800000000
2272704	0.800000000
1418610	0.200000000
2920589	0.800000000
84645	0.800000000
28761	0.800000000
2623281	0.800000000
1503947	0.800000000
3042572	0.200000000
515918	0.800000000
1405314	0.800000000
137539	0.800000000
2801549	0.200000000
2999360	0.500000000
1858491	0.800000000
2502725	0.300000000
845374	0.800000000
1588308	0.800000000
2914478	0.800000000
527165	0.100000000
408597	0.200000000
2031	0.800000000
981143	0.200000000
1754435	0.800000000
1636847	0.800000000
1079130	0.800000000
2475268	0.800000000
1021573	0.800000000
3058858	0.800000000
810102	0.200000000
2049709	0.800000000
1847539	0.800000000
2056181	0.800000000
2479817	0.800000000
952043	0.800000000
66209	0.200000000
413098	0.800000000
1669743	0.800000000
2770959	0.800000000
463269	0.800000000
282168	0.800000000
2760561	0.800000000
1376178	0.500000000
997699	0.800000000
2630370	0.800000000
3012667	0.800000000
19068	0.800000000
2767504	0.200000000
2494762	0.500000000
897514	0.100000000
2061329	0.200000000
3026659	0.800000000
2957015	0.800000000
310219	0.500000000
2977024	0.800000000
2978149	0.800000000
1292461	0.800000000
2690841	0.800000000
1612147	0.800000000
2368966	0.800000000
2603817	0.800000000
2908120	0.100000000
2281756	0.200000000
11812	0.800000000
1891062	0.800000000
996261	0.800000000
1035746	0.800000000
1985733	0.800000000
953298	0.200000000
83595	0.800000000
25532	0.800000000
2772891	0.800000000
1791738	0.800000000
725264	0.800000000
2810618	0.800000000
3013129	0.800000000
2780216	0.800000000
1246610	0.300000000
2488315	0.800000000
1865193	0.800000000
319496	0.700000000
250701	0.800000000
2610685	0.800000000
1026373	0.500000000
610230	0.800000000
3010779	0.800000000
3051968	0.500000000
696717	0.500000000
1552958	0.800000000
45237	0.200000000
2438997	0.800000000
3050368	0.800000000
3060964	0.100000000
2452132	0.200000000
2101457	0.800000000
1274716	0.800000000
1966473	0.800000000
3037686	0.400000000
870381	0.800000000
11675	0.800000000
3040238	0.800000000
8161	0.800000000
3103471	0.500000000
2375212	0.300000000
1381745	0.800000000
2984155	0.800000000
1114895	0.800000000
3112803	0.800000000
223376	0.100000000
2454729	0.300000000
390769	0.400000000
3040358	0.400000000
206214	0.200000000
1438205	0.800000000
2845447	0.200000000
3008324	0.200000000
2410026	0.200000000
1578611	0.200000000
262102	0.200000000
145072	0.800000000
8173	0.800000000
1919191	0.800000000
2814862	0.800000000
3220795	0.800000000
2085900	0.800000000
1014273	0.800000000
1651529	0.200000000
2146987	0.700000000
1577869	0.500000000
2461165	0.100000000
2320954	0.800000000
3348032	0.100000000
3000354	0.500000000
3310014	0.800000000
1914935	0.300000000
665159	0.800000000
1980634	0.800000000
2966577	0.800000000
1963738	0.800000000
1905932	0.800000000
1389567	0.100000000
1458691	0.800000000
1246438	0.800000000
20445	0.800000000
2889489	0.800000000
1915712	0.800000000
2613409	0.300000000
1745691	0.800000000
2072124	0.200000000
2414702	0.800000000
2729379	0.100000000
397749	0.800000000
905080	0.800000000
2234125	0.800000000
319369	0.100000000
3087229	0.300000000
646405	0.800000000
3162807	0.800000000
207322	0.500000000
2331069	0.400000000
554347	0.800000000
1247796	0.800000000
2554565	0.800000000
1161619	0.800000000
1149019	0.800000000
3438732	0.800000000
1783344	0.500000000
739636	0.800000000
2880340	0.500000000
1041914	0.800000000
1447007	0.800000000
5273	0.800000000
2488724	0.800000000
2707877	0.300000000
2890062	0.500000000
3224000	0.100000000
2761645	0.800000000
1140494	0.800000000
1847288	0.800000000
276273	0.400000000
390825	0.800000000
78661	0.500000000
241966	0.200000000
1794810	0.200000000
2119478	0.200000000
1379382	0.100000000
2809701	0.800000000
794475	0.800000000
2928795	0.200000000
288929	0.500000000
2182945	0.800000000
2387114	0.800000000
2699862	0.800000000
1305026	0.800000000
1330681	0.300000000
2114296	0.200000000
5266	0.500000000
2762725	0.800000000
15336	0.700000000
2888923	0.800000000
2401364	0.800000000
1926626	0.700000000
7400	0.800000000
2560344	0.800000000
2569922	0.500000000
3005347	0.600000000
271596	0.800000000
267264	0.800000000
223777	0.800000000
8516	0.500000000
1335364	0.200000000
2317432	0.500000000
11302	0.800000000
963591	0.700000000
3040712	0.400000000
1868325	0.800000000
472531	0.300000000
1565761	0.400000000
2452799	0.800000000
1736547	0.800000000
48785	0.800000000
310810	0.200000000
2844659	0.200000000
2024195	0.200000000
1543746	0.600000000
1328741	0.800000000
2936097	0.200000000
2193879	0.800000000
2021017	0.600000000
675449	0.800000000
267044	0.800000000
2362393	0.500000000
1283796	0.200000000
2838254	0.800000000
2994850	0.800000000
2531768	0.800000000
592571	0.100000000
2376477	0.700000000
2499687	0.800000000
1627366	0.800000000
2915832	0.800000000
2140361	0.800000000
3146844	0.100000000
17252	0.300000000
1276186	0.100000000
460452	0.800000000
2164696	0.800000000
2836119	0.800000000
2159519	0.200000000
2807708	0.500000000
989979	0.500000000
2705081	0.800000000
792106	0.200000000
2945558	0.100000000
19785	0.200000000
3016121	0.800000000
1785603	0.800000000
938315	0.200000000
551087	0.200000000
3225209	0.500000000
2135799	0.800000000
980785	0.500000000
2252565	0.400000000
1043567	0.800000000
748393	0.500000000
2313822	0.800000000
2388353	0.500000000
3268697	0.800000000
3073409	0.200000000
2482520	0.600000000
1731547	0.200000000
1701629	0.200000000
2248145	0.600000000
265796	0.800000000
2704491	0.800000000
2872285	0.800000000
1735608	0.800000000
2032307	0.500000000
267358	0.700000000
511259	0.800000000
66915	0.200000000
2820656	0.800000000
1038658	0.800000000
846567	0.800000000
2271616	0.800000000
2503192	0.800000000
2283546	0.400000000
1661472	0.800000000
2440757	0.500000000
1302504	0.800000000
510635	0.800000000
2986835	0.800000000
14594	0.200000000
528332	0.800000000
2249606	0.800000000
2460970	0.500000000
2654981	0.800000000
2027103	0.800000000
1962845	0.800000000
2547678	0.800000000
1993244	0.800000000
587850	0.800000000
1902126	0.700000000
3363289	0.800000000
1405231	0.800000000
2942125	0.200000000
426070	0.100000000
101517	0.800000000
2387582	0.100000000
2630366	0.500000000
6190	0.800000000
1925043	0.100000000
2608318	0.800000000
3561	0.800000000
2184138	0.800000000
2611868	0.200000000
3201942	0.800000000
3565573	0.800000000
463282	0.800000000
457897	0.800000000
2955720	0.800000000
3070106	0.800000000
2506429	0.800000000
973701	0.800000000
926032	0.800000000
2246497	0.800000000
496574	0.100000000
1085933	0.800000000
862846	0.800000000
2970341	0.200000000
1290228	0.800000000
2767143	0.800000000
2536883	0.800000000
4	0.100000000
1938103	0.800000000
28381	0.800000000
1371378	0.800000000
2059375	0.500000000
3214495	0.300000000
3122518	0.800000000
2630835	0.200000000
2963947	0.800000000
1863103	0.400000000
2402136	0.800000000
1295146	0.800000000
2395482	0.800000000
2008447	0.500000000
990740	0.200000000
2909481	0.800000000
1832566	0.600000000
3148789	0.800000000
3294135	0.200000000
548245	0.800000000
1101629	0.800000000
2092518	0.200000000
327922	0.500000000
3149081	0.800000000
45526	0.800000000
1160270	0.800000000
2564626	0.600000000
1219132	0.400000000
2835988	0.800000000
3270066	0.800000000
2247979	0.800000000
2874919	0.700000000
706166	0.200000000
1932632	0.800000000
1244725	0.200000000
2429680	0.800000000
376942	0.200000000
3125194	0.800000000
796906	0.200000000
1394212	0.200000000
917206	0.800000000
1996435	0.800000000
3050631	0.200000000
834401	0.800000000
2748545	0.600000000
2387620	0.800000000
1044034	0.800000000
226301	0.800000000
114810	0.800000000
1743838	0.700000000
867976	0.500000000
2715041	0.200000000
3014303	0.200000000
2247020	0.800000000
1484111	0.800000000
1808106	0.800000000
1745462	0.600000000
1118846	0.200000000
565985	0.500000000
2779941	0.500000000
294818	0.200000000
2195929	0.800000000
246372	0.800000000
2227555	0.100000000
2902091	0.800000000
599204	0.800000000
2987592	0.200000000
2626749	0.800000000
3060516	0.500000000
1135056	0.200000000
461352	0.800000000
18169	0.200000000
1886838	0.800000000
1828914	0.800000000
3280496	0.300000000
1424554	0.800000000
1718982	0.500000000
3210119	0.800000000
364947	0.800000000
3024060	0.800000000
2649843	0.800000000
21979	0.800000000
687964	0.300000000
116616	0.800000000
1530063	0.800000000
1095934	0.800000000
1106201	0.500000000
300632	0.800000000
1434283	0.800000000
1091685	0.800000000
2895910	0.800000000
2057787	0.500000000
2951981	0.800000000
2537968	0.800000000
966070	0.500000000
1302217	0.800000000
3054696	0.300000000
3349824	0.600000000
472953	0.800000000
1942077	0.800000000
2973570	0.800000000
2344176	0.800000000
2120451	0.800000000
2955947	0.800000000
663457	0.500000000
168706	0.800000000
534999	0.800000000
2933027	0.100000000
400409	0.500000000
1974322	0.800000000
7136	0.800000000
435393	0.800000000
2449388	0.800000000
1174464	0.800000000
526121	0.800000000
3100155	0.100000000
1126739	0.100000000
2991266	0.500000000
1161944	0.800000000
3010389	0.100000000
35525	0.800000000
2407767	0.800000000
1008999	0.800000000
935811	0.800000000
3327999	0.800000000
3182717	0.100000000
2941662	0.200000000
1505814	0.800000000
3107310	0.800000000
1317871	0.800000000
2435930	0.800000000
2208728	0.200000000
1299535	0.200000000
671851	0.800000000
753698	0.800000000
2921857	0.800000000
450585	0.800000000
47855	0.200000000
2148865	0.800000000
1322108	0.800000000
453511	0.800000000
813075	0.800000000
1031498	0.800000000
951205	0.800000000
831735	0.600000000
2329151	0.800000000
2931441	0.800000000
1848699	0.800000000
10756	0.800000000
1129986	0.800000000
2867637	0.200000000
1246841	0.500000000
63833	0.800000000
789924	0.800000000
895089	0.500000000
2890887	0.300000000
2247269	0.800000000
2299646	0.800000000
2712324	0.200000000
1354491	0.800000000
1288732	0.600000000
2220232	0.800000000
389756	0.800000000
2866956	0.100000000
154804	0.800000000
1782888	0.200000000
1270249	0.800000000
1543989	0.500000000
1987324	0.800000000
2663715	0.200000000
1271586	0.400000000
2077759	0.500000000
1567519	0.800000000
2997536	0.800000000
2434835	0.200000000
1836101	0.800000000
1951554	0.800000000
3078757	0.400000000
534577	0.200000000
2974028	0.800000000
2705753	0.800000000
2708708	0.400000000
2814675	0.200000000
564923	0.800000000
234450	0.600000000
1786604	0.200000000
3004097	0.800000000
2722983	0.500000000
2716582	0.800000000
3108824	0.200000000
2071452	0.300000000
2055377	0.800000000
3128406	0.100000000
2988732	0.200000000
1874255	0.800000000
1935975	0.800000000
1044609	0.200000000
1935542	0.100000000
3130463	0.800000000
1127794	0.200000000
246560	0.800000000
2439302	0.800000000
1283167	0.800000000
2628465	0.800000000
1266080	0.800000000
2439113	0.800000000
395432	0.800000000
1692129	0.800000000
815138	0.800000000
2761342	0.400000000
716731	0.500000000
3038190	0.800000000
1756140	0.800000000
2430532	0.800000000
3000644	0.800000000
2108932	0.800000000
1193398	0.100000000
343626	0.800000000
28355	0.300000000
1705365	0.800000000
586134	0.800000000
214450	0.100000000
2589894	0.800000000
1761723	0.800000000
1154580	0.400000000
3188640	0.300000000
2715169	0.800000000
1071141	0.800000000
2704355	0.200000000
253200	0.800000000
1813386	0.100000000
2454099	0.800000000
3078628	0.600000000
1745256	0.800000000
2296824	0.200000000
2565431	0.200000000
920404	0.100000000
883891	0.800000000
1944358	0.300000000
2076003	0.800000000
2849017	0.500000000
1754098	0.800000000
2955454	0.800000000
1002690	0.800000000
1792129	0.500000000
3043866	0.100000000
1835813	0.200000000
2645041	0.800000000
2543562	0.200000000
194732	0.800000000
1226334	0.400000000
291284	0.800000000
656925	0.800000000
3006429	0.800000000
2949397	0.200000000
3216843	0.800000000
277592	0.500000000
2463150	0.200000000
2181205	0.700000000
3077546	0.200000000
36134	0.800000000
1638205	0.200000000
1360758	0.800000000
634512	0.800000000
1099791	0.800000000
707709	0.200000000
88164	0.800000000
2672168	0.500000000
1233248	0.200000000
3025337	0.800000000
1722780	0.800000000
752722	0.500000000
2057790	0.800000000
704554	0.500000000
2114333	0.800000000
1883555	0.800000000
2503515	0.400000000
427937	0.800000000
2074540	0.800000000
1834967	0.800000000
2857192	0.200000000
2744546	0.500000000
2407944	0.300000000
2876437	0.800000000
194255	0.800000000
1107679	0.800000000
2443823	0.800000000
3067068	0.200000000
149678	0.800000000
2020693	0.800000000
1299184	0.100000000
2638701	0.100000000
2874108	0.800000000
3069301	0.200000000
633001	0.500000000
2169700	0.800000000
2915118	0.600000000
162210	0.500000000
39863	0.800000000
1910534	0.500000000
495222	0.800000000
1427067	0.800000000
2234423	0.800000000
2748743	0.800000000
2631354	0.800000000
3046199	0.800000000
1331732	0.200000000
983707	0.800000000
2365382	0.800000000
1975438	0.800000000
3089839	0.800000000
510066	0.800000000
1201489	0.800000000
79983	0.800000000
1818251	0.200000000
2481530	0.600000000
2672627	0.800000000
21589	0.800000000
1859852	0.800000000
1604321	0.800000000
1318278	0.200000000
2803043	0.800000000
2986658	0.800000000
1185033	0.500000000
1008366	0.800000000
2949136	0.800000000
3058130	0.800000000
2953120	0.800000000
226588	0.800000000
1107697	0.200000000
1460372	0.500000000
1991838	0.800000000
2274551	0.800000000
3164262	0.100000000
756163	0.800000000
1781486	0.800000000
650886	0.800000000
2444992	0.800000000
609625	0.800000000
2136889	0.800000000
108849	0.800000000
681747	0.500000000
2366023	0.800000000
1217750	0.800000000
1040885	0.500000000
3051662	0.700000000
2896816	0.100000000
1405653	0.200000000
522421	0.500000000
928971	0.800000000
1465915	0.800000000
1144895	0.800000000
2982638	0.800000000
1167323	0.200000000
515493	0.800000000
2304168	0.200000000
3041546	0.500000000
2759396	0.100000000
2813815	0.300000000
2077766	0.200000000
3053092	0.800000000
610876	0.300000000
461552	0.800000000
2842755	0.800000000
635278	0.800000000
2224412	0.800000000
2956110	0.400000000
2364005	0.200000000
1768741	0.800000000
466224	0.800000000
2216216	0.800000000
936874	0.800000000
154741	0.200000000
817122	0.800000000
1915832	0.800000000
3000468	0.800000000
1822168	0.200000000
143832	0.800000000
2921800	0.500000000
1867195	0.800000000
3033320	0.300000000
2295069	0.800000000
2647256	0.800000000
206829	0.800000000
3038581	0.800000000
2227481	0.800000000
2937185	0.800000000
653857	0.800000000
3180680	0.800000000
322721	0.800000000
3144753	0.500000000
961320	0.800000000
1178225	0.600000000
1489222	0.800000000
1192636	0.800000000
2686693	0.800000000
2049410	0.800000000
1044968	0.800000000
3039999	0.800000000
2898238	0.800000000
1782417	0.600000000
1701853	0.100000000
2594774	0.800000000
1911707	0.700000000
3121345	0.800000000
22005	0.800000000
1296816	0.200000000
1411063	0.800000000
1025733	0.800000000
2285464	0.200000000
508104	0.800000000
2995440	0.800000000
2163877	0.800000000
648789	0.500000000
681470	0.800000000
2335866	0.100000000
2944004	0.800000000
3075852	0.300000000
1736322	0.500000000
457518	0.800000000
676818	0.800000000
2697847	0.500000000
1823742	0.800000000
972948	0.800000000
2898496	0.200000000
2025919	0.800000000
2464450	0.800000000
518913	0.800000000
147266	0.800000000
2449661	0.800000000
836600	0.100000000
2653370	0.800000000
3043438	0.800000000
2196319	0.800000000
3131769	0.800000000
564506	0.800000000
2670890	0.200000000
3213694	0.300000000
2940434	0.200000000
2089213	0.300000000
2952816	0.800000000
1879190	0.800000000
1385210	0.800000000
247161	0.800000000
1651438	0.800000000
3051834	0.800000000
378914	0.800000000
1748709	0.800000000
3014324	0.500000000
728790	0.800000000
2982176	0.800000000
1966714	0.800000000
3213719	0.800000000
1746038	0.500000000
1103891	0.800000000
1708919	0.800000000
507119	0.800000000
2463534	0.400000000
2900087	0.800000000
1063093	0.800000000
2144463	0.800000000
3077395	0.800000000
447701	0.100000000
2921634	0.800000000
3122133	0.800000000
3027101	0.800000000
8128	0.800000000
2954229	0.500000000
14992	0.800000000
1419722	0.500000000
802943	0.800000000
1544211	0.200000000
2344545	0.200000000
48161	0.800000000
494138	0.100000000
1658631	0.800000000
626306	0.500000000
350159	0.800000000
2780801	0.200000000
3036303	0.500000000
2543006	0.500000000
2862006	0.800000000
2602509	0.200000000
2301163	0.800000000
343994	0.100000000
2182455	0.800000000
543439	0.800000000
400990	0.100000000
3395	0.800000000
2514172	0.800000000
1391946	0.400000000
469084	0.800000000
2889130	0.800000000
2263436	0.800000000
1430997	0.800000000
2708538	0.200000000
1325007	0.800000000
580677	0.800000000
1947995	0.800000000
620238	0.800000000
762912	0.800000000
1445346	0.500000000
1765861	0.800000000
2962965	0.800000000
2988480	0.800000000
2322762	0.300000000
2996586	0.600000000
259938	0.200000000
2819832	0.300000000
1341999	0.800000000
1475182	0.800000000
2000944	0.800000000
1764995	0.800000000
387833	0.800000000
3038924	0.200000000
3023353	0.800000000
2541672	0.800000000
3049225	0.800000000
3025106	0.100000000
245760	0.800000000
1724148	0.700000000
2240988	0.300000000
1381230	0.800000000
3096557	0.800000000
2246209	0.800000000
1695194	0.800000000
1710023	0.800000000
1863786	0.200000000
2946117	0.800000000
1385645	0.800000000
1305153	0.200000000
2935154	0.800000000
925081	0.800000000
548602	0.700000000
2989978	0.600000000
667505	0.800000000
1702282	0.100000000
1298816	0.400000000
23072	0.800000000
1020414	0.800000000
358288	0.500000000
1934282	0.800000000
1932209	0.500000000
2064180	0.100000000
1704620	0.500000000
663760	0.800000000
1254756	0.800000000
2872318	0.800000000
2701307	0.800000000
3966	0.800000000
3201971	0.800000000
1321550	0.300000000
3031951	0.100000000
3075035	0.200000000
1243696	0.800000000
524933	0.800000000
2138043	0.200000000
627293	0.100000000
467174	0.800000000
3113318	0.800000000
1577852	0.100000000
3056907	0.800000000
3035739	0.800000000
71094	0.800000000
2655852	0.800000000
2095793	0.200000000
2252137	0.800000000
1045330	0.700000000
761038	0.800000000
415011	0.800000000
1535748	0.800000000
532032	0.800000000
45493	0.800000000
2673063	0.300000000
1199372	0.800000000
1226258	0.800000000
1945839	0.800000000
2480999	0.800000000
2738698	0.800000000
756133	0.800000000
2585495	0.800000000
2893059	0.800000000
1830150	0.800000000
1707185	0.800000000
2436820	0.800000000
1642751	0.500000000
911456	0.600000000
1831949	0.800000000
372635	0.800000000
2279141	0.800000000
3042996	0.800000000
3069152	0.200000000
435056	0.300000000
2845546	0.500000000
3114120	0.800000000
3036052	0.800000000
1433983	0.500000000
968416	0.500000000
1458066	0.800000000
3036486	0.800000000
2436939	0.800000000
2791163	0.800000000
2659768	0.800000000
2237144	0.800000000
3084902	0.300000000
2642921	0.800000000
332432	0.300000000
612659	0.800000000
2972624	0.500000000
739991	0.800000000
1322447	0.800000000
3227422	0.200000000
2355387	0.800000000
1061798	0.800000000
574819	0.800000000
2559979	0.800000000
2695404	0.800000000
313915	0.800000000
1406399	0.300000000
2119075	0.800000000
3081715	0.800000000
629073	0.200000000
26130	0.500000000
3025810	0.200000000
2740433	0.800000000
2682012	0.800000000
2601830	0.800000000
110379	0.800000000
2108167	0.200000000
2673643	0.800000000
1122695	0.800000000
2974225	0.800000000
976572	0.400000000
968848	0.800000000
151246	0.800000000
399295	0.800000000
1348336	0.500000000
1746445	0.200000000
1326666	0.200000000
3081729	0.800000000
2824960	0.500000000
604811	0.800000000
2711016	0.100000000
578169	0.800000000
2950834	0.800000000
4499	0.200000000
2482462	0.200000000
2926116	0.800000000
2621926	0.800000000
2623974	0.800000000
2250925	0.200000000
10755	0.800000000
3064202	0.100000000
456591	0.800000000
1057086	0.200000000
964504	0.800000000
1386663	0.600000000
3068224	0.300000000
173851	0.800000000
3309566	0.100000000
1697720	0.800000000
2774445	0.800000000
570530	0.800000000
2167122	0.800000000
2949792	0.400000000
740220	0.100000000
3061657	0.800000000
1514747	0.800000000
564463	0.500000000
255514	0.800000000
159683	0.500000000
1216930	0.800000000
2744943	0.800000000
591144	0.800000000
2462532	0.800000000
207565	0.300000000
3078012	0.200000000
1517424	0.800000000
401852	0.800000000
1399676	0.800000000
2260664	0.800000000
2076681	0.100000000
3039571	0.500000000
40189	0.800000000
2253	0.100000000
2027217	0.800000000
2913240	0.800000000
590275	0.800000000
1815830	0.800000000
1798255	0.800000000
1655553	0.300000000
782066	0.800000000
3021129	0.800000000
1279458	0.400000000
1816222	0.800000000
473235	0.800000000
1843321	0.800000000
3604209	0.200000000
2549960	0.100000000
1930084	0.800000000
114799	0.500000000
1085426	0.200000000
2037380	0.500000000
3034900	0.500000000
953502	0.500000000
2267602	0.200000000
1006261	0.800000000
2340362	0.500000000
2898336	0.800000000
1567003	0.800000000
3139703	0.100000000
443885	0.200000000
2763346	0.800000000
2974497	0.800000000
2989083	0.100000000
772850	0.800000000
1944599	0.800000000
159395	0.200000000
2356546	0.400000000
2163711	0.800000000
1561043	0.800000000
7696	0.800000000
497589	0.800000000
3198783	0.100000000
1714114	0.200000000
456585	0.800000000
3187168	0.200000000
2915319	0.800000000
3010651	0.800000000
1028305	0.800000000
1692500	0.800000000
1751735	0.800000000
2645228	0.800000000
976602	0.800000000
2993329	0.800000000
3001562	0.800000000
45932	0.600000000
1996368	0.800000000
444419	0.800000000
1970482	0.800000000
1055210	0.500000000
18935	0.800000000
2057142	0.800000000
694517	0.200000000
2359066	0.800000000
37090	0.500000000
717981	0.800000000
3066751	0.100000000
764571	0.700000000
2622388	0.800000000
1569422	0.200000000
1502537	0.800000000
2791445	0.800000000
1874300	0.100000000
1446576	0.500000000
542530	0.800000000
328020	0.200000000
437288	0.200000000
2875711	0.800000000
1152260	0.800000000
2379112	0.800000000
523881	0.800000000
3377898	0.100000000
1058463	0.500000000
560516	0.800000000
1277776	0.800000000
182857	0.500000000
1910546	0.800000000
1130566	0.800000000
2425221	0.700000000
262865	0.200000000
171941	0.800000000
1866874	0.200000000
2010135	0.300000000
2541470	0.800000000
1837982	0.800000000
1293201	0.800000000
703327	0.500000000
2495078	0.800000000
914196	0.800000000
2658344	0.600000000
2417987	0.800000000
1854178	0.800000000
3070571	0.800000000
590857	0.800000000
2012677	0.200000000
3001656	0.800000000
752527	0.800000000
111051	0.800000000
15765	0.800000000
2953113	0.800000000
3073203	0.800000000
1874856	0.800000000
716193	0.800000000
247712	0.500000000
998953	0.800000000
3384795	0.800000000
107003	0.400000000
296071	0.500000000
1533342	0.800000000
676568	0.800000000
497116	0.800000000
1735914	0.200000000
529748	0.800000000
1374561	0.800000000
497788	0.800000000
2383074	0.200000000
12890	0.800000000
741894	0.800000000
2591129	0.800000000
1948112	0.800000000
2012615	0.500000000
2437785	0.800000000
1713699	0.600000000
3008240	0.200000000
976139	0.800000000
831592	0.800000000
10911	0.500000000
1881544	0.800000000
2900577	0.800000000
2811350	0.800000000
2563804	0.800000000
1866017	0.800000000
2712439	0.800000000
3014809	0.800000000
2777391	0.500000000
2482564	0.800000000
533845	0.800000000
227383	0.800000000
608054	0.200000000
1244991	0.800000000
569808	0.300000000
2222370	0.400000000
2872560	0.800000000
1348689	0.800000000
1891887	0.200000000
2500081	0.800000000
131751	0.800000000
2945970	0.800000000
2102241	0.800000000
1421002	0.500000000
1620220	0.800000000
659289	0.800000000
2577520	0.100000000
1393664	0.200000000
2959975	0.100000000
3171786	0.800000000
1902288	0.200000000
3088119	0.300000000
1096189	0.800000000
472188	0.800000000
2959513	0.800000000
2163896	0.500000000
27835	0.800000000
1410131	0.800000000
17743	0.800000000
152402	0.500000000
2101917	0.700000000
2343219	0.800000000
633818	0.800000000
156428	0.800000000
1667603	0.800000000
896455	0.800000000
448161	0.800000000
1157411	0.800000000
1044532	0.200000000
2954562	0.800000000
2279063	0.800000000
1800665	0.800000000
237218	0.800000000
2563819	0.800000000
2692273	0.500000000
955975	0.200000000
2101019	0.500000000
664661	0.800000000
3316267	0.800000000
2899	0.800000000
1313387	0.800000000
3059220	0.800000000
831884	0.200000000
3131968	0.500000000
2653355	0.400000000
455861	0.200000000
2485160	0.100000000
2686792	0.800000000
2825767	0.100000000
1687462	0.800000000
2979670	0.800000000
642705	0.800000000
1310423	0.800000000
2747535	0.800000000
3057026	0.800000000
1708621	0.800000000
2964633	0.400000000
1505276	0.100000000
3114150	0.500000000
982079	0.800000000
294106	0.800000000
2368882	0.800000000
632785	0.800000000
442474	0.800000000
2470780	0.800000000
397072	0.800000000
1436622	0.600000000
1318418	0.200000000
3049504	0.800000000
2570694	0.800000000
2035020	0.500000000
1176417	0.800000000
2030541	0.800000000
1737762	0.100000000
1462356	0.800000000
632527	0.800000000
1829008	0.500000000
52114	0.100000000
805588	0.800000000
929478	0.500000000
1186296	0.800000000
1163415	0.800000000
1313990	0.800000000
2429232	0.800000000
1128483	0.500000000
1166245	0.100000000
2132772	0.800000000
964346	0.800000000
1316354	0.500000000
1801016	0.800000000
2873741	0.800000000
3050362	0.100000000
2027695	0.500000000
60747	0.800000000
2400468	0.100000000
2125187	0.800000000
2645537	0.800000000
583100	0.800000000
3008698	0.800000000
2699850	0.100000000
1962295	0.800000000
1715384	0.800000000
3102116	0.500000000
1988042	0.100000000
3106417	0.800000000
2985822	0.800000000
50579	0.800000000
1816204	0.500000000
1302945	0.800000000
264091	0.800000000
807822	0.800000000
1103187	0.800000000
2332346	0.500000000
767394	0.800000000
3153694	0.800000000
544801	0.300000000
1070812	0.800000000
1015315	0.800000000
3105671	0.800000000
1735863	0.800000000
784859	0.800000000
368951	0.800000000
515677	0.800000000
1367233	0.800000000
3035967	0.800000000
2856603	0.400000000
2258800	0.800000000
744107	0.800000000
118308	0.800000000
406031	0.800000000
2320294	0.800000000
2973341	0.200000000
2953800	0.500000000
675314	0.800000000
764953	0.200000000
753889	0.800000000
2904877	0.200000000
269278	0.800000000
2400302	0.300000000
2620711	0.800000000
2180536	0.800000000
2221053	0.800000000
41250	0.500000000
1282721	0.200000000
103698	0.800000000
637273	0.500000000
2682098	0.800000000
1829539	0.800000000
2748393	0.100000000
2210954	0.800000000
1011135	0.100000000
1089736	0.800000000
1524997	0.800000000
2708586	0.100000000
3062875	0.100000000
2177101	0.800000000
152985	0.500000000
604455	0.300000000
2910538	0.800000000
2899900	0.800000000
244293	0.800000000
1867642	0.800000000
1696780	0.200000000
2322108	0.800000000
1725884	0.800000000
2523446	0.200000000
2999809	0.300000000
852560	0.800000000
3002196	0.500000000
2750557	0.200000000
13541	0.200000000
3042203	0.800000000
2913930	0.800000000
2523137	0.800000000
3149095	0.300000000
2288495	0.800000000
1005161	0.800000000
1843516	0.600000000
1140444	0.300000000
3118630	0.800000000
43137	0.800000000
3061101	0.400000000
718660	0.800000000
2169831	0.800000000
1906519	0.100000000
2697314	0.700000000
818591	0.200000000
53906	0.800000000
2647397	0.200000000
1497718	0.800000000
2651462	0.200000000
2059109	0.800000000
1758141	0.800000000
1969004	0.800000000
2526508	0.100000000
1206608	0.800000000
2944593	0.100000000
3376640	0.800000000
2289978	0.400000000
2569296	0.800000000
128015	0.800000000
2864092	0.200000000
2176260	0.800000000
2885639	0.500000000
2069481	0.800000000
51553	0.100000000
9849	0.800000000
2655053	0.200000000
1401794	0.100000000
1333886	0.800000000
684642	0.500000000
1036273	0.100000000
2566540	0.800000000
1016750	0.200000000
2810505	0.500000000
640807	0.800000000
464118	0.800000000
2893586	0.800000000
2079429	0.100000000
2201236	0.800000000
570174	0.500000000
2201545	0.800000000
947234	0.200000000
3070995	0.800000000
1381156	0.100000000
2503041	0.500000000
1342412	0.200000000
805869	0.800000000
20046	0.800000000
2140095	0.500000000
1827288	0.800000000
170591	0.800000000
938701	0.200000000
3087500	0.800000000
3200042	0.500000000
2722996	0.500000000
3023110	0.800000000
229020	0.100000000
3030956	0.800000000
2922140	0.500000000
1487285	0.200000000
1701736	0.400000000
1110954	0.200000000
1527950	0.800000000
2135105	0.800000000
982885	0.800000000
2382467	0.800000000
2166173	0.800000000
358320	0.500000000
1832211	0.800000000
323884	0.800000000
2045783	0.200000000
1770705	0.500000000
3125640	0.100000000
2115380	0.100000000
1569885	0.800000000
13644	0.800000000
56909	0.800000000
3007384	0.800000000
832135	0.800000000
1161204	0.800000000
2687458	0.500000000
2680055	0.100000000
2650157	0.100000000
2251579	0.800000000
2586898	0.800000000
455757	0.600000000
3023028	0.500000000
104238	0.800000000
2896370	0.800000000
62797	0.100000000
2525457	0.600000000
2664943	0.800000000
3036045	0.800000000
59246	0.800000000
2369814	0.200000000
2157053	0.800000000
2782488	0.800000000
605716	0.800000000
408605	0.800000000
1379210	0.800000000
2933402	0.500000000
3065458	0.800000000
1093954	0.800000000
1169668	0.800000000
2400659	0.100000000
1718788	0.400000000
18506	0.800000000
2704966	0.800000000
1064825	0.500000000
1672749	0.200000000
2195362	0.800000000
65169	0.800000000
1409927	0.800000000
3008485	0.600000000
1292768	0.800000000
562124	0.800000000
2439021	0.800000000
3098794	0.800000000
3012701	0.800000000
2719535	0.200000000
1144643	0.500000000
2987441	0.800000000
769402	0.200000000
2224103	0.500000000
274823	0.800000000
2965693	0.800000000
842313	0.800000000
1737248	0.800000000
2447280	0.800000000
2211358	0.800000000
618540	0.800000000
1613904	0.800000000
1949699	0.100000000
2927065	0.200000000
1852806	0.800000000
2739941	0.800000000
3489201	0.800000000
59794	0.800000000
2980059	0.200000000
612588	0.800000000
1429421	0.800000000
1115531	0.800000000
2297152	0.200000000
61870	0.800000000
435387	0.800000000
808531	0.800000000
163422	0.800000000
1098590	0.800000000
296307	0.300000000
2833556	0.600000000
2915758	0.800000000
3226823	0.200000000
1792239	0.200000000
3360002	0.800000000
1794213	0.800000000
1850332	0.200000000
1634016	0.800000000
2994482	0.800000000
2066786	0.800000000
1063397	0.800000000
1864258	0.200000000
1069397	0.100000000
3058845	0.800000000
488695	0.800000000
1456766	0.800000000
2760217	0.800000000
2012040	0.800000000
2570105	0.800000000
1729034	0.800000000
1291484	0.800000000
486230	0.300000000
2023725	0.800000000
3056922	0.700000000
2073472	0.800000000
3600829	0.400000000
2020295	0.200000000
1206212	0.700000000
1560823	0.800000000
1710849	0.800000000
634107	0.800000000
2722776	0.800000000
1095124	0.200000000
54416	0.800000000
971462	0.800000000
1353202	0.800000000
1865007	0.300000000
1700237	0.800000000
3061226	0.800000000
3166651	0.800000000
284880	0.800000000
3039837	0.800000000
326463	0.500000000
1702392	0.800000000
2942341	0.800000000
2976316	0.800000000
3115576	0.800000000
2085920	0.800000000
3067123	0.200000000
519564	0.200000000
24580	0.800000000
3239568	0.800000000
3047408	0.800000000
814284	0.800000000
1543175	0.800000000
2313942	0.500000000
601869	0.800000000
2453249	0.700000000
2085228	0.800000000
920037	0.100000000
1835201	0.500000000
1805067	0.800000000
2848746	0.800000000
3040718	0.100000000
2884268	0.500000000
1349475	0.300000000
1991139	0.800000000
964918	0.800000000
793436	0.800000000
1755521	0.200000000
2968137	0.300000000
2984556	0.800000000
1084966	0.800000000
2931282	0.300000000
3037215	0.800000000
319770	0.800000000
1863822	0.800000000
1444775	0.800000000
1931026	0.200000000
101695	0.100000000
1645313	0.800000000
1438030	0.800000000
294190	0.800000000
2625477	0.800000000
3039662	0.800000000
2721235	0.800000000
2659680	0.300000000
1348330	0.800000000
1447385	0.800000000
2544621	0.800000000
1406497	0.800000000
977516	0.800000000
2183204	0.100000000
681677	0.800000000
2636400	0.800000000
3038637	0.800000000
3012699	0.800000000
2684249	0.800000000
3150534	0.800000000
2486060	0.500000000
3113701	0.500000000
1006400	0.800000000
1171514	0.700000000
3325766	0.100000000
1242678	0.100000000
2942118	0.200000000
2977033	0.800000000
2718587	0.800000000
70237	0.800000000
973801	0.800000000
1324649	0.200000000
2728267	0.800000000
1407109	0.400000000
1824460	0.200000000
1172278	0.700000000
977144	0.800000000
1780085	0.800000000
2712970	0.800000000
1977078	0.100000000
320853	0.500000000
1892883	0.300000000
368399	0.700000000
1207900	0.300000000
74127	0.800000000
1969391	0.800000000
3094831	0.800000000
665761	0.800000000
3007455	0.800000000
1432452	0.500000000
1610766	0.200000000
2971919	0.100000000
3013080	0.500000000
2941032	0.200000000
1973603	0.800000000
1280291	0.800000000
2457882	0.800000000
3072611	0.800000000
37480	0.800000000
2408144	0.200000000
2764912	0.100000000
2691290	0.500000000
3042725	0.500000000
2238175	0.200000000
765838	0.800000000
1316816	0.800000000
1266282	0.800000000
2469080	0.700000000
1706901	0.100000000
3022671	0.800000000
2269	0.500000000
3132319	0.800000000
451715	0.200000000
3603	0.800000000
534715	0.800000000
1005682	0.800000000
2753436	0.100000000
7627	0.400000000
2472306	0.300000000
3013585	0.800000000
2203808	0.800000000
2086687	0.200000000
2859528	0.500000000
180025	0.800000000
2056832	0.800000000
1571192	0.800000000
410100	0.800000000
5264	0.800000000
1336873	0.800000000
1688006	0.800000000
1709528	0.800000000
8212	0.800000000
3076843	0.800000000
511299	0.100000000
12026	0.200000000
798610	0.800000000
299614	0.500000000
2693408	0.200000000
1408952	0.800000000
1130241	0.800000000
1157903	0.800000000
656272	0.400000000
3119902	0.500000000
876616	0.200000000
731299	0.800000000
1055849	0.800000000
2878507	0.800000000
1500771	0.800000000
2197885	0.100000000
2794022	0.800000000
2704428	0.800000000
1200812	0.800000000
2996371	0.100000000
1710064	0.800000000
37195	0.800000000
2861	0.800000000
748193	0.800000000
2080429	0.500000000
2223162	0.800000000
1299939	0.800000000
3147625	0.800000000
2705634	0.800000000
2467358	0.800000000
2280854	0.500000000
2170722	0.800000000
2770429	0.800000000
859379	0.800000000
772752	0.800000000
2423033	0.800000000
3129278	0.200000000
3518844	0.600000000
1345882	0.800000000
1197657	0.500000000
509929	0.800000000
1179824	0.400000000
303016	0.500000000
2188837	0.800000000
2844196	0.800000000
2995761	0.800000000
1699097	0.500000000
2663435	0.200000000
924767	0.200000000
1002591	0.800000000
1615876	0.800000000
3173828	0.100000000
1263303	0.800000000
2625873	0.200000000
253863	0.200000000
3125291	0.800000000
4251	0.500000000
2278099	0.200000000
350920	0.800000000
2641754	0.800000000
87448	0.800000000
2190279	0.800000000
2942696	0.100000000
3058131	0.800000000
1203897	0.800000000
1875314	0.800000000
709954	0.200000000
876815	0.800000000
3057622	0.100000000
1135082	0.300000000
482885	0.200000000
2301274	0.800000000
1869719	0.500000000
3098376	0.800000000
1997444	0.100000000
2586350	0.500000000
139973	0.700000000
1780785	0.800000000
1623495	0.500000000
1576548	0.800000000
451393	0.200000000
1750628	0.200000000
2733365	0.400000000
2898992	0.800000000
2248180	0.500000000
686609	0.800000000
1713563	0.200000000
2358570	0.800000000
3050570	0.800000000
3186035	0.500000000
1271579	0.800000000
561859	0.800000000
2162144	0.800000000
551985	0.800000000
1754707	0.800000000
3542918	0.400000000
2022465	0.200000000
1029182	0.800000000
1524807	0.800000000
2155770	0.300000000
437036	0.800000000
535077	0.500000000
529845	0.800000000
966850	0.800000000
2067089	0.800000000
2822308	0.100000000
2306203	0.300000000
708162	0.800000000
410963	0.500000000
626501	0.200000000
1227096	0.800000000
981192	0.800000000
2281726	0.800000000
11217	0.800000000
3104663	0.200000000
1984910	0.800000000
162563	0.800000000
136189	0.800000000
21248	0.400000000
775641	0.800000000
1888798	0.500000000
2039020	0.700000000
1117370	0.200000000
1995199	0.400000000
1586751	0.800000000
1046756	0.200000000
992014	0.800000000
18380	0.800000000
1593811	0.200000000
1856786	0.300000000
3105194	0.400000000
514216	0.800000000
2929940	0.200000000
970594	0.800000000
2747985	0.400000000
2475937	0.800000000
1407455	0.200000000
398460	0.800000000
2586753	0.100000000
1262966	0.800000000
870514	0.800000000
895554	0.200000000
2031045	0.800000000
3141995	0.800000000
3087576	0.800000000
1296218	0.200000000
405902	0.400000000
52520	0.500000000
3145702	0.800000000
985619	0.100000000
2659547	0.300000000
2785678	0.600000000
740188	0.800000000
321415	0.100000000
689876	0.800000000
290879	0.600000000
3432076	0.300000000
2056141	0.800000000
2264405	0.500000000
112810	0.800000000
2968441	0.100000000
213797	0.800000000
463492	0.100000000
3749	0.800000000
1519876	0.800000000
495839	0.800000000
634363	0.800000000
3191435	0.100000000
615975	0.100000000
1753021	0.800000000
259116	0.800000000
852839	0.100000000
707689	0.800000000
494863	0.800000000
1007766	0.800000000
386037	0.800000000
144680	0.300000000
2772046	0.800000000
1649494	0.800000000
2168241	0.800000000
291412	0.800000000
3189014	0.800000000
1731558	0.300000000
3121674	0.400000000
1612645	0.800000000
2873903	0.800000000
2229262	0.800000000
1422318	0.800000000
2435754	0.800000000
2593198	0.800000000
508986	0.800000000
3034050	0.800000000
175228	0.100000000
2028037	0.800000000
1525810	0.800000000
1752659	0.800000000
336186	0.200000000
2603517	0.300000000
2836703	0.500000000
2637353	0.500000000
540238	0.500000000
1361539	0.800000000
3189569	0.100000000
155822	0.800000000
2798134	0.800000000
1957056	0.800000000
2098855	0.300000000
2815744	0.200000000
2962101	0.400000000
2942718	0.800000000
1004341	0.800000000
306438	0.100000000
1604604	0.800000000
3011707	0.800000000
2269381	0.800000000
2670354	0.500000000
2698605	0.800000000
2024679	0.800000000
778156	0.800000000
1148222	0.800000000
2055352	0.800000000
1413816	0.200000000
284855	0.800000000
1387387	0.200000000
965441	0.800000000
3501911	0.200000000
2995021	0.500000000
1729210	0.800000000
2367671	0.800000000
2447121	0.800000000
1532831	0.300000000
1847472	0.200000000
1804318	0.700000000
1110206	0.200000000
3542	0.800000000
716250	0.200000000
2056588	0.800000000
2900324	0.200000000
1808600	0.800000000
1697719	0.400000000
1010325	0.500000000
2941305	0.800000000
1025981	0.800000000
137778	0.800000000
3017938	0.100000000
3024168	0.800000000
1474297	0.800000000
1350183	0.300000000
1755236	0.800000000
2247409	0.200000000
1170240	0.800000000
195012	0.800000000
2254242	0.800000000
2445095	0.300000000
821480	0.300000000
66660	0.800000000
2059669	0.200000000
1649251	0.800000000
776464	0.500000000
1750871	0.200000000
735644	0.800000000
2656321	0.800000000
1309005	0.800000000
106097	0.300000000
2694732	0.800000000
52989	0.200000000
1873762	0.200000000
2870932	0.800000000
234471	0.100000000
2943213	0.700000000
1765280	0.800000000
2568745	0.800000000
15622	0.200000000
1498454	0.800000000
47813	0.500000000
697961	0.800000000
1860652	0.800000000
3072073	0.500000000
2468825	0.800000000
29411	0.200000000
2209006	0.800000000
36631	0.800000000
2856922	0.800000000
2974842	0.800000000
1271916	0.800000000
2081635	0.500000000
2705387	0.800000000
968882	0.800000000
296019	0.800000000
1129469	0.800000000
14313	0.200000000
1092315	0.200000000
752031	0.500000000
2221393	0.800000000
1371549	0.800000000
2611936	0.800000000
621939	0.100000000
130621	0.800000000
2669080	0.500000000
276059	0.800000000
139812	0.800000000
979155	0.800000000
825320	0.800000000
3224896	0.100000000
2758450	0.800000000
2523925	0.800000000
1511667	0.200000000
957860	0.500000000
2801335	0.800000000
2984940	0.100000000
834383	0.500000000
318615	0.800000000
902545	0.800000000
2913570	0.300000000
2565676	0.600000000
2727927	0.500000000
24408	0.800000000
871990	0.500000000
961180	0.800000000
2644496	0.200000000
5650	0.800000000
2566415	0.800000000
21003	0.200000000
2295559	0.800000000
1634440	0.800000000
127102	0.100000000
2748499	0.800000000
1323499	0.800000000
3006359	0.800000000
89867	0.800000000
320675	0.800000000
246971	0.200000000
2615446	0.800000000
1781183	0.800000000
3023709	0.800000000
2125765	0.500000000
1268441	0.800000000
14820	0.100000000
2362668	0.300000000
2646878	0.500000000
50479	0.800000000
1694173	0.500000000
2164233	0.800000000
1868130	0.200000000
1347615	0.100000000
2820416	0.800000000
1121647	0.800000000
2958251	0.100000000
2160163	0.500000000
3083225	0.800000000
2037767	0.100000000
13033	0.800000000
681626	0.300000000
470454	0.800000000
3012943	0.500000000
2474517	0.800000000
2740810	0.800000000
2756583	0.300000000
479885	0.800000000
3044686	0.800000000
3573102	0.200000000
2597545	0.800000000
710875	0.800000000
2331004	0.600000000
2207024	0.800000000
242403	0.700000000
2852073	0.200000000
294946	0.800000000
2434502	0.800000000
1201223	0.200000000
1294232	0.800000000
2042047	0.100000000
2819693	0.100000000
3181511	0.700000000
1383062	0.800000000
763895	0.200000000
2587799	0.800000000
678893	0.500000000
2934237	0.500000000
2187697	0.800000000
1532333	0.800000000
494548	0.500000000
2896013	0.800000000
2622211	0.800000000
178430	0.800000000
1813516	0.600000000
1235482	0.800000000
3022487	0.100000000
3134140	0.800000000
2065141	0.400000000
2113839	0.800000000
1434710	0.800000000
211707	0.800000000
1754658	0.100000000
1471925	0.200000000
1858638	0.800000000
1534512	0.500000000
1022937	0.800000000
1693265	0.500000000
8287	0.800000000
1222834	0.800000000
2211476	0.800000000
1592420	0.800000000
2941972	0.800000000
3205638	0.800000000
579444	0.200000000
2079977	0.800000000
3118413	0.200000000
11212	0.800000000
2927183	0.800000000
349814	0.800000000
2215520	0.800000000
3369858	0.800000000
1103407	0.200000000
1965128	0.500000000
2751258	0.800000000
1281752	0.100000000
1908535	0.800000000
1980741	0.200000000
972945	0.800000000
823268	0.800000000
2354816	0.200000000
2247982	0.800000000
10774	0.800000000
3037414	0.200000000
1120289	0.500000000
2370956	0.800000000
1613217	0.200000000
3060605	0.500000000
340864	0.800000000
816827	0.200000000
917216	0.800000000
2651114	0.800000000
2426220	0.800000000
1670419	0.800000000
1326634	0.800000000
2129575	0.800000000
2659252	0.500000000
2920513	0.300000000
302140	0.200000000
2123597	0.200000000
971478	0.800000000
2703943	0.400000000
1838375	0.800000000
2884790	0.800000000
2673143	0.800000000
16540	0.400000000
2773916	0.500000000
3125003	0.100000000
2919013	0.800000000
1772202	0.800000000
2882261	0.100000000
29852	0.200000000
2008951	0.100000000
3014361	0.800000000
1372536	0.800000000
1319355	0.800000000
3003910	0.800000000
2935887	0.800000000
548724	0.800000000
2932984	0.800000000
2267467	0.800000000
52447	0.200000000
2048877	0.800000000
3163457	0.400000000
1963740	0.800000000
3075270	0.800000000
2833808	0.200000000
1483399	0.800000000
2946329	0.500000000
2716031	0.500000000
2594923	0.100000000
3036091	0.200000000
99320	0.800000000
3029969	0.500000000
810300	0.800000000
2767913	0.800000000
1203788	0.800000000
1177902	0.300000000
388471	0.500000000
2918880	0.800000000
956538	0.800000000
973931	0.500000000
2208329	0.800000000
257442	0.800000000
1698553	0.400000000
2264067	0.800000000
826902	0.500000000
2933083	0.400000000
427218	0.800000000
3146440	0.100000000
2431418	0.800000000
2065085	0.800000000
1429539	0.800000000
2711534	0.500000000
653708	0.100000000
434095	0.800000000
2066219	0.800000000
646419	0.800000000
800303	0.800000000
2362554	0.800000000
1011405	0.700000000
2281033	0.800000000
567326	0.800000000
1298046	0.800000000
655426	0.800000000
331761	0.800000000
2338104	0.800000000
2841761	0.800000000
1924850	0.800000000
1928327	0.100000000
3013073	0.100000000
2595207	0.800000000
2759030	0.500000000
2216896	0.800000000
2086147	0.800000000
940192	0.800000000
1451098	0.400000000
336459	0.800000000
2899524	0.200000000
1265177	0.800000000
478825	0.800000000
2234783	0.800000000
3050224	0.800000000
697005	0.800000000
3118675	0.800000000
2521075	0.800000000
2684030	0.100000000
1869109	0.100000000
1739247	0.800000000
1915598	0.600000000
533321	0.500000000
2183542	0.800000000
2137148	0.800000000
2815643	0.200000000
299610	0.700000000
2050872	0.800000000
2333740	0.800000000
319918	0.800000000
2331249	0.500000000
3078203	0.300000000
279426	0.700000000
1107585	0.400000000
2626948	0.500000000
3023727	0.300000000
2989088	0.800000000
2001862	0.200000000
2966451	0.800000000
3040644	0.500000000
1228133	0.600000000
3128726	0.800000000
1036859	0.200000000
2125066	0.800000000
3099191	0.800000000
2901519	0.800000000
1785616	0.100000000
1355107	0.800000000
3008432	0.800000000
2291169	0.800000000
3067135	0.800000000
3590020	0.100000000
1420326	0.800000000
540011	0.800000000
693472	0.200000000
1351133	0.800000000
3005279	0.800000000
420443	0.100000000
1813195	0.100000000
20953	0.500000000
1148507	0.800000000
2056008	0.800000000
1313680	0.800000000
1398675	0.100000000
2723650	0.800000000
987693	0.800000000
2832529	0.200000000
2421026	0.800000000
2791036	0.800000000
3102501	0.800000000
1807657	0.300000000
2354841	0.100000000
1748578	0.800000000
981112	0.400000000
1284080	0.800000000
2440794	0.300000000
2038512	0.800000000
1075915	0.800000000
2614322	0.800000000
1105657	0.800000000
2931026	0.800000000
2185181	0.700000000
558365	0.800000000
2940698	0.800000000
5916	0.800000000
310187	0.800000000
2899725	0.800000000
818682	0.800000000
2736377	0.100000000
2053512	0.800000000
895467	0.800000000
3063107	0.800000000
3092983	0.100000000
461045	0.800000000
2576777	0.800000000
422460	0.800000000
492893	0.500000000
29475	0.800000000
243333	0.800000000
2951880	0.800000000
2700823	0.800000000
2423758	0.800000000
3028554	0.500000000
731397	0.800000000
2035629	0.100000000
973643	0.500000000
1255622	0.500000000
2696714	0.800000000
3015288	0.800000000
2666128	0.800000000
3099025	0.800000000
250053	0.800000000
3105344	0.200000000
1793716	0.500000000
943865	0.100000000
2671457	0.800000000
87053	0.800000000
984411	0.200000000
325186	0.800000000
1981785	0.800000000
2541765	0.200000000
179419	0.200000000
2461518	0.800000000
843628	0.800000000
510381	0.800000000
705301	0.200000000
3062400	0.800000000
228871	0.800000000
1883701	0.800000000
1950412	0.800000000
69653	0.800000000
600080	0.800000000
1441748	0.500000000
2936674	0.800000000
183110	0.500000000
1514694	0.800000000
1675535	0.800000000
1407152	0.800000000
3146001	0.800000000
479646	0.800000000
254730	0.800000000
483516	0.200000000
1807671	0.800000000
2434794	0.100000000
94930	0.800000000
2829559	0.500000000
3102541	0.800000000
3132932	0.200000000
2534681	0.400000000
3320052	0.800000000
3114973	0.800000000
1233123	0.800000000
2401224	0.800000000
1240850	0.800000000
101604	0.100000000
2791301	0.800000000
3238521	0.800000000
3088116	0.500000000
395096	0.800000000
1800274	0.200000000
2971557	0.800000000
637291	0.500000000
923467	0.800000000
2448406	0.800000000
2518562	0.800000000
26940	0.200000000
3317457	0.800000000
1077494	0.800000000
3015453	0.800000000
2051391	0.500000000
1430786	0.500000000
960301	0.800000000
1650056	0.800000000
565458	0.200000000
2835445	0.800000000
832233	0.800000000
1242153	0.400000000
3020555	0.800000000
1987609	0.800000000
1952859	0.300000000
1948560	0.200000000
3007708	0.800000000
2995172	0.200000000
632220	0.800000000
676284	0.800000000
2168644	0.500000000
2696252	0.200000000
131837	0.200000000
304333	0.700000000
2330734	0.800000000
1891434	0.800000000
1932101	0.400000000
777541	0.800000000
1965072	0.800000000
820360	0.800000000
2116281	0.100000000
2752	0.800000000
1706629	0.800000000
1285091	0.800000000
825418	0.800000000
3156741	0.800000000
52330	0.100000000
1259155	0.800000000
3063951	0.100000000
2880038	0.800000000
3111260	0.800000000
3122611	0.800000000
1674001	0.800000000
1422867	0.800000000
665473	0.500000000
1146385	0.800000000
1097310	0.500000000
2822009	0.800000000
110646	0.300000000
386847	0.800000000
14805	0.800000000
589245	0.800000000
771420	0.200000000
3042287	0.500000000
1021285	0.400000000
2313011	0.100000000
10193	0.800000000
667469	0.800000000
1866744	0.200000000
3236937	0.800000000
5222	0.800000000
913455	0.800000000
2680181	0.800000000
625188	0.300000000
2216938	0.800000000
1457909	0.500000000
2346892	0.800000000
2769664	0.800000000
1573144	0.500000000
2764620	0.800000000
3226943	0.800000000
1297171	0.800000000
2640107	0.500000000
1093776	0.300000000
2184290	0.800000000
449769	0.200000000
2604916	0.200000000
1761777	0.800000000
88402	0.800000000
2762533	0.800000000
1862426	0.800000000
2575063	0.800000000
1414299	0.800000000
2079845	0.800000000
3054459	0.300000000
484084	0.800000000
2427664	0.600000000
1994996	0.500000000
3042460	0.600000000
2709264	0.300000000
247635	0.800000000
2688624	0.100000000
2114271	0.900000000
2668407	0.800000000
2698325	0.800000000
3043566	0.200000000
2251164	0.800000000
2214457	0.200000000
1213316	0.800000000
2629677	0.300000000
1247507	0.800000000
143275	0.800000000
1050709	0.800000000
342176	0.800000000
1768957	0.200000000
541630	0.500000000
1930020	0.200000000
3019543	0.200000000
1333683	0.200000000
1910671	0.600000000
1742890	0.200000000
2979099	0.800000000
1531420	0.500000000
2774269	0.800000000
3333708	0.100000000
1370113	0.200000000
2633613	0.800000000
2986442	0.800000000
864363	0.800000000
1086496	0.800000000
3033047	0.800000000
1727799	0.500000000
633443	0.800000000
558848	0.200000000
1912064	0.800000000
3173995	0.800000000
1930221	0.800000000
2949306	0.800000000
2228925	0.400000000
1	0.100000000
3008719	0.200000000
2688256	0.800000000
2719361	0.300000000
538902	0.800000000
2597642	0.800000000
3376	0.500000000
2862634	0.800000000
2763662	0.400000000
2055745	0.800000000
973044	0.800000000
254150	0.800000000
229015	0.800000000
2663695	0.500000000
1696928	0.500000000
1016095	0.800000000
2860804	0.800000000
3005823	0.600000000
2259274	0.800000000
1999575	0.500000000
2993489	0.800000000
3127042	0.800000000
2262097	0.800000000
2132654	0.200000000
946281	0.800000000
2281364	0.200000000
568262	0.400000000
2877464	0.800000000
2171678	0.800000000
1165657	0.800000000
3043545	0.100000000
2796528	0.800000000
1185504	0.800000000
2081672	0.400000000
89988	0.800000000
2713841	0.200000000
2114132	0.800000000
3185539	0.100000000
2144331	0.500000000
2384397	0.800000000
217559	0.200000000
1436609	0.800000000
632437	0.200000000
2208981	0.800000000
1661257	0.200000000
1000517	0.200000000
3071740	0.200000000
2708429	0.100000000
1947398	0.800000000
2880233	0.800000000
136752	0.800000000
3084919	0.400000000
1525640	0.800000000
2665090	0.800000000
2563307	0.800000000
2789287	0.100000000
1984137	0.800000000
3128503	0.400000000
2912688	0.500000000
2767869	0.500000000
5171	0.800000000
1905507	0.800000000
1219527	0.500000000
3243228	0.800000000
1980508	0.800000000
2558833	0.800000000
2914992	0.800000000
1274477	0.800000000
1337837	0.800000000
2913071	0.800000000
2855569	0.800000000
1867271	0.800000000
1745248	0.600000000
2602228	0.800000000
204792	0.800000000
2213104	0.800000000
6353	0.800000000
1020074	0.500000000
2610952	0.200000000
1056910	0.200000000
3120931	0.800000000
592327	0.100000000
341605	0.700000000
1832471	0.800000000
3139709	0.500000000
3048345	0.800000000
180948	0.800000000
3031926	0.100000000
527862	0.800000000
175528	0.800000000
958705	0.800000000
1844242	0.800000000
3507514	0.800000000
107328	0.800000000
501836	0.800000000
2574792	0.800000000
2405797	0.200000000
1281236	0.800000000
1436213	0.800000000
254407	0.100000000
922931	0.800000000
2783737	0.200000000
3054858	0.800000000
2392	0.200000000
443190	0.800000000
884075	0.800000000
659803	0.800000000
1023316	0.800000000
2304571	0.300000000
1748100	0.800000000
3086357	0.800000000
1769367	0.800000000
3133154	0.300000000
582659	0.800000000
3209776	0.800000000
1775376	0.800000000
1753134	0.800000000
243819	0.800000000
2151629	0.100000000
544684	0.300000000
2839988	0.200000000
754494	0.800000000
507467	0.800000000
925562	0.800000000
3150094	0.800000000
999586	0.200000000
1813988	0.800000000
844260	0.800000000
2023951	0.800000000
554791	0.100000000
712779	0.500000000
2559658	0.800000000
2960255	0.100000000
850159	0.500000000
1089268	0.200000000
2640914	0.200000000
1090900	0.500000000
2905142	0.500000000
2253038	0.200000000
3057747	0.500000000
1153781	0.200000000
588766	0.500000000
2131342	0.800000000
2331301	0.800000000
6932	0.800000000
3019830	0.800000000
322934	0.800000000
949188	0.200000000
997326	0.800000000
708043	0.800000000
3019847	0.800000000
1849922	0.800000000
1185295	0.800000000
1183723	0.800000000
3002668	0.200000000
2621869	0.400000000
3063667	0.800000000
640332	0.500000000
2103376	0.500000000
2934961	0.800000000
2990427	0.800000000
2541693	0.400000000
2627748	0.500000000
2051472	0.800000000
766124	0.500000000
21754	0.200000000
2968506	0.100000000
289176	0.800000000
3046100	0.800000000
1984432	0.800000000
3168757	0.200000000
529936	0.800000000
1423209	0.200000000
3	0.100000000
3037384	0.500000000
750066	0.800000000
1236623	0.800000000
655834	0.800000000
1565638	0.800000000
2169345	0.200000000
3129710	0.500000000
3224740	0.800000000
605542	0.500000000
808776	0.800000000
3082860	0.800000000
3075731	0.800000000
1282869	0.800000000
2593235	0.500000000
271714	0.100000000
172059	0.800000000
2163882	0.800000000
575405	0.200000000
2522763	0.800000000
198735	0.500000000
2915771	0.800000000
73926	0.800000000
1089848	0.500000000
2861023	0.200000000
3082458	0.300000000
2387276	0.800000000
484227	0.200000000
1002975	0.800000000
455543	0.200000000
1933986	0.800000000
2597252	0.800000000
2604378	0.400000000
2061768	0.800000000
440432	0.800000000
538326	0.800000000
2553112	0.100000000
2579622	0.500000000
2997606	0.800000000
83795	0.800000000
95591	0.200000000
1466186	0.800000000
1150568	0.500000000
572767	0.100000000
811367	0.800000000
672043	0.800000000
2030625	0.800000000
322341	0.100000000
2108618	0.200000000
1591969	0.200000000
1278074	0.800000000
2585584	0.200000000
1886805	0.800000000
1944166	0.800000000
1640734	0.800000000
2458508	0.800000000
1380627	0.800000000
1908920	0.800000000
2796540	0.800000000
827785	0.300000000
2264092	0.800000000
2725738	0.200000000
1180575	0.500000000
2976609	0.100000000
56782	0.200000000
2860666	0.800000000
2639236	0.800000000
1621685	0.800000000
1680692	0.800000000
385876	0.800000000
2983809	0.400000000
3175111	0.400000000
530075	0.800000000
2667644	0.800000000
2914346	0.800000000
2879527	0.500000000
763175	0.800000000
2471029	0.200000000
71805	0.800000000
2919710	0.200000000
1064200	0.800000000
3161453	0.800000000
1258455	0.200000000
958366	0.800000000
3133288	0.800000000
2971730	0.800000000
2834063	0.800000000
3156276	0.800000000
795810	0.600000000
164693	0.300000000
669248	0.100000000
1302024	0.500000000
2070586	0.800000000
1533057	0.800000000
3525558	0.300000000
1853315	0.800000000
523780	0.700000000
2405163	0.300000000
2413406	0.200000000
1146714	0.800000000
1698803	0.800000000
2839961	0.800000000
315035	0.800000000
2939808	0.800000000
2937094	0.800000000
467112	0.800000000
2284332	0.500000000
3062407	0.800000000
1292781	0.800000000
2118530	0.800000000
577687	0.800000000
3039974	0.100000000
295243	0.100000000
332122	0.800000000
2990074	0.800000000
1508102	0.200000000
1489263	0.800000000
2247797	0.500000000
2751598	0.200000000
2608976	0.800000000
3001726	0.300000000
1026972	0.100000000
420603	0.800000000
2158996	0.200000000
3027876	0.500000000
3080862	0.300000000
1414006	0.800000000
2746700	0.800000000
362948	0.800000000
11874	0.800000000
1075022	0.500000000
2333607	0.800000000
1015316	0.800000000
1277405	0.100000000
1171100	0.500000000
822832	0.800000000
2479283	0.200000000
1069278	0.800000000
2434798	0.700000000
650915	0.800000000
1917815	0.800000000
452892	0.800000000
1801086	0.200000000
1441594	0.800000000
2408015	0.800000000
2146899	0.800000000
1853643	0.800000000
1288771	0.200000000
3187968	0.500000000
2733312	0.800000000
2503975	0.800000000
1815497	0.800000000
505897	0.800000000
698631	0.100000000
2017848	0.500000000
774927	0.800000000
342726	0.200000000
2394276	0.500000000
3002779	0.800000000
3048232	0.800000000
240462	0.200000000
1825994	0.500000000
2247984	0.800000000
2411532	0.800000000
2768911	0.800000000
508089	0.800000000
2093435	0.500000000
27628	0.800000000
978283	0.300000000
651625	0.800000000
1846282	0.100000000
71257	0.800000000
1412678	0.800000000
812464	0.800000000
2043116	0.400000000
630139	0.400000000
1679591	0.200000000
3038308	0.200000000
1631973	0.800000000
2370806	0.800000000
3018556	0.800000000
2180211	0.200000000
2220687	0.800000000
3047988	0.200000000
2521703	0.500000000
4112	0.300000000
2744093	0.800000000
27682	0.500000000
558671	0.800000000
2943342	0.800000000
3081229	0.100000000
2669535	0.800000000
3105586	0.800000000
2748100	0.200000000
1264860	0.800000000
2976593	0.800000000
2271080	0.800000000
130150	0.800000000
949406	0.800000000
2122166	0.800000000
2114006	0.200000000
749635	0.300000000
2925688	0.200000000
1157682	0.800000000
2070864	0.800000000
24903	0.800000000
2240784	0.800000000
2289796	0.800000000
404404	0.100000000
1160422	0.500000000
2170258	0.800000000
1739015	0.500000000
1975985	0.800000000
1394240	0.800000000
1661026	0.800000000
3157389	0.400000000
2316176	0.100000000
1631857	0.800000000
1082640	0.800000000
1936	0.300000000
466904	0.800000000
1326850	0.800000000
2780719	0.800000000
3259413	0.800000000
560971	0.800000000
3185520	0.600000000
389212	0.200000000
286107	0.800000000
1487922	0.500000000
534876	0.800000000
2451453	0.100000000
35617	0.800000000
3019238	0.800000000
3005478	0.200000000
3005303	0.800000000
1585790	0.100000000
313673	0.800000000
1034372	0.200000000
3111469	0.100000000
13506	0.800000000
3135928	0.100000000
3113346	0.500000000
1900175	0.600000000
3061753	0.500000000
3071838	0.800000000
2069518	0.800000000
1012980	0.200000000
3043526	0.200000000
2676655	0.800000000
3028544	0.800000000
2508290	0.800000000
2001953	0.800000000
2659832	0.500000000
3097466	0.800000000
2288404	0.800000000
3312443	0.800000000
2189592	0.200000000
423852	0.800000000
1570574	0.200000000
1613113	0.800000000
1568240	0.800000000
3104888	0.700000000
81182	0.800000000
1197400	0.200000000
2543218	0.800000000
904544	0.800000000
940592	0.800000000
1516518	0.800000000
684142	0.800000000
2076976	0.500000000
3024803	0.800000000
415198	0.200000000
2690509	0.800000000
16382	0.800000000
2445813	0.400000000
535053	0.700000000
1968547	0.800000000
2046054	0.800000000
2985452	0.100000000
2123760	0.500000000
2893145	0.800000000
438232	0.800000000
1764600	0.800000000
2920110	0.800000000
1076908	0.800000000
1357175	0.400000000
1069734	0.800000000
1715443	0.800000000
785241	0.800000000
521365	0.200000000
3121935	0.800000000
1887209	0.800000000
1135577	0.300000000
2761381	0.200000000
1949964	0.700000000
638802	0.100000000
2452049	0.800000000
1095662	0.800000000
2550430	0.100000000
68401	0.300000000
1082918	0.800000000
2722897	0.400000000
2173794	0.100000000
2326532	0.200000000
2071753	0.800000000
1091248	0.500000000
828041	0.500000000
2858344	0.800000000
1263018	0.500000000
177830	0.800000000
1504644	0.200000000
2919094	0.500000000
52995	0.800000000
3550572	0.100000000
3084057	0.600000000
2149953	0.800000000
7478	0.800000000
290157	0.500000000
2545907	0.100000000
2651881	0.800000000
2716415	0.800000000
2013031	0.600000000
1260433	0.100000000
3132867	0.800000000
2693592	0.100000000
3047794	0.800000000
2090565	0.800000000
2885071	0.800000000
949470	0.800000000
1534846	0.800000000
3213750	0.800000000
483645	0.800000000
3076918	0.800000000
1908045	0.800000000
1760166	0.800000000
3065119	0.800000000
2682170	0.800000000
519674	0.200000000
30473	0.800000000
1326541	0.800000000
2837970	0.800000000
553662	0.800000000
2888800	0.100000000
2675188	0.800000000
1205826	0.300000000
2459889	0.800000000
3071789	0.400000000
3029879	0.800000000
3033557	0.800000000
1649300	0.800000000
389284	0.800000000
1065395	0.800000000
2480909	0.800000000
604745	0.500000000
2038281	0.800000000
445466	0.800000000
2235434	0.800000000
474034	0.800000000
2966591	0.800000000
2916285	0.200000000
2698653	0.400000000
3052267	0.800000000
1861542	0.200000000
366143	0.800000000
2060242	0.800000000
132347	0.600000000
2458724	0.200000000
3227630	0.100000000
1375215	0.400000000
2773409	0.200000000
707390	0.800000000
1394451	0.500000000
627617	0.800000000
2081700	0.100000000
972230	0.800000000
3106714	0.500000000
2349455	0.600000000
1118058	0.800000000
1164903	0.800000000
2282615	0.800000000
1751590	0.200000000
2288462	0.800000000
3046086	0.200000000
3025004	0.800000000
2868954	0.800000000
3058134	0.200000000
1675003	0.200000000
1886492	0.800000000
181338	0.200000000
2152876	0.200000000
1632986	0.800000000
669303	0.500000000
1016522	0.500000000
506788	0.500000000
1857630	0.300000000
2631055	0.800000000
2938167	0.500000000
2375090	0.800000000
3144587	0.400000000
1120726	0.800000000
2200440	0.400000000
1686421	0.800000000
1622659	0.800000000
2262022	0.200000000
2683910	0.500000000
1919582	0.100000000
2026162	0.200000000
1810737	0.200000000
1029795	0.300000000
689396	0.800000000
452913	0.800000000
766104	0.800000000
1039161	0.800000000
1406379	0.800000000
829955	0.800000000
1391176	0.500000000
3035326	0.800000000
2987262	0.400000000
636976	0.500000000
2888431	0.800000000
67527	0.800000000
1815536	0.200000000
1528511	0.800000000
1414771	0.400000000
2787584	0.800000000
3283977	0.100000000
2257743	0.800000000
3156224	0.800000000
32742	0.800000000
2687180	0.800000000
1485082	0.500000000
2824979	0.200000000
1148336	0.800000000
1836831	0.200000000
1174584	0.800000000
2697398	0.800000000
2954525	0.500000000
3062967	0.500000000
2803593	0.200000000
2177059	0.800000000
684028	0.800000000
1483584	0.800000000
2540547	0.200000000
3158363	0.100000000
1157098	0.800000000
2054164	0.800000000
3150606	0.800000000
3048697	0.800000000
121043	0.700000000
1977277	0.800000000
40303	0.800000000
684297	0.400000000
1567808	0.800000000
1161103	0.800000000
269976	0.200000000
2092955	0.300000000
2996863	0.500000000
3160926	0.100000000
491216	0.800000000
2784799	0.800000000
2964083	0.200000000
356071	0.800000000
1207130	0.800000000
923969	0.800000000
2726386	0.800000000
1150229	0.400000000
1615116	0.800000000
2590050	0.800000000
595735	0.400000000
1417337	0.800000000
1313391	0.200000000
489011	0.400000000
125092	0.800000000
593830	0.500000000
2855426	0.200000000
1508411	0.500000000
28390	0.800000000
2369864	0.800000000
2768071	0.800000000
731109	0.800000000
32020	0.800000000
493602	0.300000000
485518	0.200000000
2696206	0.500000000
1778475	0.800000000
2418918	0.800000000
2665749	0.800000000
965648	0.300000000
45381	0.800000000
199851	0.500000000
3038765	0.500000000
3145650	0.800000000
2849825	0.500000000
1874289	0.100000000
104529	0.800000000
177833	0.800000000
1075344	0.100000000
1072400	0.200000000
2684301	0.800000000
1727540	0.400000000
1811825	0.500000000
1968575	0.800000000
1235322	0.800000000
2734168	0.100000000
3070590	0.800000000
499149	0.400000000
1820298	0.800000000
422374	0.100000000
2436463	0.800000000
2876054	0.400000000
2935891	0.300000000
3029253	0.800000000
2512139	0.600000000
2934278	0.200000000
3184838	0.300000000
2711134	0.100000000
1907550	0.800000000
1874239	0.800000000
2926412	0.300000000
2851923	0.800000000
224661	0.100000000
448196	0.600000000
397162	0.800000000
1269468	0.100000000
1263925	0.800000000
3432342	0.800000000
1444223	0.800000000
2219468	0.400000000
3061856	0.800000000
3078145	0.800000000
3071521	0.200000000
1777723	0.500000000
3040701	0.800000000
257412	0.800000000
753606	0.800000000
1863996	0.200000000
1205066	0.100000000
2250943	0.100000000
2107	0.800000000
2933242	0.100000000
2985098	0.800000000
813777	0.800000000
2283418	0.500000000
3143063	0.800000000
1533502	0.800000000
2030695	0.800000000
2831393	0.200000000
260380	0.800000000
1212908	0.800000000
2256015	0.200000000
2029709	0.800000000
2648087	0.500000000
1701238	0.800000000
1590636	0.200000000
1384267	0.200000000
7675	0.800000000
994476	0.800000000
2029871	0.800000000
646213	0.800000000
282582	0.800000000
2322241	0.800000000
1422044	0.500000000
2650410	0.800000000
1935445	0.500000000
293659	0.800000000
2297988	0.800000000
2883121	0.800000000
249699	0.800000000
494069	0.800000000
2745769	0.800000000
2064210	0.500000000
1837202	0.200000000
339155	0.800000000
1730180	0.800000000
1195002	0.800000000
4822	0.800000000
2067556	0.200000000
3250679	0.800000000
2345762	0.800000000
1842713	0.800000000
1027334	0.200000000
2911583	0.800000000
2952507	0.800000000
1138453	0.400000000
839455	0.200000000
2341080	0.500000000
267175	0.800000000
2217124	0.800000000
267300	0.100000000
1979954	0.800000000
419353	0.500000000
2386493	0.800000000
1357034	0.600000000
1676633	0.800000000
2399800	0.800000000
184806	0.500000000
2663964	0.800000000
2092585	0.800000000
3077988	0.800000000
2180070	0.800000000
1342386	0.800000000
231023	0.800000000
377450	0.400000000
2883446	0.800000000
3117014	0.500000000
2267782	0.500000000
3041885	0.100000000
3216314	0.100000000
928526	0.800000000
2472336	0.200000000
1190434	0.300000000
1401188	0.500000000
1663922	0.800000000
3034651	0.200000000
898800	0.100000000
2839719	0.800000000
1861031	0.800000000
822191	0.800000000
3003420	0.200000000
1645848	0.800000000
3529123	0.800000000
2142240	0.400000000
1015598	0.500000000
2166637	0.500000000
1251569	0.800000000
49809	0.400000000
2012236	0.800000000
2303187	0.800000000
1187903	0.500000000
1915648	0.800000000
482818	0.800000000
2012667	0.800000000
3065022	0.800000000
620082	0.200000000
579263	0.800000000
2840939	0.800000000
43264	0.800000000
454603	0.800000000
2829371	0.800000000
1758328	0.200000000
2366482	0.200000000
506176	0.800000000
2989673	0.800000000
2293175	0.800000000
1701134	0.200000000
1301454	0.200000000
104391	0.800000000
2982235	0.800000000
49395	0.800000000
1392972	0.100000000
2995608	0.800000000
2069961	0.800000000
2075647	0.800000000
2124118	0.800000000
2878333	0.800000000
2151242	0.100000000
8146	0.800000000
2409157	0.800000000
2675513	0.800000000
2745701	0.800000000
1310056	0.500000000
1314038	0.100000000
1858086	0.300000000
3177709	0.100000000
3168573	0.800000000
104225	0.800000000
1779348	0.200000000
3118810	0.400000000
4287	0.200000000
1978188	0.800000000
1019840	0.200000000
659167	0.200000000
1777985	0.800000000
932808	0.600000000
3461166	0.800000000
2072563	0.800000000
960664	0.400000000
1290273	0.800000000
992697	0.800000000
2638613	0.800000000
326069	0.400000000
1582	0.800000000
1847481	0.800000000
1030603	0.500000000
2196811	0.800000000
608304	0.400000000
1212237	0.800000000
2068625	0.800000000
1931489	0.500000000
3303343	0.100000000
864672	0.800000000
2909456	0.200000000
1144107	0.800000000
521451	0.800000000
2575947	0.500000000
1545685	0.800000000
1773657	0.800000000
1471757	0.500000000
1831381	0.800000000
1422682	0.600000000
1202195	0.800000000
2983864	0.200000000
1525457	0.500000000
158380	0.800000000
571598	0.800000000
2726780	0.800000000
193128	0.800000000
1611569	0.200000000
1253478	0.800000000
2805321	0.800000000
3414837	0.800000000
3583646	0.800000000
2683865	0.800000000
1210868	0.500000000
2269868	0.800000000
2222303	0.700000000
1831916	0.800000000
3102465	0.800000000
1877539	0.800000000
2817326	0.800000000
466617	0.800000000
1077096	0.800000000
1143626	0.800000000
1393032	0.500000000
2728497	0.800000000
4340	0.200000000
611665	0.800000000
1939138	0.500000000
3181576	0.500000000
1487476	0.700000000
3456680	0.800000000
2188903	0.200000000
2096434	0.800000000
366999	0.800000000
2966120	0.800000000
2486252	0.800000000
2713826	0.800000000
733114	0.800000000
3196256	0.800000000
2682941	0.800000000
2439528	0.800000000
626981	0.100000000
175747	0.400000000
1548042	0.800000000
784858	0.100000000
3253	0.200000000
2999706	0.800000000
1448601	0.800000000
497829	0.800000000
2561541	0.800000000
814917	0.800000000
2517549	0.800000000
2930898	0.800000000
426450	0.800000000
2388787	0.800000000
3041791	0.100000000
1025960	0.100000000
2277987	0.800000000
2606747	0.800000000
1265915	0.800000000
180177	0.800000000
3220825	0.100000000
1431801	0.100000000
1411309	0.800000000
1564663	0.800000000
1220360	0.800000000
2092377	0.800000000
1652832	0.400000000
2194787	0.800000000
64085	0.800000000
975596	0.800000000
1869588	0.100000000
1414750	0.500000000
2134636	0.800000000
422103	0.800000000
1147168	0.800000000
736877	0.800000000
2798682	0.800000000
2662980	0.300000000
46256	0.800000000
965594	0.800000000
1161328	0.600000000
1403297	0.300000000
654215	0.700000000
1108687	0.200000000
1154428	0.800000000
1982218	0.700000000
2889859	0.500000000
244103	0.800000000
1156893	0.600000000
32239	0.800000000
3097030	0.300000000
3005145	0.400000000
2548999	0.800000000
851357	0.800000000
2488905	0.500000000
2076903	0.800000000
2388326	0.700000000
904199	0.800000000
2409841	0.800000000
1256455	0.800000000
1859953	0.800000000
2186301	0.800000000
111886	0.800000000
3043730	0.800000000
1604266	0.300000000
3066881	0.200000000
3421003	0.200000000
285013	0.200000000
944325	0.100000000
2832590	0.800000000
2043351	0.200000000
731503	0.800000000
1702141	0.800000000
2972918	0.800000000
2964589	0.800000000
1587118	0.300000000
656185	0.800000000
2118118	0.800000000
2954968	0.400000000
2677192	0.800000000
1888779	0.800000000
1906091	0.100000000
1779040	0.500000000
782698	0.800000000
2984221	0.800000000
2835910	0.700000000
3091398	0.400000000
497040	0.800000000
465997	0.800000000
324945	0.800000000
2150726	0.800000000
1970199	0.200000000
2964087	0.800000000
1457349	0.400000000
2994575	0.500000000
2986618	0.200000000
2354904	0.800000000
985419	0.800000000
2919820	0.800000000
821027	0.200000000
1814172	0.800000000
1441883	0.800000000
2254252	0.100000000
284262	0.800000000
2886079	0.800000000
2324552	0.800000000
2888930	0.100000000
2955057	0.800000000
1446236	0.800000000
112376	0.800000000
3027783	0.800000000
64759	0.800000000
514628	0.800000000
1660439	0.800000000
2803276	0.500000000
2968161	0.800000000
2244223	0.800000000
2481152	0.800000000
321680	0.800000000
2398220	0.700000000
755306	0.800000000
1779585	0.200000000
1610637	0.800000000
2182721	0.800000000
1414715	0.100000000
1608584	0.800000000
2954636	0.800000000
3180410	0.300000000
2621256	0.800000000
595656	0.800000000
515332	0.400000000
1830770	0.800000000
23158	0.800000000
1270494	0.800000000
2420118	0.800000000
1062231	0.800000000
281375	0.800000000
460473	0.200000000
186483	0.800000000
2282539	0.800000000
2996448	0.300000000
29583	0.800000000
2343191	0.100000000
1344175	0.800000000
1806795	0.100000000
1309887	0.800000000
3052789	0.800000000
1638381	0.200000000
3049970	0.500000000
2245528	0.200000000
1863774	0.200000000
2205342	0.200000000
415559	0.800000000
1619895	0.800000000
3027036	0.500000000
2323184	0.500000000
1481613	0.100000000
745469	0.400000000
2544867	0.800000000
983742	0.100000000
2906996	0.800000000
3116760	0.400000000
2405184	0.800000000
2358568	0.800000000
3192469	0.800000000
99580	0.800000000
839747	0.800000000
2934494	0.800000000
2648341	0.800000000
2140332	0.100000000
1074505	0.800000000
1924300	0.800000000
2391184	0.100000000
2074334	0.200000000
3122124	0.800000000
1897751	0.800000000
853631	0.800000000
99739	0.800000000
2305385	0.600000000
1840043	0.800000000
3084002	0.800000000
798590	0.800000000
3022578	0.300000000
2424352	0.700000000
14956	0.800000000
1382215	0.800000000
2109364	0.800000000
2508876	0.300000000
1696	0.500000000
3010192	0.800000000
713832	0.800000000
314972	0.800000000
2359089	0.500000000
1015679	0.500000000
1643689	0.800000000
1107159	0.800000000
805381	0.800000000
2107320	0.800000000
2636504	0.800000000
2671372	0.800000000
2064528	0.200000000
2953341	0.800000000
1908925	0.200000000
498193	0.800000000
2706892	0.500000000
2473225	0.800000000
1839604	0.800000000
119196	0.100000000
2957372	0.800000000
2858809	0.800000000
938435	0.800000000
1456039	0.800000000
1129774	0.800000000
2329383	0.800000000
2122934	0.500000000
18970	0.800000000
170432	0.800000000
3035676	0.600000000
2111206	0.800000000
1668050	0.500000000
3161957	0.200000000
622899	0.800000000
3187015	0.500000000
3085573	0.100000000
543394	0.600000000
2895388	0.800000000
3072533	0.100000000
1942524	0.800000000
3120861	0.700000000
308078	0.800000000
2335139	0.800000000
2999876	0.800000000
776876	0.800000000
1870939	0.200000000
3073975	0.700000000
2281883	0.800000000
162193	0.200000000
3053878	0.400000000
2876352	0.800000000
957755	0.300000000
644160	0.800000000
2761644	0.200000000
300198	0.800000000
1809607	0.800000000
2941688	0.200000000
1102657	0.800000000
2743327	0.800000000
1909129	0.800000000
1030463	0.200000000
2550121	0.100000000
3070201	0.800000000
2423347	0.500000000
1964497	0.500000000
2885619	0.800000000
2522559	0.500000000
3390104	0.800000000
3125683	0.800000000
3556136	0.100000000
1909525	0.200000000
970512	0.800000000
2862036	0.700000000
3047486	0.200000000
1172039	0.700000000
958117	0.800000000
2215616	0.800000000
1882285	0.800000000
834809	0.200000000
2112762	0.800000000
3075242	0.200000000
3185036	0.500000000
418115	0.500000000
923888	0.500000000
2837573	0.500000000
2385950	0.800000000
73881	0.800000000
3093601	0.800000000
3136710	0.800000000
3065607	0.100000000
1146189	0.200000000
1655225	0.800000000
566595	0.500000000
1828073	0.800000000
626721	0.200000000
2761222	0.800000000
821763	0.800000000
1887253	0.800000000
2224636	0.500000000
2785263	0.200000000
2961555	0.200000000
940859	0.500000000
682362	0.200000000
1929319	0.800000000
1612262	0.800000000
3213505	0.100000000
2326249	0.400000000
1614892	0.800000000
1161029	0.800000000
2465534	0.200000000
2938874	0.200000000
1163639	0.800000000
2104884	0.800000000
1787280	0.800000000
2041954	0.800000000
3043099	0.800000000
2298283	0.800000000
1733327	0.800000000
1646966	0.800000000
1850777	0.800000000
1205115	0.800000000
3078600	0.800000000
2074423	0.500000000
931066	0.800000000
1394807	0.800000000
2957422	0.800000000
948299	0.400000000
560280	0.300000000
533910	0.800000000
633981	0.800000000
3123847	0.300000000
1142781	0.800000000
1900407	0.800000000
1309734	0.800000000
74475	0.800000000
263434	0.800000000
2209763	0.100000000
2999128	0.300000000
1312728	0.200000000
2835940	0.200000000
2911858	0.100000000
2850487	0.200000000
3115694	0.800000000
1608835	0.800000000
1062015	0.700000000
7240	0.800000000
798419	0.800000000
3227230	0.800000000
264645	0.800000000
3035460	0.800000000
3355688	0.200000000
954428	0.100000000
2708401	0.500000000
1527272	0.200000000
1775831	0.800000000
2117721	0.800000000
972089	0.800000000
1055263	0.800000000
836507	0.200000000
3080267	0.500000000
2806857	0.800000000
2965603	0.200000000
2448899	0.500000000
1523665	0.800000000
761373	0.200000000
1388472	0.100000000
119206	0.200000000
166470	0.800000000
1796343	0.800000000
2748200	0.500000000
2092325	0.500000000
2903	0.800000000
2398593	0.200000000
550851	0.800000000
3247679	0.800000000
2696939	0.800000000
950217	0.800000000
525982	0.800000000
2067847	0.800000000
1331569	0.800000000
3020340	0.800000000
767971	0.800000000
3084759	0.500000000
1504252	0.800000000
2145007	0.300000000
2000552	0.200000000
2117431	0.800000000
2865869	0.200000000
2487377	0.500000000
1271134	0.800000000
2489309	0.500000000
2120561	0.800000000
658802	0.800000000
2430198	0.200000000
2739030	0.800000000
2395982	0.800000000
806079	0.200000000
2988592	0.500000000
2983811	0.800000000
3271199	0.200000000
58642	0.800000000
64322	0.800000000
2790779	0.800000000
1501572	0.800000000
2916080	0.400000000
2740941	0.800000000
1114618	0.800000000
27993	0.800000000
467962	0.200000000
969398	0.500000000
928984	0.800000000
1104171	0.300000000
2789185	0.800000000
795373	0.800000000
3134680	0.100000000
2068301	0.800000000
1852632	0.600000000
2636173	0.800000000
2979271	0.800000000
1125550	0.800000000
2031306	0.800000000
2115898	0.500000000
2837335	0.800000000
2190762	0.100000000
3066359	0.800000000
2729906	0.800000000
