2028644	0.375000000
518351	0.562500000
1774890	0.562500000
1795443	0.562500000
230875	0.562500000
2449137	0.500000000
389345	0.062500000
2454687	0.562500000
2068715	0.562500000
2771964	0.562500000
457869	0.562500000
3017314	0.562500000
1496501	0.562500000
2217138	0.062500000
13242	0.062500000
5376	0.562500000
1036444	0.562500000
2009470	0.562500000
3409	0.562500000
1115064	0.562500000
3107348	0.562500000
1842430	0.562500000
760491	0.562500000
2993319	0.500000000
749405	0.562500000
416329	0.375000000
1390223	0.562500000
2166310	0.125000000
292593	0.125000000
1636769	0.187500000
2247892	0.437500000
2195724	0.562500000
2957630	0.062500000
399672	0.562500000
2907313	0.375000000
3101121	0.062500000
13853	0.562500000
38426	0.562500000
482397	0.562500000
1893313	0.562500000
1139533	0.562500000
3017968	0.250000000
3059703	0.437500000
805883	0.562500000
1225897	0.562500000
3011888	0.562500000
762011	0.562500000
1422796	0.562500000
688251	0.562500000
1394166	0.562500000
2133633	0.562500000
12684	0.562500000
2233016	0.562500000
695507	0.562500000
2483567	0.562500000
3093737	0.562500000
2276884	0.062500000
228000	0.062500000
2108023	0.562500000
1027442	0.312500000
3072462	0.562500000
1312214	0.562500000
1315530	0.562500000
214775	0.375000000
2280842	0.562500000
85860	0.375000000
3161226	0.562500000
1812572	0.562500000
1106132	0.562500000
3110140	0.125000000
1739694	0.437500000
3039631	0.500000000
2828706	0.562500000
2914944	0.375000000
1699848	0.562500000
462593	0.500000000
703561	0.562500000
2750559	0.500000000
2960860	0.500000000
2631421	0.562500000
2143737	0.562500000
3013981	0.562500000
3109734	0.062500000
1167531	0.562500000
547928	0.562500000
124063	0.562500000
1889002	0.562500000
2092819	0.250000000
1352223	0.562500000
1726123	0.562500000
1853471	0.562500000
3055623	0.562500000
2965709	0.437500000
984528	0.562500000
1142827	0.562500000
194638	0.062500000
2405162	0.500000000
2048589	0.062500000
2304299	0.562500000
2641562	0.562500000
2712974	0.562500000
1591661	0.312500000
2932439	0.562500000
2981393	0.312500000
1634876	0.562500000
162781	0.562500000
608681	0.375000000
2079335	0.562500000
2797905	0.562500000
25564	0.375000000
2438517	0.500000000
3031958	0.562500000
1025797	0.562500000
979087	0.562500000
1420745	0.562500000
16427	0.375000000
24083	0.562500000
3153666	0.125000000
772042	0.562500000
2075917	0.437500000
2666549	0.562500000
1095526	0.062500000
784657	0.375000000
15619	0.062500000
904382	0.562500000
387839	0.562500000
1851947	0.187500000
493240	0.312500000
1569887	0.562500000
623134	0.562500000
2707121	0.562500000
3284245	0.562500000
73066	0.562500000
373588	0.062500000
1777299	0.562500000
1656346	0.375000000
2982073	0.562500000
3049019	0.562500000
2022754	0.062500000
2570816	0.312500000
649285	0.562500000
1017979	0.562500000
519327	0.562500000
649500	0.125000000
237600	0.562500000
1752205	0.062500000
2173909	0.562500000
2930821	0.562500000
724038	0.500000000
2068617	0.562500000
174942	0.562500000
2879675	0.562500000
2869814	0.562500000
849861	0.062500000
2844164	0.562500000
3023783	0.562500000
2865386	0.062500000
71034	0.562500000
2941772	0.562500000
2494656	0.562500000
639653	0.562500000
2720549	0.562500000
1716358	0.375000000
3026448	0.375000000
2823999	0.562500000
3092602	0.500000000
24594	0.562500000
1518032	0.562500000
1763551	0.062500000
2614594	0.562500000
122045	0.375000000
3142991	0.562500000
202080	0.562500000
2697861	0.562500000
1324171	0.375000000
540820	0.375000000
541937	0.375000000
2260525	0.562500000
3044643	0.125000000
18662	0.562500000
405357	0.062500000
124249	0.562500000
1097662	0.562500000
392274	0.437500000
266710	0.375000000
2789890	0.562500000
784810	0.562500000
1731871	0.062500000
2900414	0.500000000
1478625	0.312500000
426716	0.500000000
1380257	0.062500000
57347	0.375000000
1930200	0.375000000
24018	0.375000000
1923146	0.562500000
93520	0.562500000
184995	0.312500000
2640829	0.375000000
1532830	0.562500000
3122200	0.437500000
281839	0.375000000
2917749	0.062500000
1055537	0.062500000
1940203	0.062500000
768425	0.062500000
247845	0.562500000
24971	0.562500000
1661596	0.312500000
3040768	0.562500000
1100460	0.562500000
671381	0.562500000
919521	0.562500000
1148870	0.562500000
1487067	0.562500000
288886	0.562500000
1271173	0.062500000
3249154	0.375000000
211834	0.562500000
2837614	0.562500000
2939743	0.562500000
1711229	0.562500000
2973761	0.562500000
1586454	0.062500000
465215	0.562500000
1829675	0.562500000
1063580	0.562500000
521478	0.437500000
140393	0.187500000
1589316	0.562500000
3190037	0.562500000
2219952	0.187500000
1280240	0.562500000
448542	0.500000000
3039681	0.562500000
129362	0.562500000
1162807	0.562500000
206862	0.562500000
259264	0.562500000
11795	0.562500000
2648556	0.562500000
2963997	0.062500000
976200	0.312500000
127328	0.312500000
2337147	0.562500000
2824761	0.562500000
2456502	0.062500000
33483	0.562500000
728053	0.375000000
935513	0.375000000
2587299	0.062500000
3051436	0.062500000
3044739	0.062500000
1607568	0.562500000
3073459	0.250000000
3000689	0.562500000
1565059	0.562500000
2359005	0.562500000
3045045	0.375000000
2217135	0.562500000
389590	0.062500000
20322	0.562500000
175690	0.562500000
1179845	0.062500000
2569570	0.562500000
2483572	0.562500000
2136376	0.562500000
1970174	0.562500000
2715564	0.125000000
258707	0.562500000
2977193	0.562500000
1756502	0.250000000
3153	0.562500000
2337311	0.562500000
1801984	0.375000000
2363402	0.562500000
1134083	0.562500000
2626382	0.562500000
2232608	0.250000000
3024673	0.562500000
962971	0.562500000
1582354	0.062500000
318354	0.375000000
2550324	0.562500000
1967747	0.062500000
972229	0.562500000
951567	0.562500000
1766751	0.250000000
1879508	0.500000000
3045486	0.562500000
157040	0.562500000
37574	0.375000000
928095	0.562500000
2838461	0.562500000
1306144	0.562500000
2546288	0.312500000
3776	0.562500000
2721791	0.562500000
3085002	0.312500000
224099	0.562500000
1363006	0.062500000
2849122	0.562500000
3185451	0.562500000
2941639	0.125000000
158829	0.562500000
151499	0.562500000
2147726	0.125000000
2029504	0.562500000
905993	0.562500000
750883	0.375000000
2677928	0.375000000
3575625	0.562500000
22247	0.562500000
2341851	0.312500000
1317991	0.562500000
1958190	0.562500000
3114206	0.312500000
2201598	0.562500000
818596	0.062500000
422904	0.562500000
823219	0.562500000
1869304	0.562500000
24318	0.562500000
3884	0.562500000
3009068	0.562500000
1799746	0.187500000
291956	0.562500000
2997811	0.062500000
900503	0.562500000
752296	0.375000000
3318950	0.562500000
3096415	0.500000000
510862	0.562500000
2958605	0.562500000
1518942	0.562500000
3970	0.562500000
1146469	0.500000000
883069	0.125000000
1865865	0.562500000
2356228	0.125000000
1940305	0.562500000
1923041	0.562500000
927198	0.062500000
2178707	0.562500000
2031449	0.562500000
2674753	0.062500000
1571429	0.937500000
705741	0.125000000
825329	0.562500000
3353625	0.250000000
1006357	0.562500000
1662294	0.562500000
894949	0.562500000
8261	0.375000000
1471349	0.562500000
3003877	0.562500000
1229672	0.375000000
3086715	0.562500000
1870232	0.062500000
1148236	0.562500000
954627	0.562500000
322670	0.562500000
90048	0.125000000
2203853	0.562500000
36557	0.562500000
2807055	0.562500000
3066617	0.312500000
3063226	0.375000000
2074266	0.562500000
1927599	0.562500000
2261225	0.562500000
2307550	0.562500000
75252	0.062500000
1930437	0.375000000
844755	0.312500000
1257537	0.375000000
866721	0.562500000
314322	0.375000000
2790078	0.562500000
3009976	0.562500000
2904206	0.250000000
793813	0.562500000
1363995	0.375000000
329901	0.562500000
1691691	0.562500000
2099428	0.312500000
783962	0.562500000
3013241	0.062500000
2263713	0.562500000
762900	0.562500000
3091021	0.062500000
2002771	0.562500000
3058512	0.062500000
646893	0.562500000
2063709	0.062500000
1868733	0.562500000
117435	0.562500000
62039	0.562500000
2431646	0.562500000
2029231	0.562500000
3111853	0.375000000
1081567	0.562500000
1566837	0.062500000
2108403	0.312500000
49602	0.375000000
1576357	0.562500000
950474	0.562500000
286796	0.562500000
774750	0.562500000
3081640	0.562500000
2107725	0.562500000
1973597	0.562500000
1779445	0.312500000
53878	0.562500000
1603075	0.062500000
1876190	0.562500000
986125	0.062500000
3047413	0.062500000
2113954	0.250000000
3473310	0.500000000
2335614	0.312500000
119201	0.562500000
343434	0.562500000
865840	0.062500000
1872431	0.562500000
3157793	0.562500000
114975	0.562500000
2867218	0.062500000
1289536	0.250000000
508850	0.562500000
1615244	0.562500000
297324	0.562500000
5901	0.437500000
2547269	0.062500000
1347536	0.562500000
2376545	0.500000000
884388	0.062500000
2231480	0.062500000
1601777	0.250000000
306440	0.562500000
1228452	0.562500000
1790458	0.562500000
1727626	0.562500000
1700591	0.562500000
2061239	0.562500000
1283123	0.562500000
1067217	0.562500000
937839	0.562500000
1700604	0.562500000
36069	0.562500000
2890734	0.562500000
2377434	0.562500000
34093	0.125000000
822954	0.062500000
996929	0.562500000
3026383	0.500000000
465645	0.562500000
1514025	0.375000000
3024965	0.562500000
564738	0.562500000
2640598	0.562500000
2532846	0.562500000
1708129	0.062500000
3127976	0.562500000
2998211	0.312500000
1053437	0.562500000
2650894	0.562500000
1220196	0.562500000
646248	0.562500000
3185002	0.562500000
2042407	0.312500000
1701775	0.562500000
1108925	0.500000000
2966585	0.500000000
2762776	0.562500000
739806	0.562500000
2434254	0.562500000
1915331	0.312500000
2404015	0.562500000
2408785	0.562500000
997894	0.437500000
369227	0.562500000
3144661	0.562500000
2653130	0.562500000
333647	0.562500000
342084	0.562500000
2974483	0.312500000
1861340	0.375000000
1745667	0.562500000
609728	0.562500000
2361173	0.562500000
2638503	0.375000000
1748872	0.250000000
3046678	0.562500000
1234126	0.562500000
3181528	0.500000000
2478578	0.062500000
2284286	0.562500000
3071835	0.562500000
2941731	0.562500000
2296234	0.562500000
3217643	0.562500000
1032728	0.562500000
2204338	0.062500000
731985	0.312500000
1993710	0.562500000
710648	0.500000000
1522218	0.562500000
3084835	0.562500000
1417851	0.562500000
1223555	0.375000000
2846307	0.562500000
734564	0.375000000
22809	0.562500000
2178445	0.562500000
2748349	0.062500000
403913	0.375000000
999180	0.062500000
255538	0.562500000
2991202	0.562500000
638325	0.562500000
1239020	0.062500000
235430	0.500000000
1635551	0.562500000
1276806	0.562500000
60838	0.562500000
1907634	0.500000000
2605423	0.562500000
1018844	0.562500000
2567068	0.562500000
1235060	0.562500000
14002	0.562500000
2936459	0.562500000
842626	0.562500000
801374	0.562500000
454691	0.562500000
1508097	0.062500000
2471554	0.562500000
526123	0.062500000
1788733	0.562500000
1441899	0.562500000
1114758	0.562500000
2097299	0.062500000
1765046	0.062500000
47641	0.375000000
2582487	0.187500000
2633958	0.375000000
1653554	0.562500000
243882	0.500000000
2047945	0.562500000
1840278	0.062500000
2025357	0.562500000
1163251	0.375000000
3038092	0.375000000
1798853	0.562500000
17941	0.562500000
2658811	0.562500000
3041911	0.562500000
91191	0.062500000
2950280	0.562500000
612356	0.562500000
1946186	0.562500000
1021379	0.375000000
976896	0.562500000
3238214	0.312500000
630389	0.562500000
1970676	0.562500000
2688451	0.562500000
1258169	0.562500000
578567	0.062500000
2493037	0.562500000
1010994	0.562500000
48704	0.562500000
2919430	0.062500000
616643	0.562500000
941066	0.562500000
1689801	0.375000000
1955716	0.375000000
514223	0.062500000
2535588	0.562500000
1288030	0.562500000
3147616	0.562500000
1317667	0.562500000
799141	0.125000000
636580	0.062500000
1112212	0.562500000
2662042	0.562500000
1018715	0.562500000
278065	0.062500000
2617705	0.562500000
2652857	0.562500000
50249	0.562500000
3005839	0.562500000
3112786	0.562500000
1692351	0.562500000
2272704	0.562500000
2920589	0.562500000
84645	0.562500000
28761	0.562500000
1503947	0.562500000
515918	0.562500000
1405314	0.250000000
1858491	0.375000000
845374	0.562500000
1588308	0.562500000
2031	0.562500000
1754435	0.500000000
421226	0.062500000
1079130	0.562500000
2475268	0.562500000
1021573	0.562500000
3058858	0.125000000
2049709	0.562500000
1847539	0.562500000
2056181	0.562500000
2479817	0.125000000
952043	0.562500000
1669743	0.312500000
2770959	0.562500000
463269	0.562500000
2760561	0.250000000
997699	0.562500000
2630370	0.312500000
3012667	0.437500000
19068	0.562500000
3026659	0.562500000
2977024	0.562500000
2978149	0.062500000
1292461	0.562500000
2690841	0.375000000
2368966	0.562500000
2603817	0.562500000
11812	0.562500000
1891062	0.562500000
996261	0.562500000
1035746	0.312500000
1985733	0.562500000
83595	0.562500000
25532	0.375000000
2772891	0.562500000
1791738	0.062500000
2810618	0.562500000
3013129	0.562500000
2780216	0.562500000
2488315	0.500000000
1865193	0.062500000
250701	0.375000000
2610685	0.562500000
610230	0.562500000
1552958	0.062500000
3050368	0.312500000
2101457	0.562500000
1274716	0.375000000
1966473	0.562500000
870381	0.062500000
11675	0.562500000
3040238	0.062500000
2984155	0.562500000
1114895	0.375000000
3112803	0.375000000
1438205	0.562500000
145072	0.562500000
8173	0.562500000
1919191	0.562500000
3220795	0.375000000
2085900	0.562500000
1014273	0.562500000
2146987	0.062500000
2320954	0.562500000
3310014	0.562500000
665159	0.562500000
1980634	0.562500000
2966577	0.562500000
1963738	0.562500000
1458691	0.437500000
20445	0.562500000
1915712	0.312500000
1745691	0.562500000
397749	0.437500000
905080	0.562500000
2234125	0.562500000
3087229	0.062500000
646405	0.562500000
554347	0.562500000
1247796	0.562500000
1161619	0.562500000
1149019	0.562500000
3438732	0.562500000
1783344	0.062500000
1447007	0.562500000
5273	0.062500000
2488724	0.437500000
1847288	0.500000000
390825	0.375000000
2809701	0.250000000
2182945	0.375000000
2387114	0.562500000
2699862	0.562500000
2762725	0.500000000
15336	0.562500000
2888923	0.562500000
7400	0.562500000
2560344	0.500000000
271596	0.562500000
267264	0.562500000
223777	0.562500000
1868325	0.375000000
2452799	0.562500000
1736547	0.562500000
1543746	0.375000000
1328741	0.562500000
2193879	0.437500000
675449	0.562500000
267044	0.562500000
2838254	0.562500000
2994850	0.562500000
2499687	0.375000000
1627366	0.562500000
2915832	0.250000000
2140361	0.562500000
17252	0.187500000
460452	0.500000000
2164696	0.562500000
2836119	0.062500000
411560	0.062500000
1785603	0.250000000
1043567	0.562500000
2313822	0.562500000
3268697	0.562500000
2482520	0.312500000
2248145	0.125000000
2704491	0.562500000
1735608	0.562500000
511259	0.437500000
1038658	0.562500000
846567	0.500000000
2271616	0.562500000
2503192	0.562500000
1302504	0.562500000
510635	0.562500000
2986835	0.562500000
528332	0.562500000
2654981	0.562500000
2027103	0.562500000
1962845	0.562500000
2547678	0.562500000
587850	0.562500000
2316382	0.062500000
1902126	0.062500000
3363289	0.375000000
1405231	0.375000000
6190	0.562500000
2608318	0.562500000
2184138	0.562500000
3201942	0.562500000
3565573	0.562500000
3416271	0.062500000
463282	0.375000000
457897	0.562500000
2955720	0.562500000
2506429	0.375000000
973701	0.562500000
926032	0.062500000
1808504	0.062500000
1290228	0.500000000
2767143	0.312500000
2536883	0.562500000
1938103	0.562500000
28381	0.562500000
1371378	0.187500000
3122518	0.187500000
1295146	0.562500000
2395482	0.562500000
3148789	0.562500000
548245	0.562500000
1101629	0.062500000
3149081	0.562500000
45526	0.562500000
1160270	0.562500000
2835988	0.562500000
3270066	0.562500000
1932632	0.562500000
1244725	0.312500000
2429680	0.562500000
3125194	0.562500000
1996435	0.562500000
1972076	0.062500000
834401	0.375000000
2387620	0.562500000
1044034	0.562500000
226301	0.562500000
114810	0.562500000
3014303	0.062500000
2247020	0.562500000
1484111	0.562500000
1808106	0.562500000
2195929	0.125000000
246372	0.562500000
599204	0.375000000
2626749	0.312500000
3060516	0.062500000
461352	0.062500000
1886838	0.562500000
1828914	0.562500000
3280496	0.062500000
1424554	0.062500000
3210119	0.375000000
3024060	0.562500000
21979	0.562500000
116616	0.562500000
1530063	0.062500000
1095934	0.562500000
300632	0.562500000
2951981	0.562500000
1160117	0.125000000
2537968	0.562500000
1302217	0.562500000
472953	0.375000000
1942077	0.562500000
2344176	0.375000000
2120451	0.562500000
2955947	0.562500000
168706	0.062500000
534999	0.562500000
7136	0.562500000
435393	0.375000000
2449388	0.562500000
526121	0.562500000
1126739	0.125000000
1161944	0.375000000
2407767	0.125000000
1008999	0.562500000
935811	0.562500000
3327999	0.062500000
1505814	0.562500000
1317871	0.375000000
2435930	0.562500000
753698	0.125000000
450585	0.562500000
2148865	0.562500000
1322108	0.562500000
453511	0.562500000
813075	0.562500000
951205	0.562500000
831735	0.062500000
2329151	0.562500000
2931441	0.312500000
10756	0.562500000
1129986	0.562500000
63833	0.562500000
789924	0.562500000
2247269	0.562500000
2299646	0.562500000
1288732	0.125000000
389756	0.187500000
154804	0.562500000
1270249	0.500000000
1987324	0.562500000
2997536	0.062500000
1836101	0.562500000
2705753	0.562500000
564923	0.562500000
1786604	0.312500000
3004097	0.562500000
2716582	0.562500000
1935975	0.562500000
3130463	0.562500000
246560	0.562500000
2628465	0.562500000
2439113	0.562500000
1692129	0.562500000
3038190	0.562500000
2430532	0.562500000
3000644	0.562500000
343626	0.375000000
28355	0.125000000
1705365	0.562500000
586134	0.062500000
2589894	0.562500000
1761723	0.562500000
3188640	0.375000000
2715169	0.375000000
253200	0.562500000
2454099	0.562500000
1745256	0.562500000
883891	0.187500000
2076003	0.562500000
1754098	0.562500000
2955454	0.062500000
2645041	0.062500000
194732	0.562500000
291284	0.562500000
656925	0.375000000
3006429	0.562500000
3216843	0.125000000
36134	0.562500000
1360758	0.562500000
634512	0.562500000
1099791	0.250000000
88164	0.562500000
3025337	0.562500000
1722780	0.562500000
2114333	0.500000000
1883555	0.562500000
2074540	0.562500000
2876437	0.562500000
194255	0.562500000
1107679	0.562500000
2443823	0.562500000
149678	0.562500000
2020693	0.375000000
2874108	0.562500000
2169700	0.562500000
2915118	0.187500000
39863	0.562500000
495222	0.562500000
1427067	0.562500000
2234423	0.562500000
2631354	0.562500000
3046199	0.250000000
983707	0.562500000
2365382	0.562500000
1975438	0.562500000
3089839	0.562500000
1201489	0.062500000
2481530	0.062500000
3359870	0.062500000
2672627	0.562500000
21589	0.562500000
2986658	0.562500000
2949136	0.562500000
3058130	0.562500000
1991838	0.250000000
2274551	0.562500000
756163	0.562500000
1781486	0.562500000
2444992	0.562500000
609625	0.562500000
2136889	0.062500000
108849	0.562500000
2366023	0.500000000
1217750	0.562500000
56494	0.062500000
1465915	0.187500000
1144895	0.562500000
2982638	0.562500000
515493	0.562500000
3293444	0.062500000
3053092	0.375000000
610876	0.500000000
635278	0.562500000
466224	0.562500000
2216216	0.250000000
936874	0.562500000
817122	0.375000000
1915832	0.562500000
3000468	0.562500000
143832	0.562500000
3033320	0.375000000
2295069	0.562500000
2647256	0.125000000
206829	0.562500000
2227481	0.250000000
2937185	0.562500000
653857	0.562500000
3180680	0.562500000
961320	0.562500000
1489222	0.375000000
1192636	0.562500000
2686693	0.562500000
2049410	0.562500000
1044968	0.375000000
3039999	0.562500000
2898238	0.562500000
1782417	0.375000000
22005	0.562500000
1411063	0.562500000
1025733	0.562500000
508104	0.562500000
2995440	0.375000000
681470	0.562500000
2944004	0.062500000
457518	0.500000000
676818	0.562500000
1823742	0.562500000
2025919	0.562500000
2464450	0.562500000
518913	0.562500000
147266	0.562500000
2449661	0.562500000
2653370	0.250000000
2196319	0.562500000
3131769	0.062500000
564506	0.562500000
2952816	0.562500000
1879190	0.562500000
1385210	0.562500000
247161	0.250000000
1651438	0.562500000
3051834	0.562500000
728790	0.562500000
2982176	0.562500000
1966714	0.062500000
1103891	0.562500000
1708919	0.562500000
507119	0.562500000
2900087	0.062500000
1063093	0.562500000
2144463	0.562500000
3077395	0.375000000
2921634	0.562500000
3122133	0.562500000
8128	0.562500000
14992	0.562500000
802943	0.562500000
48161	0.187500000
1658631	0.562500000
972813	0.062500000
2862006	0.187500000
2602509	0.062500000
2182455	0.562500000
543439	0.562500000
2514172	0.437500000
1391946	0.250000000
469084	0.562500000
2889130	0.562500000
2263436	0.562500000
1430997	0.562500000
1325007	0.562500000
580677	0.562500000
620238	0.375000000
762912	0.562500000
2962965	0.562500000
2988480	0.562500000
1341999	0.562500000
1764995	0.562500000
387833	0.562500000
2541672	0.437500000
3049225	0.062500000
245760	0.562500000
1381230	0.562500000
3096557	0.562500000
1695194	0.375000000
2946117	0.562500000
1385645	0.562500000
925081	0.375000000
667505	0.562500000
23072	0.562500000
1020414	0.562500000
358288	0.062500000
1934282	0.562500000
663760	0.562500000
1254756	0.562500000
2872318	0.562500000
3966	0.562500000
3201971	0.562500000
1243696	0.375000000
3113318	0.125000000
3056907	0.375000000
3035739	0.062500000
71094	0.125000000
484435	0.062500000
2655852	0.375000000
2252137	0.375000000
1045330	0.312500000
761038	0.500000000
2673063	0.437500000
1199372	0.562500000
1226258	0.562500000
1945839	0.562500000
2480999	0.562500000
502497	0.062500000
2738698	0.562500000
2893059	0.312500000
1830150	0.562500000
2436820	0.562500000
3404979	0.062500000
372635	0.375000000
2279141	0.562500000
3042996	0.562500000
3114120	0.562500000
1433983	0.062500000
1458066	0.562500000
2436939	0.562500000
2791163	0.562500000
2659768	0.562500000
2237144	0.562500000
3084902	0.187500000
2642921	0.500000000
612659	0.562500000
739991	0.562500000
1322447	0.562500000
2355387	0.375000000
574819	0.375000000
2559979	0.562500000
2695404	0.562500000
313915	0.562500000
2119075	0.562500000
2740433	0.562500000
2601830	0.500000000
110379	0.562500000
2673643	0.250000000
1122695	0.562500000
2974225	0.562500000
968848	0.562500000
151246	0.562500000
399295	0.562500000
604811	0.562500000
2950834	0.562500000
2621926	0.375000000
2623974	0.500000000
456591	0.562500000
964504	0.375000000
173851	0.562500000
1697720	0.562500000
2774445	0.562500000
570530	0.062500000
2167122	0.375000000
1514747	0.562500000
255514	0.062500000
1216930	0.062500000
2744943	0.562500000
591144	0.375000000
2462532	0.562500000
1517424	0.375000000
401852	0.562500000
1399676	0.562500000
2260664	0.562500000
40189	0.562500000
1931980	0.062500000
2913240	0.250000000
590275	0.562500000
1815830	0.562500000
1798255	0.562500000
782066	0.562500000
3021129	0.562500000
1279458	0.062500000
1816222	0.562500000
3517606	0.125000000
473235	0.062500000
1843321	0.375000000
953502	0.062500000
1006261	0.562500000
2763346	0.562500000
772850	0.375000000
1561043	0.562500000
7696	0.375000000
497589	0.562500000
456585	0.250000000
2915319	0.500000000
3010651	0.562500000
1028305	0.562500000
1751735	0.562500000
976602	0.062500000
2993329	0.312500000
1996368	0.562500000
444419	0.562500000
1970482	0.125000000
1055210	0.062500000
18935	0.562500000
2359066	0.312500000
717981	0.375000000
764571	0.375000000
2622388	0.562500000
1502537	0.562500000
2791445	0.562500000
542530	0.562500000
2875711	0.562500000
1152260	0.375000000
523881	0.562500000
1058463	0.062500000
1277776	0.562500000
1910546	0.562500000
1130566	0.562500000
2362685	0.062500000
171941	0.375000000
1837982	0.562500000
2495078	0.562500000
914196	0.562500000
1854178	0.562500000
3070571	0.375000000
590857	0.562500000
2012677	0.312500000
3001656	0.562500000
752527	0.562500000
111051	0.562500000
15765	0.562500000
2953113	0.500000000
716193	0.562500000
998953	0.562500000
1533342	0.562500000
497116	0.562500000
529748	0.250000000
497788	0.562500000
741894	0.562500000
2591129	0.062500000
1713699	0.375000000
976139	0.562500000
831592	0.562500000
1881544	0.562500000
2900577	0.562500000
2563804	0.562500000
1866017	0.562500000
2712439	0.562500000
2482564	0.562500000
533845	0.250000000
227383	0.375000000
2872560	0.312500000
1348689	0.375000000
2500081	0.562500000
131751	0.562500000
2945970	0.562500000
2102241	0.562500000
1620220	0.562500000
659289	0.250000000
3171786	0.500000000
1096189	0.562500000
472188	0.562500000
2959513	0.250000000
27835	0.562500000
17743	0.562500000
2101917	0.125000000
2343219	0.562500000
633818	0.375000000
156428	0.562500000
448161	0.500000000
2954562	0.062500000
2279063	0.250000000
1800665	0.562500000
237218	0.562500000
664661	0.562500000
3421110	0.062500000
1313387	0.562500000
3059220	0.125000000
642705	0.562500000
1310423	0.062500000
2747535	0.562500000
3057026	0.562500000
1708621	0.312500000
3114150	0.312500000
982079	0.562500000
2368882	0.562500000
632785	0.562500000
442474	0.375000000
2470780	0.500000000
1450462	0.062500000
3049504	0.562500000
2030541	0.562500000
632527	0.562500000
1186296	0.562500000
1163415	0.562500000
2429232	0.062500000
2132772	0.562500000
964346	0.562500000
1801016	0.562500000
2873741	0.562500000
3050362	0.062500000
60747	0.562500000
2645537	0.562500000
583100	0.062500000
1962295	0.562500000
1715384	0.562500000
2985822	0.562500000
50579	0.562500000
1302945	0.562500000
264091	0.562500000
807822	0.312500000
1103187	0.562500000
3153694	0.562500000
1070812	0.562500000
1015315	0.375000000
3105671	0.375000000
1735863	0.562500000
784859	0.187500000
368951	0.500000000
515677	0.437500000
1367233	0.562500000
2258800	0.562500000
744107	0.562500000
118308	0.375000000
2320294	0.375000000
675314	0.562500000
753889	0.375000000
269278	0.562500000
2400302	0.312500000
2620711	0.562500000
2180536	0.500000000
2221053	0.562500000
2682098	0.562500000
2210954	0.562500000
1089736	0.562500000
1524997	0.562500000
2177101	0.500000000
2899900	0.562500000
3176349	0.062500000
244293	0.562500000
1867642	0.312500000
852560	0.562500000
3042203	0.375000000
2523137	0.375000000
2288495	0.562500000
1005161	0.562500000
3118630	0.250000000
43137	0.562500000
718660	0.562500000
53906	0.562500000
1497718	0.375000000
2059109	0.562500000
1758141	0.562500000
128015	0.062500000
2176260	0.562500000
3187836	0.062500000
2069481	0.562500000
9849	0.562500000
2566540	0.187500000
640807	0.562500000
464118	0.500000000
2893586	0.375000000
2079429	0.062500000
2201236	0.562500000
2201545	0.062500000
20046	0.562500000
170591	0.562500000
3087500	0.375000000
3023110	0.562500000
1110954	0.250000000
1527950	0.562500000
2135105	0.562500000
982885	0.562500000
2382467	0.562500000
2166173	0.562500000
1832211	0.562500000
323884	0.562500000
1569885	0.062500000
13644	0.562500000
3007384	0.437500000
832135	0.562500000
1161204	0.562500000
2251579	0.562500000
2586898	0.562500000
455757	0.562500000
104238	0.375000000
62797	0.062500000
2664943	0.375000000
3036045	0.562500000
59246	0.562500000
2157053	0.562500000
2782488	0.562500000
605716	0.562500000
408605	0.562500000
1379210	0.562500000
3065458	0.562500000
1093954	0.562500000
1169668	0.312500000
18506	0.562500000
2704966	0.187500000
2195362	0.562500000
1409927	0.562500000
1292768	0.375000000
562124	0.562500000
2439021	0.062500000
3098794	0.562500000
3012701	0.562500000
274823	0.500000000
2965693	0.562500000
842313	0.375000000
2447280	0.562500000
2211358	0.562500000
618540	0.562500000
1613904	0.562500000
2739941	0.562500000
3489201	0.375000000
612588	0.062500000
1429421	0.562500000
1115531	0.562500000
61870	0.562500000
435387	0.562500000
808531	0.562500000
1098590	0.375000000
3360002	0.562500000
1794213	0.562500000
2066786	0.562500000
1063397	0.375000000
3058845	0.562500000
488695	0.562500000
1456766	0.562500000
2760217	0.500000000
2012040	0.062500000
1729034	0.562500000
1291484	0.562500000
2371417	0.187500000
486230	0.125000000
2023725	0.562500000
2073472	0.375000000
1560823	0.500000000
634107	0.562500000
54416	0.562500000
971462	0.562500000
1700237	0.562500000
3166651	0.562500000
284880	0.562500000
3039837	0.562500000
1702392	0.375000000
2942341	0.562500000
2976316	0.562500000
3115576	0.562500000
2085920	0.562500000
3047408	0.562500000
814284	0.562500000
601869	0.562500000
2085228	0.062500000
1805067	0.375000000
2848746	0.562500000
1349475	0.062500000
964918	0.375000000
793436	0.562500000
2984556	0.562500000
3037215	0.062500000
319770	0.562500000
1863822	0.562500000
1444775	0.375000000
1645313	0.562500000
1438030	0.562500000
294190	0.562500000
2625477	0.562500000
3039662	0.562500000
2721235	0.375000000
1348330	0.562500000
1447385	0.562500000
2544621	0.562500000
1406497	0.562500000
977516	0.562500000
3051135	0.062500000
681677	0.562500000
2636400	0.562500000
3012699	0.062500000
2684249	0.562500000
3150534	0.562500000
1006400	0.562500000
2977033	0.562500000
70237	0.375000000
973801	0.375000000
2728267	0.062500000
1172278	0.375000000
977144	0.562500000
1780085	0.562500000
2712970	0.562500000
1207900	0.187500000
74127	0.562500000
3094831	0.562500000
3007455	0.562500000
1973603	0.562500000
1280291	0.562500000
2457882	0.562500000
37480	0.250000000
765838	0.562500000
1316816	0.562500000
1839876	0.062500000
1266282	0.562500000
3603	0.562500000
534715	0.562500000
1005682	0.562500000
3013585	0.375000000
2203808	0.562500000
180025	0.062500000
2056832	0.500000000
1571192	0.562500000
410100	0.562500000
5264	0.562500000
1336873	0.562500000
1688006	0.562500000
1709528	0.562500000
8212	0.562500000
2978538	0.062500000
1130241	0.062500000
1157903	0.562500000
731299	0.562500000
1055849	0.062500000
2878507	0.562500000
2704428	0.562500000
1200812	0.375000000
1710064	0.562500000
2861	0.562500000
2223162	0.062500000
1299939	0.562500000
3147625	0.125000000
2705634	0.375000000
2467358	0.562500000
2170722	0.562500000
2770429	0.562500000
859379	0.562500000
772752	0.562500000
2423033	0.562500000
3518844	0.312500000
1345882	0.062500000
509929	0.562500000
2188837	0.562500000
1699097	0.187500000
1521793	0.062500000
1002591	0.562500000
1615876	0.562500000
1263303	0.062500000
3408291	0.187500000
350920	0.562500000
3321835	0.250000000
87448	0.562500000
2190279	0.562500000
3058131	0.500000000
1203897	0.562500000
876815	0.562500000
2301274	0.375000000
1780785	0.562500000
1576548	0.562500000
2898992	0.562500000
3371918	0.125000000
686609	0.562500000
3050570	0.562500000
1271579	0.562500000
561859	0.062500000
2162144	0.562500000
551985	0.562500000
1754707	0.562500000
1029182	0.562500000
1524807	0.500000000
437036	0.562500000
529845	0.375000000
981192	0.062500000
2281726	0.375000000
162563	0.562500000
136189	0.562500000
992014	0.375000000
18380	0.562500000
1856786	0.062500000
514216	0.562500000
970594	0.062500000
2475937	0.562500000
870514	0.375000000
3141995	0.312500000
3087576	0.375000000
3145702	0.562500000
1611029	0.062500000
740188	0.062500000
689876	0.375000000
2056141	0.562500000
112810	0.562500000
213797	0.562500000
3749	0.562500000
1519876	0.125000000
495839	0.562500000
634363	0.562500000
1753021	0.562500000
259116	0.562500000
707689	0.062500000
494863	0.062500000
1007766	0.562500000
2168241	0.562500000
291412	0.562500000
2229262	0.375000000
1422318	0.562500000
2593198	0.312500000
508986	0.562500000
2028037	0.312500000
1525810	0.562500000
1752659	0.562500000
1361539	0.562500000
155822	0.062500000
2798134	0.562500000
1957056	0.562500000
2098855	0.250000000
2962101	0.125000000
2942718	0.562500000
1004341	0.375000000
306438	0.062500000
1604604	0.562500000
3011707	0.562500000
2269381	0.062500000
2698605	0.562500000
2024679	0.375000000
2055352	0.562500000
284855	0.562500000
965441	0.562500000
1729210	0.562500000
2367671	0.562500000
2447121	0.062500000
3542	0.062500000
2056588	0.562500000
1808600	0.562500000
2941305	0.062500000
1025981	0.125000000
137778	0.250000000
805941	0.062500000
1474297	0.312500000
1755236	0.375000000
195012	0.562500000
2254242	0.562500000
66660	0.062500000
1649251	0.562500000
735644	0.562500000
2656321	0.562500000
2694732	0.562500000
2870932	0.562500000
1867218	0.062500000
1765280	0.562500000
2568745	0.062500000
1498454	0.062500000
697961	0.562500000
2468825	0.062500000
2209006	0.562500000
36631	0.562500000
2856922	0.062500000
2974842	0.500000000
1271916	0.500000000
2705387	0.562500000
968882	0.562500000
1129469	0.500000000
752031	0.062500000
2611936	0.562500000
130621	0.437500000
276059	0.375000000
139812	0.562500000
825320	0.187500000
2758450	0.562500000
2523925	0.250000000
2801335	0.375000000
318615	0.562500000
902545	0.062500000
2565676	0.500000000
24408	0.562500000
961180	0.062500000
2566415	0.562500000
2295559	0.375000000
1634440	0.562500000
2748499	0.562500000
1323499	0.562500000
3006359	0.562500000
89867	0.562500000
320675	0.562500000
3023709	0.562500000
1268441	0.312500000
2820416	0.562500000
1121647	0.562500000
2474517	0.062500000
479885	0.562500000
3044686	0.125000000
710875	0.562500000
2207024	0.562500000
242403	0.375000000
294946	0.562500000
2434502	0.312500000
1294232	0.562500000
1383062	0.562500000
2187697	0.562500000
1532333	0.562500000
2622211	0.562500000
178430	0.562500000
1813516	0.062500000
2113839	0.562500000
1434710	0.062500000
211707	0.250000000
1858638	0.562500000
1022937	0.375000000
8287	0.375000000
2211476	0.562500000
1592420	0.375000000
2079977	0.562500000
11212	0.562500000
349814	0.437500000
2215520	0.562500000
3369858	0.562500000
2751258	0.250000000
1281752	0.062500000
1712895	0.125000000
972945	0.562500000
823268	0.562500000
10774	0.562500000
2370956	0.250000000
917216	0.562500000
2651114	0.562500000
2426220	0.375000000
1670419	0.562500000
1326634	0.562500000
2129575	0.562500000
2703943	0.375000000
1838375	0.062500000
2673143	0.562500000
2919013	0.562500000
1372536	0.062500000
1319355	0.562500000
548724	0.562500000
2932984	0.375000000
2267467	0.562500000
2048877	0.562500000
1963740	0.250000000
1483399	0.562500000
810300	0.562500000
388471	0.500000000
2918880	0.562500000
956538	0.312500000
2208329	0.562500000
257442	0.312500000
427218	0.062500000
1429539	0.562500000
434095	0.375000000
2066219	0.312500000
646419	0.562500000
800303	0.562500000
2362554	0.562500000
1011405	0.125000000
567326	0.062500000
1298046	0.437500000
655426	0.562500000
331761	0.062500000
2338104	0.062500000
2841761	0.562500000
1924850	0.062500000
2595207	0.562500000
2216896	0.312500000
2086147	0.562500000
940192	0.562500000
1451098	0.187500000
336459	0.375000000
670322	0.125000000
1265177	0.562500000
478825	0.562500000
2234783	0.562500000
3050224	0.312500000
697005	0.562500000
2521075	0.562500000
2183542	0.562500000
2137148	0.562500000
299610	0.250000000
2333740	0.562500000
319918	0.500000000
3078203	0.375000000
2989088	0.562500000
2966451	0.562500000
3128726	0.562500000
2125066	0.250000000
3099191	0.375000000
2901519	0.562500000
1355107	0.562500000
2291169	0.562500000
1420326	0.250000000
540011	0.562500000
1351133	0.562500000
3005279	0.562500000
1813195	0.062500000
1148507	0.125000000
2056008	0.562500000
1313680	0.562500000
987693	0.562500000
1843078	0.187500000
2421026	0.375000000
2791036	0.437500000
3102501	0.062500000
1748578	0.562500000
1284080	0.562500000
2038512	0.562500000
1075915	0.562500000
2614322	0.562500000
1105657	0.562500000
2931026	0.562500000
558365	0.562500000
2940698	0.562500000
5916	0.375000000
310187	0.562500000
818682	0.562500000
2053512	0.562500000
895467	0.562500000
2576777	0.375000000
422460	0.562500000
243333	0.562500000
2951880	0.312500000
2423758	0.562500000
731397	0.562500000
1255622	0.062500000
2666128	0.562500000
2671457	0.562500000
87053	0.562500000
325186	0.500000000
2461518	0.562500000
843628	0.312500000
228871	0.562500000
1883701	0.562500000
1950412	0.562500000
69653	0.562500000
1514694	0.250000000
1675535	0.062500000
1407152	0.562500000
3146001	0.062500000
1435769	0.125000000
254730	0.562500000
1807671	0.562500000
94930	0.562500000
3102541	0.250000000
3320052	0.562500000
3114973	0.562500000
1233123	0.562500000
2401224	0.562500000
2538393	0.062500000
2791301	0.562500000
395096	0.125000000
2971557	0.312500000
923467	0.562500000
3420865	0.062500000
2448406	0.562500000
2518562	0.562500000
3317457	0.375000000
1077494	0.562500000
960301	0.187500000
1650056	0.562500000
2835445	0.375000000
3020555	0.562500000
1987609	0.562500000
1948560	0.187500000
3007708	0.062500000
632220	0.562500000
2791728	0.062500000
2330734	0.375000000
1891434	0.562500000
777541	0.562500000
1965072	0.562500000
820360	0.562500000
2752	0.562500000
1706629	0.562500000
1285091	0.562500000
825418	0.562500000
3156741	0.312500000
1259155	0.562500000
2880038	0.500000000
3111260	0.312500000
3122611	0.562500000
1674001	0.562500000
1146385	0.562500000
1097310	0.375000000
2822009	0.375000000
386847	0.562500000
14805	0.250000000
589245	0.375000000
10193	0.562500000
3236937	0.562500000
5222	0.562500000
913455	0.562500000
2346892	0.562500000
2769664	0.312500000
1297171	0.562500000
523906	0.125000000
2184290	0.562500000
88402	0.562500000
2762533	0.375000000
2575063	0.562500000
1414299	0.375000000
2079845	0.562500000
247635	0.562500000
2688624	0.062500000
2114271	0.562500000
1213316	0.562500000
211076	0.062500000
143275	0.562500000
1050709	0.562500000
342176	0.500000000
1910671	0.562500000
2979099	0.062500000
2633613	0.562500000
2986442	0.250000000
864363	0.500000000
3033047	0.562500000
633443	0.562500000
1912064	0.562500000
3173995	0.312500000
1930221	0.562500000
538902	0.375000000
2862634	0.562500000
2055745	0.562500000
254150	0.562500000
229015	0.562500000
1696928	0.125000000
1016095	0.562500000
2860804	0.562500000
2259274	0.062500000
2993489	0.500000000
946281	0.562500000
2171678	0.375000000
89988	0.375000000
2713841	0.187500000
2114132	0.562500000
1436609	0.562500000
2208981	0.562500000
3236118	0.062500000
2880233	0.375000000
136752	0.562500000
1525640	0.375000000
2665090	0.375000000
2563307	0.562500000
1984137	0.062500000
5171	0.562500000
1905507	0.125000000
3243228	0.375000000
1980508	0.062500000
2558833	0.562500000
1274477	0.562500000
1337837	0.562500000
2855569	0.562500000
1867271	0.562500000
2602228	0.312500000
2213104	0.562500000
6353	0.562500000
3120931	0.125000000
1832471	0.562500000
3048345	0.562500000
180948	0.375000000
527862	0.500000000
958705	0.250000000
1844242	0.562500000
107328	0.562500000
1436213	0.062500000
922931	0.375000000
3054858	0.562500000
443190	0.562500000
659803	0.562500000
1023316	0.562500000
1748100	0.562500000
1769367	0.375000000
1775376	0.562500000
1753134	0.562500000
243819	0.562500000
754494	0.437500000
925562	0.375000000
3150094	0.062500000
1813988	0.562500000
844260	0.562500000
2023951	0.375000000
2559658	0.375000000
2905142	0.062500000
2131342	0.562500000
2331301	0.562500000
6932	0.562500000
3019830	0.375000000
708043	0.562500000
1849922	0.562500000
1185295	0.562500000
3063667	0.062500000
2934961	0.562500000
2990427	0.125000000
2541693	0.062500000
289176	0.375000000
1984432	0.562500000
529936	0.562500000
1236623	0.187500000
1587252	0.062500000
655834	0.375000000
1565638	0.562500000
3224740	0.062500000
808776	0.562500000
3075731	0.125000000
1282869	0.562500000
172059	0.562500000
2915771	0.375000000
73926	0.562500000
1089848	0.375000000
3082458	0.187500000
2387276	0.562500000
1002975	0.375000000
3405222	0.062500000
1933986	0.437500000
2597252	0.125000000
440432	0.562500000
83795	0.562500000
1466186	0.562500000
811367	0.562500000
2030625	0.375000000
1591969	0.062500000
1278074	0.562500000
1886805	0.562500000
1380627	0.562500000
1908920	0.062500000
2796540	0.062500000
2264092	0.062500000
2860666	0.562500000
2639236	0.500000000
1621685	0.562500000
1680692	0.562500000
530075	0.562500000
2667644	0.562500000
763175	0.062500000
71805	0.562500000
1064200	0.562500000
636373	0.062500000
3133288	0.125000000
2971730	0.562500000
3156276	0.562500000
2070586	0.500000000
1853315	0.562500000
1146714	0.562500000
1698803	0.562500000
2839961	0.562500000
315035	0.562500000
2939808	0.562500000
2937094	0.375000000
1292781	0.562500000
2118530	0.437500000
332122	0.062500000
2990074	0.562500000
1489263	0.062500000
2608976	0.562500000
420603	0.562500000
1414006	0.062500000
2746700	0.562500000
362948	0.562500000
11874	0.562500000
2333607	0.500000000
1015316	0.250000000
1069278	0.062500000
1917815	0.375000000
452892	0.562500000
1007796	0.375000000
1441594	0.562500000
2146899	0.562500000
1853643	0.562500000
967800	0.250000000
2733312	0.562500000
2503975	0.562500000
1815497	0.562500000
505897	0.375000000
774927	0.062500000
3002779	0.562500000
2411532	0.562500000
2768911	0.062500000
508089	0.562500000
27628	0.562500000
1412678	0.562500000
1631973	0.500000000
3018556	0.562500000
2220687	0.062500000
4112	0.250000000
2744093	0.375000000
558671	0.437500000
2943342	0.562500000
1264860	0.562500000
2976593	0.375000000
2271080	0.375000000
130150	0.562500000
949406	0.562500000
2122166	0.562500000
749635	0.187500000
1157682	0.062500000
2070864	0.062500000
24903	0.562500000
2240784	0.562500000
2289796	0.500000000
2170258	0.562500000
1739015	0.125000000
1975985	0.562500000
1661026	0.562500000
1631857	0.562500000
1082640	0.562500000
466904	0.062500000
2780719	0.562500000
3259413	0.062500000
560971	0.562500000
286107	0.562500000
534876	0.562500000
35617	0.062500000
313673	0.562500000
1900175	0.312500000
3071838	0.562500000
2069518	0.062500000
2676655	0.562500000
3028544	0.562500000
2508290	0.062500000
2001953	0.562500000
3097466	0.562500000
3312443	0.500000000
423852	0.562500000
1570574	0.062500000
1613113	0.562500000
1568240	0.062500000
2145281	0.062500000
81182	0.562500000
1197400	0.125000000
2543218	0.562500000
904544	0.375000000
940592	0.500000000
1516518	0.562500000
684142	0.562500000
3024803	0.562500000
2690509	0.437500000
16382	0.562500000
1968547	0.562500000
2046054	0.562500000
438232	0.562500000
1764600	0.562500000
1076908	0.562500000
1069734	0.562500000
1715443	0.062500000
785241	0.562500000
3121935	0.500000000
1887209	0.562500000
2452049	0.562500000
1095662	0.562500000
2071753	0.562500000
2858344	0.500000000
177830	0.562500000
52995	0.562500000
3084057	0.562500000
7478	0.562500000
2716415	0.062500000
3132867	0.562500000
3047794	0.562500000
2090565	0.562500000
2885071	0.562500000
949470	0.562500000
3213750	0.312500000
483645	0.375000000
3076918	0.562500000
411494	0.062500000
1760166	0.562500000
2682170	0.562500000
30473	0.562500000
1326541	0.562500000
2837970	0.562500000
2742091	0.062500000
553662	0.562500000
1649300	0.562500000
389284	0.375000000
1065395	0.562500000
2480909	0.062500000
2038281	0.562500000
445466	0.062500000
2235434	0.562500000
474034	0.250000000
3052267	0.125000000
96389	0.062500000
366143	0.562500000
2060242	0.562500000
1375215	0.125000000
707390	0.562500000
627617	0.562500000
1164903	0.562500000
2288462	0.562500000
3025004	0.437500000
2868954	0.562500000
1886492	0.562500000
1632986	0.500000000
2375090	0.562500000
1120726	0.375000000
1686421	0.562500000
1622659	0.375000000
689396	0.562500000
452913	0.562500000
766104	0.437500000
1406379	0.562500000
829955	0.562500000
2888431	0.312500000
67527	0.562500000
1528511	0.562500000
15403	0.062500000
2787584	0.562500000
2257743	0.062500000
32742	0.562500000
2687180	0.375000000
1148336	0.062500000
1174584	0.562500000
2697398	0.062500000
2177059	0.562500000
684028	0.562500000
1483584	0.562500000
1157098	0.562500000
2054164	0.375000000
3150606	0.375000000
121043	0.062500000
1977277	0.562500000
40303	0.562500000
1567808	0.562500000
1161103	0.562500000
3160926	0.062500000
356071	0.562500000
1207130	0.562500000
2726386	0.562500000
1615116	0.562500000
2590050	0.562500000
125092	0.187500000
3241886	0.062500000
28390	0.562500000
2369864	0.562500000
2768071	0.562500000
731109	0.562500000
32020	0.562500000
493602	0.125000000
2665749	0.562500000
45381	0.562500000
104529	0.562500000
177833	0.562500000
2684301	0.562500000
1968575	0.500000000
1820298	0.562500000
2373061	0.062500000
2436463	0.062500000
3029253	0.125000000
1874239	0.375000000
2851923	0.250000000
1444223	0.562500000
3078145	0.562500000
3040701	0.562500000
257412	0.500000000
753606	0.562500000
2250943	0.062500000
2506662	0.062500000
2985098	0.375000000
813777	0.562500000
3143063	0.562500000
1533502	0.562500000
2030695	0.562500000
693894	0.312500000
260380	0.562500000
1212908	0.125000000
2029709	0.562500000
1701238	0.562500000
7675	0.562500000
994476	0.562500000
282582	0.562500000
2322241	0.500000000
2650410	0.562500000
293659	0.562500000
2297988	0.062500000
2883121	0.062500000
492663	0.062500000
249699	0.562500000
494069	0.562500000
339155	0.062500000
1195002	0.562500000
4822	0.562500000
3250679	0.375000000
2345762	0.562500000
1842713	0.562500000
2911583	0.125000000
2952507	0.375000000
267175	0.562500000
2217124	0.062500000
1979954	0.187500000
419353	0.062500000
2386493	0.562500000
1357034	0.062500000
1676633	0.562500000
2399800	0.562500000
2663964	0.562500000
2092585	0.562500000
2180070	0.062500000
1342386	0.437500000
231023	0.562500000
2883446	0.062500000
928526	0.062500000
1663922	0.562500000
1861031	0.062500000
822191	0.562500000
1645848	0.062500000
3529123	0.562500000
1251569	0.375000000
2012236	0.312500000
2303187	0.562500000
1915648	0.312500000
482818	0.062500000
2012667	0.062500000
579263	0.562500000
2840939	0.562500000
454603	0.562500000
2829371	0.562500000
506176	0.562500000
2989673	0.375000000
2982235	0.250000000
502415	0.062500000
49395	0.562500000
2995608	0.562500000
2075647	0.375000000
2124118	0.562500000
2878333	0.562500000
2409157	0.562500000
2675513	0.062500000
2745701	0.562500000
3168573	0.562500000
104225	0.562500000
1978188	0.562500000
1019840	0.187500000
1777985	0.562500000
932808	0.062500000
3461166	0.250000000
2072563	0.562500000
2638613	0.562500000
1582	0.562500000
1847481	0.562500000
1212237	0.562500000
2068625	0.062500000
864672	0.562500000
2909456	0.062500000
1144107	0.375000000
521451	0.562500000
1545685	0.562500000
1831381	0.375000000
1202195	0.562500000
158380	0.562500000
571598	0.562500000
193128	0.562500000
191678	0.125000000
3414837	0.562500000
3583646	0.562500000
2683865	0.562500000
2269868	0.562500000
1831916	0.562500000
1077096	0.500000000
1143626	0.562500000
611665	0.562500000
3456680	0.562500000
2096434	0.562500000
2966120	0.562500000
2486252	0.562500000
3196256	0.375000000
2682941	0.562500000
2439528	0.562500000
1548042	0.562500000
2999706	0.312500000
497829	0.062500000
2561541	0.062500000
2930898	0.500000000
426450	0.562500000
2388787	0.062500000
2277987	0.562500000
2606747	0.500000000
1265915	0.375000000
180177	0.062500000
2840719	0.500000000
1564663	0.562500000
1220360	0.562500000
2194787	0.375000000
64085	0.562500000
975596	0.562500000
1147168	0.125000000
736877	0.562500000
46256	0.062500000
1161328	0.187500000
654215	0.500000000
1495791	0.187500000
1154428	0.562500000
1982218	0.562500000
244103	0.562500000
32239	0.562500000
2548999	0.562500000
851357	0.562500000
2076903	0.562500000
904199	0.500000000
2409841	0.562500000
1256455	0.562500000
1859953	0.062500000
2186301	0.562500000
111886	0.562500000
3043730	0.562500000
2832590	0.562500000
731503	0.562500000
2964589	0.375000000
656185	0.562500000
1888779	0.562500000
782698	0.562500000
2984221	0.500000000
497040	0.125000000
2150726	0.375000000
2354904	0.562500000
985419	0.562500000
2919820	0.062500000
1814172	0.437500000
1441883	0.562500000
2886079	0.312500000
2324552	0.562500000
2955057	0.562500000
1446236	0.562500000
112376	0.375000000
3027783	0.562500000
64759	0.562500000
514628	0.562500000
1660439	0.562500000
2968161	0.375000000
2244223	0.562500000
2481152	0.562500000
755306	0.375000000
2182721	0.125000000
2954636	0.562500000
2621256	0.562500000
595656	0.375000000
1830770	0.562500000
23158	0.562500000
2420118	0.562500000
281375	0.562500000
186483	0.375000000
2282539	0.500000000
29583	0.562500000
1309887	0.562500000
415559	0.500000000
1619895	0.562500000
2544867	0.375000000
983742	0.125000000
2405184	0.562500000
2358568	0.375000000
99580	0.562500000
839747	0.562500000
2934494	0.562500000
2648341	0.437500000
1074505	0.562500000
1924300	0.562500000
1897751	0.562500000
853631	0.562500000
99739	0.375000000
1886847	0.062500000
1840043	0.375000000
798590	0.562500000
14956	0.562500000
2109364	0.562500000
713832	0.562500000
1643689	0.375000000
805381	0.562500000
2636504	0.562500000
2671372	0.562500000
2953341	0.562500000
272230	0.250000000
498193	0.562500000
1839604	0.375000000
2858809	0.062500000
1456039	0.562500000
1129774	0.562500000
18970	0.062500000
170432	0.562500000
3035676	0.562500000
2111206	0.562500000
622899	0.125000000
1942524	0.375000000
3120861	0.250000000
308078	0.062500000
2999876	0.562500000
776876	0.062500000
2281883	0.375000000
2876352	0.562500000
957755	0.187500000
644160	0.062500000
300198	0.562500000
1102657	0.500000000
2743327	0.562500000
3070201	0.562500000
2423347	0.062500000
3390104	0.437500000
3125683	0.562500000
970512	0.562500000
958117	0.562500000
2215616	0.562500000
1882285	0.312500000
834809	0.062500000
3185036	0.062500000
2385950	0.562500000
73881	0.562500000
3093601	0.062500000
1828073	0.562500000
821763	0.562500000
1929319	0.562500000
3516017	0.062500000
1612262	0.562500000
2326249	0.062500000
1614892	0.562500000
1161029	0.562500000
1787280	0.562500000
2041954	0.562500000
3043099	0.375000000
1733327	0.562500000
1646966	0.562500000
1850777	0.562500000
3078600	0.562500000
931066	0.562500000
1394807	0.562500000
2957422	0.375000000
560280	0.062500000
533910	0.562500000
633981	0.562500000
1900407	0.062500000
74475	0.562500000
263434	0.562500000
1608835	0.187500000
1062015	0.562500000
7240	0.375000000
798419	0.562500000
3227230	0.187500000
264645	0.562500000
1775831	0.500000000
2117721	0.562500000
972089	0.562500000
1055263	0.562500000
2806857	0.562500000
1523665	0.375000000
166470	0.562500000
1796343	0.562500000
2903	0.062500000
2398593	0.062500000
3247679	0.500000000
2696939	0.250000000
950217	0.375000000
2067847	0.562500000
767971	0.562500000
1504252	0.562500000
2120561	0.562500000
658802	0.562500000
2988592	0.125000000
2983811	0.562500000
58642	0.375000000
64322	0.562500000
1501572	0.562500000
2740941	0.562500000
1114618	0.562500000
27993	0.375000000
928984	0.562500000
795373	0.375000000
2068301	0.562500000
1125550	0.562500000
2837335	0.562500000
3066359	0.562500000
2729906	0.562500000
