8	1
35	1
57	1
70	1
75	1
103	1
108	1
117	1
126	1
141	1
159	1
207	1
226	1
251	1
254	1
272	1
289	1
380	1
388	1
432	1
438	1
444	1
452	1
462	1
477	1
485	1
489	1
514	1
535	1
582	1
633	1
645	1
654	1
692	1
698	1
704	1
745	1
0	2
1	2
2	2
4	2
5	2
6	2
7	2
9	2
10	2
11	2
12	2
13	2
14	2
15	2
16	2
17	2
18	2
19	2
20	2
22	2
23	2
24	2
25	2
26	2
27	2
28	2
29	2
30	2
31	2
32	2
33	2
34	2
36	2
37	2
38	2
40	2
41	2
43	2
44	2
45	2
46	2
47	2
48	2
49	2
50	2
51	2
52	2
58	2
59	2
60	2
62	2
63	2
64	2
65	2
66	2
807	2
67	2
71	2
72	2
73	2
74	2
77	2
78	2
79	2
80	2
82	2
83	2
84	2
85	2
86	2
829	2
88	2
89	2
90	2
91	2
837	2
92	2
93	2
94	2
95	2
96	2
97	2
98	2
99	2
100	2
101	2
102	2
105	2
106	2
107	2
109	2
110	2
111	2
113	2
114	2
115	2
116	2
118	2
119	2
120	2
121	2
122	2
124	2
859	2
127	2
128	2
130	2
869	2
133	2
134	2
135	2
136	2
138	2
139	2
140	2
876	2
142	2
143	2
144	2
146	2
147	2
149	2
151	2
152	2
153	2
154	2
155	2
156	2
157	2
158	2
160	2
161	2
163	2
164	2
165	2
167	2
168	2
169	2
170	2
172	2
173	2
174	2
175	2
176	2
177	2
179	2
180	2
181	2
182	2
183	2
186	2
187	2
920	2
188	2
189	2
190	2
191	2
192	2
193	2
194	2
195	2
196	2
197	2
198	2
199	2
202	2
203	2
204	2
205	2
206	2
930	2
209	2
210	2
211	2
212	2
213	2
214	2
215	2
216	2
217	2
937	2
218	2
219	2
220	2
221	2
222	2
223	2
224	2
225	2
227	2
229	2
230	2
231	2
233	2
234	2
235	2
236	2
237	2
956	2
238	2
241	2
242	2
963	2
243	2
244	2
245	2
246	2
247	2
248	2
249	2
250	2
252	2
253	2
978	2
255	2
256	2
257	2
258	2
259	2
260	2
261	2
262	2
263	2
264	2
265	2
266	2
268	2
269	2
270	2
271	2
273	2
275	2
277	2
278	2
279	2
281	2
282	2
283	2
284	2
285	2
286	2
290	2
291	2
292	2
293	2
294	2
295	2
296	2
297	2
1008	2
298	2
299	2
300	2
301	2
303	2
304	2
306	2
307	2
310	2
311	2
312	2
313	2
315	2
316	2
317	2
318	2
319	2
320	2
321	2
323	2
324	2
1028	2
326	2
327	2
329	2
330	2
331	2
332	2
333	2
334	2
335	2
338	2
339	2
340	2
341	2
342	2
343	2
345	2
346	2
347	2
348	2
349	2
350	2
351	2
352	2
353	2
355	2
356	2
357	2
358	2
360	2
361	2
362	2
365	2
366	2
367	2
368	2
1057	2
369	2
370	2
371	2
372	2
373	2
374	2
377	2
378	2
379	2
381	2
382	2
383	2
384	2
385	2
1073	2
386	2
387	2
389	2
390	2
391	2
392	2
393	2
394	2
397	2
398	2
1079	2
399	2
400	2
401	2
403	2
404	2
405	2
406	2
408	2
409	2
410	2
411	2
412	2
413	2
414	2
415	2
416	2
417	2
418	2
420	2
423	2
424	2
426	2
427	2
428	2
429	2
430	2
431	2
433	2
434	2
435	2
436	2
437	2
439	2
441	2
442	2
443	2
445	2
446	2
448	2
449	2
451	2
453	2
1134	2
456	2
457	2
458	2
459	2
460	2
461	2
463	2
465	2
466	2
467	2
468	2
469	2
470	2
471	2
472	2
473	2
474	2
475	2
478	2
479	2
480	2
482	2
483	2
1155	2
487	2
488	2
490	2
491	2
492	2
493	2
494	2
495	2
496	2
497	2
498	2
499	2
500	2
501	2
502	2
504	2
505	2
506	2
508	2
509	2
510	2
512	2
513	2
515	2
516	2
517	2
518	2
519	2
520	2
521	2
522	2
525	2
527	2
528	2
529	2
530	2
531	2
532	2
1178	2
533	2
534	2
1179	2
536	2
537	2
538	2
541	2
542	2
543	2
544	2
545	2
546	2
548	2
552	2
555	2
556	2
557	2
559	2
560	2
1206	2
562	2
563	2
564	2
565	2
566	2
567	2
568	2
569	2
570	2
571	2
572	2
573	2
575	2
576	2
578	2
579	2
580	2
581	2
583	2
584	2
585	2
586	2
587	2
588	2
589	2
590	2
591	2
593	2
594	2
595	2
596	2
597	2
598	2
600	2
1244	2
603	2
1246	2
1247	2
605	2
606	2
607	2
609	2
1255	2
610	2
612	2
613	2
614	2
615	2
616	2
617	2
1272	2
620	2
621	2
622	2
623	2
624	2
626	2
627	2
628	2
629	2
630	2
631	2
632	2
634	2
635	2
636	2
637	2
638	2
641	2
642	2
643	2
646	2
1299	2
647	2
648	2
1300	2
649	2
650	2
651	2
652	2
653	2
1304	2
656	2
1311	2
657	2
658	2
660	2
661	2
662	2
666	2
667	2
668	2
670	2
671	2
673	2
675	2
677	2
678	2
679	2
680	2
681	2
682	2
684	2
685	2
686	2
688	2
689	2
691	2
693	2
694	2
695	2
696	2
699	2
701	2
702	2
703	2
705	2
706	2
707	2
708	2
709	2
710	2
711	2
712	2
713	2
714	2
715	2
716	2
717	2
718	2
719	2
720	2
721	2
722	2
723	2
724	2
725	2
726	2
727	2
728	2
1376	2
729	2
730	2
731	2
732	2
734	2
735	2
737	2
739	2
740	2
742	2
743	2
746	2
747	2
748	2
754	3
759	3
762	3
766	3
768	3
775	3
779	3
780	3
782	3
783	3
39	3
42	3
788	3
790	3
55	3
794	3
800	3
69	3
811	3
76	3
815	3
81	3
820	3
87	3
833	3
834	3
845	3
104	3
853	3
129	3
132	3
870	3
871	3
137	3
145	3
148	3
150	3
891	3
894	3
166	3
184	3
916	3
917	3
201	3
208	3
936	3
939	3
228	3
232	3
239	3
961	3
974	3
975	3
977	3
986	3
274	3
276	3
287	3
288	3
1004	3
1009	3
1010	3
308	3
309	3
1016	3
1017	3
314	3
325	3
328	3
337	3
344	3
354	3
359	3
1045	3
364	3
375	3
376	3
1066	3
1069	3
1074	3
1077	3
395	3
1081	3
407	3
1093	3
1098	3
422	3
425	3
1102	3
440	3
1114	3
1117	3
447	3
454	3
464	3
1149	3
1150	3
481	3
1151	3
1153	3
486	3
1154	3
1161	3
503	3
1164	3
1172	3
523	3
539	3
1190	3
1192	3
547	3
549	3
550	3
551	3
553	3
554	3
1204	3
561	3
1214	3
574	3
1220	3
577	3
1234	3
592	3
604	3
608	3
611	3
1265	3
1271	3
1275	3
1278	3
618	3
619	3
625	3
1286	3
1291	3
639	3
640	3
1307	3
1308	3
1309	3
659	3
1314	3
663	3
664	3
665	3
1319	3
672	3
1322	3
674	3
676	3
1326	3
1329	3
683	3
687	3
700	3
1352	3
1353	3
1357	3
1362	3
1377	3
1384	3
741	3
744	3
749	4
750	4
751	4
752	4
753	4
3	4
755	4
756	4
757	4
758	4
760	4
761	4
763	4
764	4
765	4
767	4
769	4
770	4
771	4
772	4
21	4
773	4
774	4
776	4
777	4
778	4
781	4
784	4
785	4
786	4
787	4
789	4
791	4
53	4
54	4
56	4
792	4
793	4
61	4
795	4
796	4
797	4
798	4
799	4
801	4
802	4
803	4
804	4
805	4
806	4
808	4
68	4
809	4
810	4
812	4
813	4
814	4
816	4
817	4
818	4
819	4
821	4
822	4
823	4
824	4
825	4
826	4
827	4
828	4
830	4
831	4
832	4
835	4
836	4
838	4
839	4
840	4
841	4
842	4
843	4
844	4
846	4
847	4
848	4
849	4
850	4
851	4
852	4
112	4
854	4
855	4
856	4
123	4
125	4
857	4
858	4
860	4
861	4
862	4
863	4
864	4
865	4
866	4
867	4
131	4
868	4
872	4
873	4
874	4
875	4
877	4
878	4
879	4
880	4
881	4
882	4
883	4
884	4
885	4
886	4
887	4
888	4
889	4
890	4
892	4
893	4
895	4
896	4
897	4
898	4
162	4
899	4
900	4
901	4
902	4
903	4
904	4
905	4
171	4
906	4
907	4
908	4
909	4
910	4
178	4
911	4
912	4
913	4
914	4
915	4
185	4
918	4
919	4
921	4
922	4
200	4
923	4
924	4
925	4
926	4
927	4
928	4
929	4
931	4
932	4
933	4
934	4
935	4
938	4
940	4
941	4
942	4
943	4
944	4
945	4
946	4
947	4
948	4
949	4
950	4
951	4
952	4
953	4
954	4
955	4
957	4
958	4
240	4
959	4
960	4
962	4
964	4
965	4
966	4
967	4
968	4
969	4
970	4
971	4
972	4
973	4
976	4
979	4
980	4
981	4
982	4
983	4
984	4
985	4
267	4
987	4
988	4
989	4
990	4
991	4
280	4
992	4
993	4
994	4
995	4
996	4
997	4
998	4
999	4
1000	4
1001	4
1002	4
1003	4
1005	4
1006	4
1007	4
1011	4
1012	4
302	4
305	4
1013	4
1014	4
1015	4
1018	4
1019	4
1020	4
1021	4
1022	4
1023	4
1024	4
1025	4
1026	4
1027	4
1029	4
1030	4
1031	4
1032	4
1033	4
336	4
1034	4
1035	4
1036	4
1037	4
1038	4
1039	4
1040	4
1041	4
1042	4
1043	4
1044	4
363	4
1046	4
1047	4
1048	4
1049	4
1050	4
1051	4
1052	4
1053	4
1054	4
1055	4
1056	4
1058	4
1059	4
1060	4
1061	4
1062	4
1063	4
1064	4
1065	4
1067	4
1068	4
1070	4
1071	4
1072	4
1075	4
1076	4
396	4
1078	4
1080	4
1082	4
402	4
1083	4
1084	4
1085	4
1086	4
1087	4
1088	4
1089	4
1090	4
1091	4
1092	4
1094	4
1095	4
1096	4
1097	4
1099	4
419	4
1100	4
421	4
1101	4
1103	4
1104	4
1105	4
1106	4
1107	4
1108	4
1109	4
1110	4
1111	4
1112	4
1113	4
1115	4
1116	4
1118	4
1119	4
1120	4
1121	4
1122	4
1123	4
1124	4
1125	4
1126	4
1127	4
450	4
1128	4
1129	4
1130	4
1131	4
1132	4
1133	4
455	4
1135	4
1136	4
1137	4
1138	4
1139	4
1140	4
1141	4
1142	4
1143	4
1144	4
1145	4
1146	4
1147	4
1148	4
476	4
1152	4
484	4
1156	4
1157	4
1158	4
1159	4
1160	4
507	4
511	4
1162	4
1163	4
1165	4
1166	4
1167	4
1168	4
1169	4
1170	4
1171	4
1173	4
524	4
1174	4
1175	4
526	4
1176	4
1177	4
1180	4
1181	4
1182	4
1183	4
1184	4
1185	4
1186	4
1187	4
1188	4
1189	4
1191	4
540	4
1193	4
1194	4
1195	4
1196	4
1197	4
1198	4
1199	4
1200	4
1201	4
1202	4
1203	4
558	4
1205	4
1207	4
1208	4
1209	4
1210	4
1211	4
1212	4
1213	4
1215	4
1216	4
1217	4
1218	4
1219	4
1221	4
1222	4
1223	4
1224	4
1225	4
1226	4
1227	4
1228	4
1229	4
1230	4
1231	4
1232	4
1233	4
1235	4
1236	4
1237	4
1238	4
1239	4
1240	4
599	4
1241	4
1242	4
601	4
1243	4
602	4
1245	4
1248	4
1249	4
1250	4
1251	4
1252	4
1253	4
1254	4
1256	4
1257	4
1258	4
1259	4
1260	4
1261	4
1262	4
1263	4
1264	4
1266	4
1267	4
1268	4
1269	4
1270	4
1273	4
1274	4
1276	4
1277	4
1279	4
1280	4
1281	4
1282	4
1283	4
1284	4
1285	4
1287	4
1288	4
1289	4
1290	4
1292	4
1293	4
1294	4
1295	4
644	4
1296	4
1297	4
1298	4
1301	4
1302	4
1303	4
1305	4
655	4
1306	4
1310	4
1312	4
1313	4
1315	4
1316	4
1317	4
669	4
1318	4
1320	4
1321	4
1323	4
1324	4
1325	4
1327	4
1328	4
1330	4
1331	4
1332	4
1333	4
1334	4
1335	4
1336	4
1337	4
1338	4
1339	4
1340	4
1341	4
1342	4
1343	4
1344	4
690	4
1345	4
1346	4
1347	4
1348	4
697	4
1349	4
1350	4
1351	4
1354	4
1355	4
1356	4
1358	4
1359	4
1360	4
1361	4
1363	4
1364	4
1365	4
1366	4
1367	4
1368	4
1369	4
1370	4
1371	4
1372	4
1373	4
1374	4
1375	4
1378	4
733	4
1379	4
1380	4
1381	4
1382	4
1383	4
1385	4
1386	4
736	4
1387	4
1388	4
1389	4
738	4
1390	4
1391	4
1392	4
1393	4
1394	4
1395	4
1396	4
1397	4
