356
1574
1384
2657
2703
909
637
639
1391
1392
1394
1782
326
255
2576
3773
3774
3905
2044
2404
1226
2238
2752
3509
3517
3733
3737
3775
3831
4225
451
682
481
484
488
763
933
1593
1594
942
454
509
2240
2393
2940
3159
3314
3519
3521
345
349
1042
1045
2309
678
1476
381
2655
2578
586
267
2970
1318
1440
1389
1393
1660
3484
4153
667
1201
1202
1572
1573
1575
1914
1915
1922
955
1031
391
396
401
406
414
1447
199
210
383
10
1165
1251
480
150
867
871
873
874
876
878
3655
1693
2713
3326
3493
3494
3495
3497
3522
3824
3993
3994
4009
4010
4038
4098
4124
4175
977
979
1132
1135
1704
2711
2712
692
702
668
917
1218
1221
1229
1245
1248
2552
1769
2202
2705
1200
1214
1219
1545
1890
1892
1894
1895
1976
1979
1984
1987
2119
2388
2494
2501
2503
2570
2572
2584
2697
2822
2933
2934
2936
2937
2938
3006
3029
3208
3212
3217
3221
3233
3247
3301
3511
3512
3599
3623
3666
3678
3731
3790
3792
3956
4061
4068
4078
4089
4223
1255
4227
177
185
186
187
188
193
196
215
410
842
875
1026
1115
1259
1438
1583
2308
2338
2339
2348
2371
2461
2896
3078
576
587
123
552
2574
2575
535
1658
2392
2185
1614
2247
53
91
808
1799
1885
1886
1751
1961
1966
98
3852
3937
3938
3939
3940
4012
4013
4014
4015
4016
4017
4018
4019
4020
4021
4022
4023
4024
4025
4026
4027
4028
4030
4034
4035
4069
4099
4100
4101
4102
4104
4106
4107
4108
4109
4110
4111
4112
4113
4114
4254
4273
4274
19
602
879
1002
1222
1235
1276
1353
1491
1495
1604
1605
1612
1621
1627
1728
1787
1791
1792
1793
1813
1965
2021
2095
2187
2276
2278
2317
2319
2321
2322
2327
2383
2396
2407
2445
2484
2551
2603
2604
2606
2648
2676
2678
2722
2818
2819
2823
2864
2946
2950
3033
3065
3119
3166
3178
3196
3310
3331
3347
3404
3408
3442
3560
3569
3575
3576
3577
3597
3644
3670
3671
3694
3704
3705
3710
3711
3720
3744
3749
3750
3762
3786
3796
3797
3799
3818
3879
3881
3908
3925
3930
3932
3948
4000
4051
4079
4115
4265
4294
4303
4309
2772
2830
2831
2848
3523
3610
3612
3767
3772
4055
4166
1256
1814
1818
1863
1796
1797
1798
1533
1678
1679
1681
1684
2164
2545
2546
2548
2983
3035
3191
3283
3393
3531
3550
3688
3689
3873
3877
4006
4075
4076
4209
4211
1099
2997
2857
390
397
1852
1855
1856
2256
2464
2512
2513
2561
2986
3080
3088
3092
3747
3765
4228
4229
4230
4231
4234
4235
545
2207
2287
2291
2335
4257
2725
2769
2786
2861
3692
272
1210
445
456
739
237
2234
9
628
2554
2579
2580
3376
1345
399
348
507
511
513
1173
1176
1456
1542
1543
1624
1628
1637
2107
2251
2252
2253
2520
2521
2524
2525
2839
2840
3142
3209
3274
3394
3661
3662
3663
3745
3912
3913
3914
4171
337
2281
2285
2403
2485
2486
2617
2618
2643
2894
2919
3585
3841
3928
3936
1237
1242
1420
141
148
152
190
1620
1753
1794
1816
2103
2333
2336
2337
2608
2609
2610
2611
2733
2734
2735
3008
3009
3356
3357
3358
3359
3504
3505
3506
3941
3942
3943
3944
3945
3946
3996
3997
4180
4181
4191
4192
4196
4206
204
1289
1817
4190
745
777
787
753
1596
1597
248
676
1157
1736
1840
1982
1992
2616
2872
2490
2688
2821
3010
3528
3619
3657
3658
4053
2560
2590
3638
4186
2369
2504
1187
1188
405
2184
2201
2483
2629
2642
2797
2801
2865
2866
2867
2992
3053
3055
3111
3176
3906
2274
388
2275
1552
495
1564
1676
1861
2531
2533
2536
2537
2549
2568
2996
3279
3280
3298
3306
3453
3455
3698
3699
3205
3337
1128
967
971
1087
1108
1677
2232
2835
3419
3420
4165
780
964
2152
3391
3392
4116
2214
2221
2224
261
1278
635
655
658
1233
1234
1570
2189
2191
2491
2615
2978
3100
3324
3423
3424
3703
4059
4060
4063
4156
4296
1730
1117
1118
20
1003
437
1959
1525
477
1331
1466
3795
295
1402
1449
2088
2569
2941
1146
3101
3323
179
630
631
166
822
853
1514
1970
699
700
701
1049
1053
1075
1183
1184
1986
1988
2198
2293
2686
2980
3546
3571
3572
3582
3725
3966
4054
432
433
293
764
765
768
2020
85
104
106
83
325
360
966
184
2497
647
1058
752
757
2698
2699
2700
2701
2706
2707
2708
2714
2750
2751
2770
2771
2774
2790
2794
2842
2987
3012
3025
3070
3081
3125
3126
3127
3130
3139
3183
3220
3245
3251
3252
3253
3254
3261
3262
3275
3276
3277
3536
3552
3553
3554
3555
3556
3565
3566
3579
3580
3620
3679
3681
3726
3732
3768
3954
3962
3963
3969
4064
4184
387
216
211
458
461
856
857
3454
1407
1408
1409
470
301
76
442
1606
1607
779
1439
1441
2310
4045
539
540
542
550
578
74
669
2220
619
621
625
2755
2817
3810
3857
3858
848
1054
1147
1148
1732
1750
1913
2342
2343
2594
2599
2850
2897
2939
2976
3229
3284
3302
3425
3468
3604
3680
3690
3691
3709
3712
3721
3727
3756
3769
3770
3861
3889
3896
3903
3918
4067
4077
4207
4213
1472
3499
3516
308
1297
816
2066
2067
2068
2069
2306
2363
2532
2625
2627
2693
3295
389
1668
1107
56
164
181
721
656
657
663
1185
1186
1324
1395
3977
1094
256
770
2210
127
291
131
145
992
1040
1335
1358
1399
1411
1478
1480
1795
2462
2487
2555
2612
2644
2843
2871
2892
2906
2920
3072
3346
3351
3496
3533
3611
3676
4088
4126
4152
4218
4248
4269
4276
2743
154
1163
1164
2162
2165
510
1538
563
1716
492
508
41
47
54
78
833
2931
3193
1363
575
218
595
596
599
486
440
447
4263
2045
135
280
281
2132
371
100
590
653
660
664
838
940
941
1303
1802
1996
1999
2000
2002
2299
2415
2416
2587
3192
3335
3859
3988
3989
2151
2260
46
1008
1550
2203
67
178
3318
3319
3320
3321
79
80
94
115
96
219
821
1346
1879
1880
1884
1923
1962
2284
1372
1563
351
354
3327
3643
3748
250
1396
1397
706
707
806
912
1012
1015
1390
3608
2106
245
998
999
3071
4125
903
2032
2150
1362
310
781
1074
1410
1528
1868
2528
2530
2695
2780
2789
2791
2985
3148
3149
3235
3237
3238
3246
3263
3264
3268
3269
3281
3292
3305
3374
3375
3377
3439
3488
3498
3622
3667
3695
3696
3735
3736
3755
3757
3761
3763
3787
3793
3950
4001
4032
4033
471
593
594
2425
111
116
2765
3167
3177
4080
92
807
374
1079
1091
465
233
1942
309
324
1083
1084
813
978
987
2495
423
13
93
202
832
921
929
222
444
257
1364
1379
1554
1822
1867
113
1368
1369
1603
2753
2754
2999
3000
3007
101
1066
1078
565
572
994
1033
1034
1036
1878
3673
3883
4031
4048
194
696
731
1690
2359
2360
2795
4094
4172
972
973
7
25
3105
3636
3706
3729
4182
4260
4264
60
2102
2488
952
1100
395
553
554
1137
1473
1474
1477
3524
3549
3791
4252
691
2037
2038
2039
2040
2169
3600
3607
3631
577
453
1170
611
620
846
847
645
746
749
516
35
1354
1356
1494
584
1167
300
588
591
1180
1383
1386
197
429
733
734
738
743
892
893
4135
4256
512
1306
1322
1398
2195
2463
968
735
129
418
902
828
1367
174
1307
1309
1445
1484
1488
1489
2168
241
252
311
312
313
314
315
316
317
318
319
320
1662
1664
1873
1469
134
137
139
171
2028
2194
3330
3332
3355
1370
200
214
224
230
234
240
608
820
1013
1014
1019
1020
1021
1024
1144
1434
1578
1963
1973
1998
2166
2429
2450
2465
2509
2586
2746
2747
2832
2851
2879
3171
3172
3173
3207
3260
3315
3328
3329
3402
3406
3407
3435
3515
3535
3581
3596
3601
3617
3656
3809
3811
3823
3826
3835
3836
3870
3872
3880
3897
3899
3911
3923
3949
3951
4119
4142
4178
4179
4215
4283
4302
4305
1257
72
529
403
412
1509
1516
1520
1521
1522
1535
1555
165
168
173
302
305
375
276
277
369
438
727
1468
1632
1633
1204
1205
1252
1343
1344
1505
1576
1577
1776
1777
1781
1783
1935
2307
2597
2598
2600
2621
3210
3243
3353
3426
3534
3543
3544
3545
3633
3819
4066
4154
4202
4232
4233
4266
160
161
227
1680
1682
1765
344
254
37
431
1010
1305
2593
786
1092
2990
3746
824
1035
1037
1038
1039
1041
1043
1047
1051
4306
4312
265
268
411
1196
1371
1685
1705
270
518
521
522
1591
1706
1715
1774
1789
1851
1854
2062
2063
2298
2562
2581
2602
2620
2659
2768
2836
2837
2844
2875
2876
2877
2878
2887
2889
2899
2925
2988
3058
3150
3189
3352
3452
3503
3871
4056
4176
1900
1904
3978
3090
633
634
641
643
1540
1547
246
3003
3013
3014
205
1720
1190
1192
3052
3232
3234
4011
784
916
1641
2074
2079
2216
2223
2262
2544
2638
2738
2742
2775
2776
2779
2781
2782
2820
2825
2826
2829
2900
2944
2998
3039
3040
3042
3079
3104
3106
3124
3155
3157
3187
3285
3300
3400
3551
3646
3664
3675
3902
3999
4121
4123
4224
4226
4295
4304
1067
1070
130
629
890
2971
2984
3180
2901
687
688
3700
3701
4143
1328
1553
2305
2467
489
439
17
124
162
163
1598
1599
2097
2100
2273
2682
2736
638
644
2019
2431
2432
2433
4147
140
427
1286
1288
1292
2018
2029
2087
2480
2907
2908
2909
2910
2911
2913
2914
2915
2918
3348
3538
3540
3541
1448
2852
417
426
1744
4170
795
797
799
801
167
1897
1911
1731
3921
1213
1217
1901
1905
2498
2499
2500
2636
3179
3265
3715
4052
4200
4201
775
1064
2563
796
800
2455
612
614
4169
58
4062
1630
1640
1657
1665
260
22
4300
158
180
1611
1098
1159
794
485
358
117
1105
1423
4310
843
844
1772
2176
1171
1404
2030
87
88
329
1634
1647
1663
1667
536
564
2257
3632
4003
547
548
1602
1308
1312
2475
2476
2477
2479
2481
1267
1268
1270
1272
1273
236
57
500
517
519
1418
805
428
430
170
886
894
895
898
901
932
1359
1530
1539
1711
452
1193
1195
1215
1421
359
1152
1153
1166
2003
2117
2118
2126
2047
859
3313
814
3564
945
947
950
1430
1431
1433
1506
1508
1585
334
339
632
1055
2182
307
322
503
1446
679
23
1172
1175
1698
924
2550
561
1119
1120
332
2496
2290
4151
1001
499
482
954
1138
937
3059
65
97
121
147
681
195
1069
2702
3004
3693
138
1011
40
43
44
48
49
3927
3929
68
2674
2696
2718
2724
2726
2727
2728
2756
2759
2760
2762
2763
2764
2799
2811
2942
3030
3031
3038
3041
3043
3044
3045
3049
3051
3057
3062
3102
3224
3225
3227
1
2
3
1102
1224
1349
1454
1455
1458
1459
1631
1635
1683
1742
1743
1746
1747
1749
1788
1829
1883
1887
1891
1946
1960
2046
2048
2050
2051
2197
2199
2200
2279
2297
2300
2323
2326
2328
2329
2361
2365
2366
2367
2368
2389
2390
2434
2482
2493
2514
2518
2556
2571
2573
2803
2805
2806
2807
2808
2809
2810
2814
2815
2816
2862
2863
2869
2870
2904
3256
3257
3259
3282
3341
3365
3367
3389
3473
3474
3475
3477
3479
3492
3518
3776
3777
3778
3779
3783
3788
3804
3805
3806
3808
3834
3837
3838
3839
3840
3842
3843
3860
3884
3885
3886
3887
3888
3900
3901
3909
3910
191
1114
8
562
3800
673
680
686
689
690
1560
3829
3830
1617
530
531
532
782
783
1086
1337
2178
2373
2374
2423
2577
2800
258
284
289
292
296
249
1907
2437
774
840
2508
2665
3784
4298
408
1244
1247
1675
605
610
1748
585
996
1127
1191
2542
2543
2935
3438
3447
3448
3450
3461
3472
3742
3743
1653
2226
2681
2692
2963
2973
3017
3064
3322
3476
3649
3785
4188
4214
4247
4258
4262
1131
2632
2645
3405
95
75
1917
881
720
247
504
726
1227
409
2588
2873
976
1350
331
346
1655
1656
2967
3399
626
675
677
695
882
884
3718
3719
3723
3782
4103
4105
4129
4130
4132
4136
4145
4157
4160
4163
4193
4204
4237
4280
4287
4293
4297
4299
4301
566
567
1689
415
2027
1004
1007
3411
2358
2397
1427
151
650
662
891
960
1017
1032
1182
1198
1279
1374
1375
1377
1380
1385
1661
1666
1910
1920
1985
2109
2131
2190
2430
2435
2675
2916
2924
2943
3089
3182
3213
3214
3215
3222
3236
3345
3625
3634
3635
3647
4073
4085
4086
4087
4096
4141
4253
4270
4279
725
1338
1287
1290
2680
1989
328
335
336
338
1143
1181
1876
1877
2283
2689
2694
2838
3789
4117
4122
4291
4292
198
203
208
217
297
425
652
683
685
855
948
1116
1121
1123
1126
1168
1225
1264
1277
1357
1400
1401
1406
1524
1687
1688
1768
1875
1931
1932
1938
1939
1948
1949
1951
1953
1954
1955
1956
1957
1958
1983
1997
2005
2036
2073
2076
2084
2142
2144
2177
2180
2227
2231
2255
2350
2351
2356
2406
2412
2413
2417
2418
2419
2420
2422
2440
2441
2466
2468
2470
2472
2506
2507
2523
2526
2529
2534
2535
2538
2539
2540
2541
2591
2595
2619
2622
2626
2637
2660
2664
2672
2716
2717
2720
2721
2961
2989
2991
3032
3096
3115
3116
3117
3118
3145
3147
3169
3170
3303
3616
3621
3771
4081
2101
2766
2767
754
756
759
1199
636
919
2442
2723
3095
3935
1609
1721
1722
1800
1882
59
62
2792
102
985
12
223
2469
2471
2473
2788
3241
1761
1581
1584
1569
3382
3384
3431
798
963
2072
243
1334
1336
1435
2059
2060
2061
2081
55
2089
984
1197
1567
1595
1710
2280
863
1481
1651
1969
1972
1975
2135
2137
2138
2140
2564
2631
2634
2635
3817
2171
2173
2174
2175
3642
1189
462
501
623
627
244
420
1154
1155
1156
1485
1493
2104
2966
597
1644
64
809
896
905
914
2034
778
278
361
4042
872
2052
2054
1809
77
810
1757
1764
4281
926
928
931
2304
711
889
2245
2288
2787
3103
3132
3270
4155
4162
4164
253
483
491
758
760
789
790
455
2386
3299
3668
3716
352
897
2511
2204
342
201
2139
640
31
523
526
989
70
2324
2730
2731
2732
592
86
89
90
266
2628
2668
3034
3129
3194
3230
4046
4047
4251
694
1912
2630
2424
474
1109
1111
1275
1527
815
264
2972
579
506
730
732
2141
2143
52
1752
2181
2376
2582
3568
3603
3672
3794
4168
4212
661
766
767
771
1707
1709
1717
1718
2316
1178
1784
1858
487
490
1103
1104
1231
1274
1419
1899
1902
883
2845
4
2179
1648
515
524
259
2652
494
496
497
498
2230
982
983
986
263
1841
422
63
616
2841
2846
2969
598
868
870
1280
1282
1283
2670
2729
2895
2974
3738
3739
238
1461
2457
1169
1327
1329
1460
1659
2248
568
1136
2633
4118
4167
4238
4239
4286
355
273
849
850
82
119
817
818
251
172
1559
1643
962
951
956
957
958
1203
1579
1580
1582
1780
1859
2241
2596
4307
2656
2874
2927
2947
2957
3532
3539
3548
347
1129
1713
2740
2758
2833
1686
3717
3878
3898
3990
3991
3992
394
2136
5
33
42
45
136
155
176
327
1462
1755
1756
1758
1759
1775
1778
2009
2010
2094
2105
2145
2183
2228
2272
2312
2315
2347
2349
2352
2353
2384
2474
2478
2489
2854
2856
2858
2859
2860
2885
2891
3154
3427
3665
4144
866
869
858
860
3456
299
132
723
772
938
939
1113
1223
1269
1293
1298
1304
1310
1313
1314
1317
1373
1479
1501
1515
1565
1610
1674
1819
1933
1934
1964
1991
2011
2015
2025
2035
2053
2064
2077
2154
2188
2193
2222
2254
2258
2282
2320
2443
2451
2452
2641
2646
2647
2649
2679
2783
2868
2923
2932
2958
2964
3060
3063
3066
3107
3135
3195
3645
988
1016
703
705
1857
6
285
290
1150
1541
1864
1990
2345
841
283
213
221
2456
1122
269
435
1162
4044
4308
368
479
718
1387
3413
3414
3415
3416
3417
3418
4240
4241
4242
4243
4244
4245
4261
419
990
991
993
995
997
1708
1724
1925
11
463
469
472
1589
2683
1265
1330
1415
1452
2402
1490
1240
528
803
804
1130
1133
1134
1209
3907
3998
4255
4285
1174
341
353
2959
2960
3082
3085
3086
3087
3144
3146
3421
321
600
615
624
719
755
1101
1908
343
2158
2148
2149
2405
2426
2527
3780
3798
1110
2346
4259
1608
2446
2447
2448
2449
2592
34
143
206
235
239
242
279
525
837
2436
114
146
925
736
935
1571
551
3266
3267
3291
3441
3559
3686
3687
3741
1179
473
961
4029
232
274
915
923
930
1669
1699
1700
2085
2086
3366
1845
1846
1848
122
613
618
1124
1125
1360
1615
1619
607
1141
1618
693
505
1725
1726
527
1771
1773
1785
1786
851
1824
877
880
908
169
1977
1978
209
969
970
713
1909
3574
1821
330
1089
50
39
212
220
3168
751
761
773
1005
450
2421
2522
2583
2585
2607
2650
2651
2677
2890
3001
3026
3197
3198
3311
3312
3364
3677
3754
3922
4127
4131
4133
4146
1424
1492
3734
4065
4070
4084
4246
2921
559
2155
1451
1586
1836
1839
1844
1916
1936
1940
1941
2006
2007
2008
2041
2042
2043
2049
2058
2092
2096
2163
2236
2265
2269
2270
2271
2292
2294
2295
2370
2398
2658
2661
2662
2663
2671
2715
2928
2929
2930
2993
2994
2995
3022
3023
3037
3110
3112
3113
3114
3138
3308
1926
2146
2331
1654
1463
1561
1691
1692
1694
1695
2264
2267
2268
2666
2667
2669
2793
2796
2798
2804
2812
2813
2953
2956
3307
3626
3627
3628
3828
4058
4074
4082
4083
4090
4092
4093
271
365
811
812
2438
2439
377
384
654
666
906
910
911
913
918
920
927
934
1018
1023
1027
1029
1294
1295
1299
1300
1301
1302
1311
1315
1319
1320
1321
1323
1325
1464
1465
1467
1470
1471
1510
1511
1512
1513
1523
1529
1531
1532
1534
1703
1779
1811
1812
1838
1865
1872
1874
1944
1945
1947
2070
2071
2075
2078
2080
2082
2083
2098
2099
2110
2111
2112
2113
2114
2115
2120
2122
2123
2127
2129
2130
2134
2160
2186
2209
4072
514
3637
4222
108
1422
1425
1426
1566
899
582
825
1236
1238
1241
1243
1355
1412
1413
1486
1487
1499
1613
1888
2377
2378
2379
2653
2654
3360
3380
3401
1291
831
61
1059
1063
2459
2639
3336
110
112
118
120
128
149
854
573
1230
1482
1483
2640
2739
3211
3434
3436
3437
4284
975
2965
3462
3463
4057
826
862
1142
3825
622
1052
1095
1096
697
864
1896
3340
3971
4311
791
792
793
1790
546
549
785
3740
2362
4267
570
571
1212
1766
1767
1967
2341
2357
2460
2975
4220
4221
1697
2091
2263
1801
802
1712
1714
1760
2153
2159
2170
2372
2411
2687
2748
2802
2853
2855
2981
3151
3152
3153
3181
3297
3629
3630
3760
3952
3979
4137
4139
4173
4268
476
717
1081
1151
1616
1636
3011
3403
3410
3752
3753
3764
3983
3984
3985
4008
4043
4050
4128
674
3288
3296
1727
378
557
1739
1740
2387
99
603
606
609
1457
69
71
192
207
601
823
1503
1504
1994
1995
2250
362
364
366
367
1645
1646
1673
1729
2016
2017
2116
2121
21
32
36
51
225
226
287
294
304
1073
1158
382
407
1106
1549
1807
762
2233
2235
105
478
2239
2242
2243
2244
2828
379
386
1403
1405
2553
642
646
698
900
1025
1068
1071
1228
1763
1825
1827
1828
1830
1837
1849
1850
1889
2212
2249
2286
2296
2741
2745
2898
3002
3091
3120
3134
3158
3219
3289
3294
3316
3317
3395
3412
3537
3586
3588
3591
3653
3654
3674
3707
3708
3722
3724
3781
3816
3820
3856
3865
3968
1546
1548
142
182
617
400
589
671
672
684
724
728
729
827
829
830
835
836
839
1000
1006
1009
1022
1160
1161
1216
1220
1296
1351
1365
1366
1432
1496
1498
1500
1622
1623
1625
1626
1696
1733
1734
1735
1737
1738
1804
1805
1806
1808
1831
1871
1903
1906
1924
1968
1971
1974
2022
2023
2024
2026
2031
2167
2217
2218
2219
2330
2332
2334
2364
2391
2395
2401
2409
2414
2427
2444
2492
2502
2510
2613
2684
2685
2880
2881
2882
2883
2884
2886
2903
2951
2952
2955
2968
3073
3074
3160
3161
3162
3163
3190
3271
3273
3432
3433
3443
3445
3458
3480
3483
3485
3489
3490
3491
3500
3697
3730
4134
4205
4208
4249
4250
665
1082
1085
464
466
468
819
1088
306
1090
1093
1352
1701
2559
2673
350
1065
125
126
286
3381
3383
3385
3386
3387
3388
3390
3547
3833
4091
2979
15
1832
1842
1843
1869
1993
2261
2589
1249
1881
372
373
376
2380
2381
2382
2399
2400
2605
1030
1450
1517
1518
2065
2172
2547
2719
2761
2777
1519
1649
183
541
402
936
2266
2601
2888
2905
2912
3174
3639
3640
4203
1416
1428
1429
288
159
357
434
1347
370
1562
1568
1719
157
392
398
441
446
175
4071
3542
3669
1342
1361
2318
493
502
1770
1139
1140
103
144
153
537
538
323
3874
1057
1638
1639
1893
2453
109
1208
2196
2277
1211
1254
1258
1316
1853
1866
1919
1937
1943
1950
1952
2004
2259
2354
2355
2408
2505
2710
2849
3036
3050
3226
3278
3362
3378
3379
3409
3446
3449
3451
3459
3460
3469
3470
3471
3486
3487
3501
3502
3613
3614
3624
3641
3821
3822
3832
3869
3875
3876
3933
3934
3973
3974
3975
3976
3986
3987
4007
4174
4177
4210
4219
424
953
1072
1076
1077
1080
1502
2834
3016
3018
3024
3046
3047
3048
3067
3068
3075
3076
3077
3083
3084
3097
3098
3099
3108
3109
3121
3122
3123
3128
3133
3136
3137
3143
3199
3202
3203
3204
3206
3223
3228
3231
3239
3240
3242
3244
3248
3249
3250
3258
3286
3287
3290
3342
3343
3344
3361
3363
3370
3371
3507
3508
3510
3513
3514
3520
3529
3557
3558
3561
3562
3563
3567
3570
3573
3578
3583
3584
3587
3589
3590
3592
3593
3594
3595
3602
3605
3606
3659
3682
3683
3684
3685
3713
3714
3728
3801
3802
3803
3807
3812
3813
3814
3815
3844
3845
3846
3847
3849
3850
3853
3854
3855
3862
3863
3864
3866
3867
3868
3891
3892
3894
3895
3904
3924
3947
3953
3955
3957
3958
3959
3960
3961
3980
3981
3982
4148
4149
4150
4194
4195
4197
574
769
2033
107
1149
2962
2982
949
1417
861
520
1285
1629
1332
1333
580
2311
651
845
2824
1558
1671
1672
1762
1833
1834
1835
2567
2744
2784
2785
2827
3339
4138
560
1326
1339
1340
1341
14
543
544
1507
2205
2313
2314
2344
2737
2893
3005
3027
3056
3093
3094
3184
3185
3186
3429
3430
3440
3751
3766
4039
4040
4041
4095
4277
4282
282
385
2213
4236
722
2133
2458
3325
3660
3970
3972
4271
4272
1414
404
413
1250
737
741
852
1056
1348
1741
1823
1826
1862
2161
2302
2303
2394
2847
2902
3272
3398
3609
3919
3920
4036
2340
1497
333
1847
1442
1443
555
556
581
659
3131
3255
3618
3851
4278
1112
3368
3369
3373
1453
1526
1723
1271
714
716
421
583
2690
2691
2749
2917
2922
2926
2948
2949
2977
3156
3188
3216
3309
3334
3338
3349
3350
3354
3464
3465
3466
3467
3481
3482
3598
3615
3827
3882
3890
3893
3926
3931
4120
4185
4187
4198
4199
2055
2056
2057
231
904
907
2211
2557
2558
3069
1754
1044
1046
1376
1860
2128
2325
2519
2614
66
73
533
534
865
1980
1981
2012
2013
2375
885
26
27
28
30
1587
1588
2090
2125
229
1927
1590
1592
380
3478
3702
3758
3759
3964
3965
3967
3995
1206
2124
2206
393
980
981
747
748
84
965
1436
1437
2192
189
460
467
475
1028
776
788
2147
4049
133
303
1260
1262
1263
1266
1544
1551
1557
1642
1810
1928
1929
1930
2156
2157
2225
2246
2301
2385
2428
2454
2515
2516
2517
2565
2566
2623
2624
2704
2709
2757
2773
2778
2945
3019
3020
3021
3028
3140
3141
3200
3201
3293
3304
3333
3372
3396
3397
3422
3428
3444
3457
3525
3526
3527
3530
3650
3651
3652
3915
3916
3917
4002
4004
4005
4037
4158
4159
4161
4216
4217
4288
4289
4290
922
156
262
1050
1207
1803
3648
4275
712
715
709
710
4140
1048
974
648
649
2410
569
834
3848
1145
1898
1918
1921
2001
2229
2237
1060
1061
1062
1281
1284
1652
959
2954
4183
1239
436
443
449
457
459
740
742
744
943
944
1702
2093
2208
448
1378
340
1381
1815
670
16
18
24
29
38
1475
1600
1601
3015
3061
3218
887
888
946
1097
1261
1536
1537
1556
1745
1820
2108
3164
3165
81
2014
3054
3175
4097
1382
704
708
275
1232
298
1177
604
228
1194
1246
1253
1388
1444
1650
1870
2215
2289
750
416
558
1670
4189
363
