1161	0.0
2475	0.0
3677	0.0
4678	0.0
5650	0.0
5669	0.0
6415	0.0
7192	0.0
8478	0.0
10269	0.0
11756	0.0
11812	0.0
12146	0.0
13067	0.0
13484	0.0
13720	0.0
13783	0.0
14324	0.0
14992	0.0
17310	0.0
20597	0.0
24463	0.0
24842	0.0
27029	0.0
28275	0.0
30758	0.0
30916	0.0
37287	0.0
39891	0.0
41032	0.0
41479	0.0
42607	0.0
43509	0.0
45887	0.0
46037	0.0
46437	0.0
46555	0.0
48986	0.0
50957	0.0
52208	0.0
52250	0.0
52339	0.0
53762	0.0
54607	0.0
60636	0.0
61659	0.0
67706	0.0
68350	0.0
70330	0.0
72247	0.0
74768	0.0
80908	0.0
84143	0.0
84370	0.0
85749	0.0
87286	0.0
89502	0.0
90950	0.0
91876	0.0
94451	0.0
101860	0.0
105708	0.0
106576	0.0
107962	0.0
113708	0.0
116270	0.0
123251	0.0
123836	0.0
127324	0.0
130644	0.0
131688	0.0
133456	0.0
136738	0.0
138712	0.0
139812	0.0
140454	0.0
142655	0.0
149298	0.0
152985	0.0
155878	0.0
156753	0.0
157040	0.0
162691	0.0
163421	0.0
164540	0.0
168504	0.0
170812	0.0
171345	0.0
172460	0.0
173773	0.0
174942	0.0
177215	0.0
180245	0.0
182512	0.0
193736	0.0
195566	0.0
202563	0.0
211816	0.0
212830	0.0
213454	0.0
217559	0.0
220208	0.0
222314	0.0
224009	0.0
227969	0.0
231179	0.0
233625	0.0
235327	0.0
236282	0.0
236365	0.0
237304	0.0
237664	0.0
237826	0.0
240935	0.0
241280	0.0
241779	0.0
249699	0.0
250349	0.0
251725	0.0
251942	0.0
255221	0.0
262102	0.0
262795	0.0
266807	0.0
268584	0.0
268643	0.0
269027	0.0
269586	0.0
269976	0.0
272052	0.0
272391	0.0
273897	0.0
274256	0.0
276273	0.0
276884	0.0
280332	0.0
288386	0.0
288736	0.0
290552	0.0
293271	0.0
296706	0.0
302578	0.0
305950	0.0
306789	0.0
308172	0.0
311076	0.0
314445	0.0
316846	0.0
317388	0.0
317797	0.0
321016	0.0
322670	0.0
324050	0.0
327343	0.0
329421	0.0
331221	0.0
332678	0.0
334056	0.0
334490	0.0
335595	0.0
337532	0.0
339728	0.0
339872	0.0
345235	0.0
346634	0.0
348506	0.0
351305	0.0
354211	0.0
359176	0.0
363077	0.0
368734	0.0
369419	0.0
372621	0.0
373096	0.0
380034	0.0
385115	0.0
387833	0.0
389345	0.0
389756	0.0
391703	0.0
393881	0.0
398821	0.0
400068	0.0
401272	0.0
405819	0.0
412192	0.0
414000	0.0
414463	0.0
415667	0.0
418222	0.0
420188	0.0
420285	0.0
424886	0.0
426493	0.0
430368	0.0
437036	0.0
439455	0.0
441551	0.0
441848	0.0
445363	0.0
445387	0.0
449474	0.0
451355	0.0
452303	0.0
453773	0.0
454507	0.0
457553	0.0
460452	0.0
462163	0.0
464005	0.0
465656	0.0
466395	0.0
469920	0.0
472183	0.0
476419	0.0
477602	0.0
477671	0.0
478676	0.0
479713	0.0
481565	0.0
484093	0.0
488495	0.0
491046	0.0
493006	0.0
493573	0.0
495545	0.0
497604	0.0
502797	0.0
503417	0.0
503444	0.0
504141	0.0
504857	0.0
505779	0.0
506305	0.0
515918	0.0
516948	0.0
518338	0.0
518895	0.0
523917	0.0
525012	0.0
526432	0.0
530075	0.0
531025	0.0
533747	0.0
534431	0.0
535075	0.0
535458	0.0
538386	0.0
543439	0.0
544180	0.0
544476	0.0
544621	0.0
545628	0.0
546126	0.0
546148	0.0
546823	0.0
549981	0.0
552069	0.0
552627	0.0
554585	0.0
554867	0.0
558367	0.0
558980	0.0
564463	0.0
566364	0.0
567530	0.0
567791	0.0
567952	0.0
572422	0.0
575345	0.0
577416	0.0
578170	0.0
581134	0.0
583266	0.0
583314	0.0
583510	0.0
585783	0.0
585870	0.0
586188	0.0
594585	0.0
599035	0.0
599750	0.0
599836	0.0
601869	0.0
604098	0.0
606332	0.0
611753	0.0
620681	0.0
621527	0.0
623413	0.0
623839	0.0
624180	0.0
629720	0.0
632022	0.0
634530	0.0
637487	0.0
639350	0.0
641292	0.0
645383	0.0
647319	0.0
647326	0.0
648058	0.0
648674	0.0
651593	0.0
653431	0.0
653610	0.0
659511	0.0
660607	0.0
660971	0.0
667375	0.0
667457	0.0
672352	0.0
672445	0.0
672473	0.0
673961	0.0
674698	0.0
674961	0.0
676173	0.0
678682	0.0
679247	0.0
679720	0.0
679724	0.0
680273	0.0
686979	0.0
687410	0.0
687532	0.0
688098	0.0
688401	0.0
689763	0.0
691480	0.0
698422	0.0
699425	0.0
701243	0.0
702161	0.0
705842	0.0
708162	0.0
710595	0.0
715847	0.0
717382	0.0
722238	0.0
723036	0.0
732047	0.0
732835	0.0
736281	0.0
736988	0.0
738070	0.0
738506	0.0
740904	0.0
741246	0.0
743289	0.0
743900	0.0
744110	0.0
747184	0.0
748370	0.0
750105	0.0
750525	0.0
752461	0.0
754311	0.0
755306	0.0
756531	0.0
758910	0.0
764203	0.0
765297	0.0
767155	0.0
769053	0.0
769402	0.0
771815	0.0
773103	0.0
774436	0.0
774510	0.0
778732	0.0
783602	0.0
785541	0.0
788603	0.0
791649	0.0
794190	0.0
794855	0.0
794951	0.0
795259	0.0
795709	0.0
799650	0.0
800879	0.0
802193	0.0
808531	0.0
811672	0.0
814159	0.0
815272	0.0
817976	0.0
820175	0.0
821386	0.0
824397	0.0
827785	0.0
828974	0.0
829091	0.0
830396	0.0
831656	0.0
834500	0.0
835504	0.0
835812	0.0
836507	0.0
838405	0.0
839355	0.0
841511	0.0
846764	0.0
846907	0.0
847343	0.0
847368	0.0
850300	0.0
853278	0.0
854893	0.0
855633	0.0
861154	0.0
864768	0.0
864887	0.0
870085	0.0
875185	0.0
882906	0.0
895761	0.0
896562	0.0
896685	0.0
900751	0.0
903165	0.0
905614	0.0
906877	0.0
910759	0.0
912076	0.0
915148	0.0
918924	0.0
919758	0.0
920214	0.0
920493	0.0
920888	0.0
923969	0.0
925248	0.0
931303	0.0
936897	0.0
942929	0.0
944426	0.0
945788	0.0
946538	0.0
946792	0.0
947046	0.0
947863	0.0
948368	0.0
950799	0.0
952763	0.0
955979	0.0
956795	0.0
957213	0.0
957694	0.0
961277	0.0
964293	0.0
964735	0.0
965070	0.0
968684	0.0
968840	0.0
970425	0.0
971956	0.0
972945	0.0
975247	0.0
977685	0.0
977704	0.0
978355	0.0
978614	0.0
980133	0.0
982303	0.0
982575	0.0
985450	0.0
986942	0.0
989918	0.0
990294	0.0
993191	0.0
993997	0.0
995497	0.0
999172	0.0
999438	0.0
1001537	0.0
1002774	0.0
1010215	0.0
1011688	0.0
1011947	0.0
1013069	0.0
1014243	0.0
1014895	0.0
1015246	0.0
1018530	0.0
1018805	0.0
1020635	0.0
1021338	0.0
1030117	0.0
1030750	0.0
1035884	0.0
1036190	0.0
1041072	0.0
1042411	0.0
1044138	0.0
1044968	0.0
1045237	0.0
1046027	0.0
1049240	0.0
1050054	0.0
1052713	0.0
1055137	0.0
1055323	0.0
1055905	0.0
1057191	0.0
1057264	0.0
1057911	0.0
1058215	0.0
1062936	0.0
1063489	0.0
1064257	0.0
1064567	0.0
1064924	0.0
1065265	0.0
1065728	0.0
1066402	0.0
1068197	0.0
1074067	0.0
1074717	0.0
1076912	0.0
1081105	0.0
1083523	0.0
1083552	0.0
1084086	0.0
1086300	0.0
1086461	0.0
1087799	0.0
1087823	0.0
1088169	0.0
1091669	0.0
1091720	0.0
1093954	0.0
1099339	0.0
1099561	0.0
1099841	0.0
1101318	0.0
1101887	0.0
1102002	0.0
1103489	0.0
1103513	0.0
1105041	0.0
1106922	0.0
1110062	0.0
1110731	0.0
1111199	0.0
1114895	0.0
1116992	0.0
1118710	0.0
1120289	0.0
1121081	0.0
1123156	0.0
1123759	0.0
1124107	0.0
1125714	0.0
1129755	0.0
1136793	0.0
1137719	0.0
1138846	0.0
1139259	0.0
1139429	0.0
1141217	0.0
1142861	0.0
1143406	0.0
1144689	0.0
1145209	0.0
1147232	0.0
1152031	0.0
1152126	0.0
1156727	0.0
1157170	0.0
1158050	0.0
1164738	0.0
1166746	0.0
1169041	0.0
1170860	0.0
1171218	0.0
1173921	0.0
1173953	0.0
1174393	0.0
1175206	0.0
1175394	0.0
1177850	0.0
1178422	0.0
1183358	0.0
1183723	0.0
1184142	0.0
1184275	0.0
1184554	0.0
1186969	0.0
1187920	0.0
1189271	0.0
1189440	0.0
1189774	0.0
1190023	0.0
1190315	0.0
1190479	0.0
1190528	0.0
1190683	0.0
1191201	0.0
1200418	0.0
1200812	0.0
1203205	0.0
1204560	0.0
1205115	0.0
1205842	0.0
1208586	0.0
1210296	0.0
1211803	0.0
1214332	0.0
1215455	0.0
1218355	0.0
1219527	0.0
1221100	0.0
1221149	0.0
1221163	0.0
1221394	0.0
1222295	0.0
1223720	0.0
1223913	0.0
1224077	0.0
1225303	0.0
1227755	0.0
1228822	0.0
1230471	0.0
1232681	0.0
1239917	0.0
1244649	0.0
1245089	0.0
1245735	0.0
1246756	0.0
1246981	0.0
1248590	0.0
1249182	0.0
1249627	0.0
1249807	0.0
1251559	0.0
1252372	0.0
1252854	0.0
1254059	0.0
1254238	0.0
1255816	0.0
1257222	0.0
1258335	0.0
1258378	0.0
1258922	0.0
1259993	0.0
1260960	0.0
1261051	0.0
1262409	0.0
1262816	0.0
1263868	0.0
1264301	0.0
1265787	0.0
1266156	0.0
1266421	0.0
1267765	0.0
1268260	0.0
1270290	0.0
1270536	0.0
1273360	0.0
1275370	0.0
1276606	0.0
1277974	0.0
1281868	0.0
1283405	0.0
1286876	0.0
1288601	0.0
1290073	0.0
1290263	0.0
1291100	0.0
1291453	0.0
1292284	0.0
1300146	0.0
1300797	0.0
1300978	0.0
1301680	0.0
1302945	0.0
1303117	0.0
1303703	0.0
1306040	0.0
1309476	0.0
1311077	0.0
1315132	0.0
1315620	0.0
1316882	0.0
1316922	0.0
1317267	0.0
1318278	0.0
1322734	0.0
1326253	0.0
1328741	0.0
1328815	0.0
1329881	0.0
1330139	0.0
1331043	0.0
1333123	0.0
1337467	0.0
1337902	0.0
1340019	0.0
1342815	0.0
1343216	0.0
1343265	0.0
1345261	0.0
1348340	0.0
1348344	0.0
1350161	0.0
1350920	0.0
1351275	0.0
1351440	0.0
1351934	0.0
1355362	0.0
1357494	0.0
1358963	0.0
1359457	0.0
1359640	0.0
1359705	0.0
1359806	0.0
1360824	0.0
1360958	0.0
1360960	0.0
1362776	0.0
1363826	0.0
1364635	0.0
1365201	0.0
1365719	0.0
1366141	0.0
1366183	0.0
1367787	0.0
1372505	0.0
1373529	0.0
1373786	0.0
1374468	0.0
1374915	0.0
1375182	0.0
1376056	0.0
1377003	0.0
1377600	0.0
1382175	0.0
1386642	0.0
1386983	0.0
1389871	0.0
1391176	0.0
1392073	0.0
1392972	0.0
1393881	0.0
1395382	0.0
1395866	0.0
1396287	0.0
1396691	0.0
1398479	0.0
1399676	0.0
1400662	0.0
1401210	0.0
1402255	0.0
1403213	0.0
1403482	0.0
1407476	0.0
1407957	0.0
1409351	0.0
1409562	0.0
1409633	0.0
1411511	0.0
1412878	0.0
1414537	0.0
1414759	0.0
1414834	0.0
1416307	0.0
1416999	0.0
1417863	0.0
1422119	0.0
1424846	0.0
1425867	0.0
1428193	0.0
1428325	0.0
1432071	0.0
1433063	0.0
1433598	0.0
1436213	0.0
1436756	0.0
1438476	0.0
1438980	0.0
1440094	0.0
1440735	0.0
1440865	0.0
1441657	0.0
1442923	0.0
1443138	0.0
1443954	0.0
1445145	0.0
1445191	0.0
1445846	0.0
1445883	0.0
1448764	0.0
1449149	0.0
1449279	0.0
1450406	0.0
1450640	0.0
1450837	0.0
1452308	0.0
1453127	0.0
1456108	0.0
1459011	0.0
1459060	0.0
1459841	0.0
1460848	0.0
1461468	0.0
1463087	0.0
1464944	0.0
1466186	0.0
1466459	0.0
1467275	0.0
1468418	0.0
1469202	0.0
1471082	0.0
1472958	0.0
1473531	0.0
1477528	0.0
1478720	0.0
1479557	0.0
1480082	0.0
1483487	0.0
1483760	0.0
1485364	0.0
1486492	0.0
1486588	0.0
1487067	0.0
1488145	0.0
1488659	0.0
1489566	0.0
1490158	0.0
1490263	0.0
1491012	0.0
1494798	0.0
1498975	0.0
1501096	0.0
1503137	0.0
1506659	0.0
1508411	0.0
1510056	0.0
1510132	0.0
1511028	0.0
1511986	0.0
1512043	0.0
1512477	0.0
1513003	0.0
1513421	0.0
1513843	0.0
1514668	0.0
1517407	0.0
1517877	0.0
1518276	0.0
1519158	0.0
1519604	0.0
1519716	0.0
1520326	0.0
1521388	0.0
1522467	0.0
1522501	0.0
1522654	0.0
1522831	0.0
1523921	0.0
1524391	0.0
1524921	0.0
1524923	0.0
1528810	0.0
1531306	0.0
1532133	0.0
1532845	0.0
1534280	0.0
1534331	0.0
1534479	0.0
1535258	0.0
1538831	0.0
1539116	0.0
1539200	0.0
1540416	0.0
1540755	0.0
1541426	0.0
1542060	0.0
1542694	0.0
1542986	0.0
1543414	0.0
1544313	0.0
1544548	0.0
1546139	0.0
1546409	0.0
1548389	0.0
1548650	0.0
1550537	0.0
1551425	0.0
1551865	0.0
1552309	0.0
1552422	0.0
1552789	0.0
1554277	0.0
1555309	0.0
1556328	0.0
1557039	0.0
1557391	0.0
1557753	0.0
1558297	0.0
1558909	0.0
1559332	0.0
1560627	0.0
1561399	0.0
1562774	0.0
1565403	0.0
1566039	0.0
1567389	0.0
1568921	0.0
1569097	0.0
1570117	0.0
1575012	0.0
1578252	0.0
1578471	0.0
1579196	0.0
1580822	0.0
1581673	0.0
1582608	0.0
1583883	0.0
1584107	0.0
1584367	0.0
1585789	0.0
1586097	0.0
1586233	0.0
1586373	0.0
1586926	0.0
1587650	0.0
1587822	0.0
1589465	0.0
1591086	0.0
1592402	0.0
1594203	0.0
1594257	0.0
1595098	0.0
1595563	0.0
1596179	0.0
1596673	0.0
1597283	0.0
1600924	0.0
1601017	0.0
1601036	0.0
1603654	0.0
1603918	0.0
1604151	0.0
1604903	0.0
1605013	0.0
1606872	0.0
1607381	0.0
1607568	0.0
1607595	0.0
1607906	0.0
1608551	0.0
1609685	0.0
1609842	0.0
1610593	0.0
1612645	0.0
1613046	0.0
1613268	0.0
1617805	0.0
1618881	0.0
1620595	0.0
1620693	0.0
1620872	0.0
1620942	0.0
1622101	0.0
1622849	0.0
1623829	0.0
1623999	0.0
1624268	0.0
1625265	0.0
1625868	0.0
1625916	0.0
1626709	0.0
1629712	0.0
1631070	0.0
1631654	0.0
1632463	0.0
1632595	0.0
1633698	0.0
1634175	0.0
1635011	0.0
1635559	0.0
1636549	0.0
1637037	0.0
1637234	0.0
1637248	0.0
1637295	0.0
1637463	0.0
1640853	0.0
1642731	0.0
1644685	0.0
1649404	0.0
1649594	0.0
1651507	0.0
1651645	0.0
1651706	0.0
1652353	0.0
1653554	0.0
1655225	0.0
1655758	0.0
1657812	0.0
1661055	0.0
1662575	0.0
1662579	0.0
1663119	0.0
1664426	0.0
1665926	0.0
1666708	0.0
1666953	0.0
1668255	0.0
1668674	0.0
1669615	0.0
1669639	0.0
1669743	0.0
1674583	0.0
1675437	0.0
1676614	0.0
1677077	0.0
1677536	0.0
1677607	0.0
1677987	0.0
1678074	0.0
1679573	0.0
1680051	0.0
1680882	0.0
1680991	0.0
1681456	0.0
1682219	0.0
1683615	0.0
1685460	0.0
1687648	0.0
1689626	0.0
1690782	0.0
1691821	0.0
1692341	0.0
1692361	0.0
1693653	0.0
1693961	0.0
1695194	0.0
1695499	0.0
1696208	0.0
1696681	0.0
1697641	0.0
1697785	0.0
1697844	0.0
1697944	0.0
1698738	0.0
1700604	0.0
1701480	0.0
1701517	0.0
1701642	0.0
1701760	0.0
1703860	0.0
1704952	0.0
1704999	0.0
1705286	0.0
1707242	0.0
1708338	0.0
1709267	0.0
1709994	0.0
1710670	0.0
1711136	0.0
1711211	0.0
1711212	0.0
1712141	0.0
1714669	0.0
1715966	0.0
1716760	0.0
1717616	0.0
1717994	0.0
1719274	0.0
1719668	0.0
1719732	0.0
1719788	0.0
1722024	0.0
1722371	0.0
1722754	0.0
1723082	0.0
1723190	0.0
1723460	0.0
1724531	0.0
1724929	0.0
1725483	0.0
1726126	0.0
1727670	0.0
1728407	0.0
1728560	0.0
1729210	0.0
1730572	0.0
1732272	0.0
1732294	0.0
1734222	0.0
1735799	0.0
1735993	0.0
1736387	0.0
1737038	0.0
1737127	0.0
1737245	0.0
1738190	0.0
1738241	0.0
1738414	0.0
1739834	0.0
1740738	0.0
1740837	0.0
1741252	0.0
1743121	0.0
1743176	0.0
1743191	0.0
1744268	0.0
1744308	0.0
1745670	0.0
1746324	0.0
1748518	0.0
1748865	0.0
1748868	0.0
1749271	0.0
1749397	0.0
1750731	0.0
1750830	0.0
1751604	0.0
1752633	0.0
1753847	0.0
1754592	0.0
1755079	0.0
1755939	0.0
1755980	0.0
1756496	0.0
1756592	0.0
1756939	0.0
1757331	0.0
1757788	0.0
1758110	0.0
1758746	0.0
1760632	0.0
1764197	0.0
1764367	0.0
1765724	0.0
1766671	0.0
1766863	0.0
1767053	0.0
1768145	0.0
1768870	0.0
1769754	0.0
1770483	0.0
1772139	0.0
1772578	0.0
1772602	0.0
1773657	0.0
1775321	0.0
1775341	0.0
1776023	0.0
1778001	0.0
1779000	0.0
1779566	0.0
1780362	0.0
1780569	0.0
1782199	0.0
1782391	0.0
1782991	0.0
1785336	0.0
1788878	0.0
1790583	0.0
1790802	0.0
1791031	0.0
1792560	0.0
1792604	0.0
1795622	0.0
1797408	0.0
1797910	0.0
1798596	0.0
1798895	0.0
1799620	0.0
1800041	0.0
1800072	0.0
1800310	0.0
1801109	0.0
1801215	0.0
1801514	0.0
1801990	0.0
1803088	0.0
1803692	0.0
1803966	0.0
1805058	0.0
1805531	0.0
1806336	0.0
1807478	0.0
1808135	0.0
1808655	0.0
1811140	0.0
1811201	0.0
1813204	0.0
1813386	0.0
1814081	0.0
1814242	0.0
1814677	0.0
1815248	0.0
1816490	0.0
1816573	0.0
1817015	0.0
1817147	0.0
1818464	0.0
1819010	0.0
1819113	0.0
1820636	0.0
1820968	0.0
1821485	0.0
1822190	0.0
1822315	0.0
1822792	0.0
1823362	0.0
1823562	0.0
1823603	0.0
1823706	0.0
1823922	0.0
1824946	0.0
1824957	0.0
1825661	0.0
1825851	0.0
1827144	0.0
1827582	0.0
1827693	0.0
1828697	0.0
1828953	0.0
1829772	0.0
1829958	0.0
1830100	0.0
1830928	0.0
1831933	0.0
1832139	0.0
1832466	0.0
1832682	0.0
1835190	0.0
1835660	0.0
1836295	0.0
1837463	0.0
1838920	0.0
1842699	0.0
1843440	0.0
1843583	0.0
1845027	0.0
1845305	0.0
1846831	0.0
1847093	0.0
1848283	0.0
1848729	0.0
1849922	0.0
1849929	0.0
1850127	0.0
1853799	0.0
1854119	0.0
1854311	0.0
1855485	0.0
1855642	0.0
1856381	0.0
1856479	0.0
1857485	0.0
1857858	0.0
1858959	0.0
1859568	0.0
1861705	0.0
1862734	0.0
1863299	0.0
1865264	0.0
1865862	0.0
1867681	0.0
1867990	0.0
1868109	0.0
1871029	0.0
1871801	0.0
1875858	0.0
1876189	0.0
1879396	0.0
1880178	0.0
1880586	0.0
1880884	0.0
1881432	0.0
1884494	0.0
1884594	0.0
1885730	0.0
1886557	0.0
1886772	0.0
1886835	0.0
1888008	0.0
1889072	0.0
1890916	0.0
1891348	0.0
1892794	0.0
1893478	0.0
1894524	0.0
1896362	0.0
1897042	0.0
1897151	0.0
1897901	0.0
1898146	0.0
1898270	0.0
1904795	0.0
1908023	0.0
1908045	0.0
1908280	0.0
1908307	0.0
1908420	0.0
1908920	0.0
1910610	0.0
1910636	0.0
1910978	0.0
1912039	0.0
1913901	0.0
1914520	0.0
1914742	0.0
1915331	0.0
1915679	0.0
1916107	0.0
1918072	0.0
1918662	0.0
1919001	0.0
1919308	0.0
1920775	0.0
1920904	0.0
1920925	0.0
1921030	0.0
1921204	0.0
1921513	0.0
1921633	0.0
1921881	0.0
1923103	0.0
1923313	0.0
1923485	0.0
1923502	0.0
1923742	0.0
1923779	0.0
1924791	0.0
1925561	0.0
1925565	0.0
1927130	0.0
1928408	0.0
1930085	0.0
1930128	0.0
1930201	0.0
1930254	0.0
1930423	0.0
1932070	0.0
1932205	0.0
1934282	0.0
1937050	0.0
1937284	0.0
1937339	0.0
1937598	0.0
1938931	0.0
1939892	0.0
1940587	0.0
1940912	0.0
1941543	0.0
1942051	0.0
1944532	0.0
1944576	0.0
1945560	0.0
1946913	0.0
1946927	0.0
1947768	0.0
1949915	0.0
1952523	0.0
1952586	0.0
1952724	0.0
1953042	0.0
1953151	0.0
1953323	0.0
1954260	0.0
1955428	0.0
1956329	0.0
1956455	0.0
1957313	0.0
1957337	0.0
1958168	0.0
1958231	0.0
1960172	0.0
1960419	0.0
1960463	0.0
1960686	0.0
1961414	0.0
1961509	0.0
1963484	0.0
1964482	0.0
1965913	0.0
1966114	0.0
1966597	0.0
1966717	0.0
1968305	0.0
1969449	0.0
1970686	0.0
1972402	0.0
1972917	0.0
1973071	0.0
1975384	0.0
1975536	0.0
1975663	0.0
1976189	0.0
1976914	0.0
1977871	0.0
1978446	0.0
1979131	0.0
1981547	0.0
1982070	0.0
1983384	0.0
1983462	0.0
1984373	0.0
1985045	0.0
1986949	0.0
1986955	0.0
1987511	0.0
1990332	0.0
1990611	0.0
1991549	0.0
1991995	0.0
1995197	0.0
1995413	0.0
1995675	0.0
1996127	0.0
1997506	0.0
1998191	0.0
2000964	0.0
2001128	0.0
2001213	0.0
2001943	0.0
2001953	0.0
2001962	0.0
2002526	0.0
2002560	0.0
2004726	0.0
2004843	0.0
2004884	0.0
2006649	0.0
2007875	0.0
2008007	0.0
2009042	0.0
2009319	0.0
2010463	0.0
2011051	0.0
2011160	0.0
2011334	0.0
2011388	0.0
2012770	0.0
2013265	0.0
2016243	0.0
2016372	0.0
2016896	0.0
2017328	0.0
2017363	0.0
2018941	0.0
2019216	0.0
2019481	0.0
2019935	0.0
2020200	0.0
2021709	0.0
2022573	0.0
2023061	0.0
2024195	0.0
2024728	0.0
2025236	0.0
2026214	0.0
2028072	0.0
2028272	0.0
2028644	0.0
2029053	0.0
2029486	0.0
2030146	0.0
2030431	0.0
2031132	0.0
2031306	0.0
2031481	0.0
2031772	0.0
2032767	0.0
2032867	0.0
2033125	0.0
2033710	0.0
2034022	0.0
2034030	0.0
2034161	0.0
2035164	0.0
2035425	0.0
2036303	0.0
2038096	0.0
2038451	0.0
2038727	0.0
2038730	0.0
2039373	0.0
2039453	0.0
2039680	0.0
2039768	0.0
2040034	0.0
2040322	0.0
2040888	0.0
2041155	0.0
2041862	0.0
2042195	0.0
2042810	0.0
2044606	0.0
2045597	0.0
2046569	0.0
2046642	0.0
2047619	0.0
2048394	0.0
2048577	0.0
2048628	0.0
2048787	0.0
2049908	0.0
2050053	0.0
2050199	0.0
2052263	0.0
2052296	0.0
2052462	0.0
2053495	0.0
2053512	0.0
2053845	0.0
2054657	0.0
2055755	0.0
2056586	0.0
2056713	0.0
2057516	0.0
2057667	0.0
2058673	0.0
2058715	0.0
2059866	0.0
2060122	0.0
2060606	0.0
2061253	0.0
2061418	0.0
2061549	0.0
2061563	0.0
2061826	0.0
2062292	0.0
2063234	0.0
2063709	0.0
2065267	0.0
2065380	0.0
2066617	0.0
2068332	0.0
2069780	0.0
2071774	0.0
2072309	0.0
2074279	0.0
2074360	0.0
2075020	0.0
2075105	0.0
2075746	0.0
2076516	0.0
2077422	0.0
2077668	0.0
2078093	0.0
2078198	0.0
2078423	0.0
2078972	0.0
2079112	0.0
2079854	0.0
2080826	0.0
2080832	0.0
2081082	0.0
2081595	0.0
2082136	0.0
2082569	0.0
2083902	0.0
2083903	0.0
2084019	0.0
2084323	0.0
2084624	0.0
2087287	0.0
2089194	0.0
2089229	0.0
2089251	0.0
2089683	0.0
2089833	0.0
2091134	0.0
2091162	0.0
2091632	0.0
2092551	0.0
2092893	0.0
2093001	0.0
2093141	0.0
2094095	0.0
2094290	0.0
2094306	0.0
2095523	0.0
2095657	0.0
2097406	0.0
2099170	0.0
2099744	0.0
2100191	0.0
2100548	0.0
2100715	0.0
2101421	0.0
2101500	0.0
2101917	0.0
2102402	0.0
2102495	0.0
2102539	0.0
2102695	0.0
2103175	0.0
2103833	0.0
2104212	0.0
2104604	0.0
2105503	0.0
2107570	0.0
2108460	0.0
2108474	0.0
2108664	0.0
2109549	0.0
2109556	0.0
2109561	0.0
2109731	0.0
2110673	0.0
2111151	0.0
2112115	0.0
2112140	0.0
2112303	0.0
2112412	0.0
2112975	0.0
2113399	0.0
2114573	0.0
2115024	0.0
2115925	0.0
2117095	0.0
2117226	0.0
2117942	0.0
2118236	0.0
2118660	0.0
2118851	0.0
2119874	0.0
2120487	0.0
2120765	0.0
2121886	0.0
2122107	0.0
2122235	0.0
2122886	0.0
2122907	0.0
2122967	0.0
2123530	0.0
2123919	0.0
2124887	0.0
2125054	0.0
2125197	0.0
2126183	0.0
2126575	0.0
2126616	0.0
2126834	0.0
2127616	0.0
2127658	0.0
2128307	0.0
2129396	0.0
2129439	0.0
2129844	0.0
2131159	0.0
2131586	0.0
2132048	0.0
2133735	0.0
2134373	0.0
2134796	0.0
2135013	0.0
2135080	0.0
2135395	0.0
2135864	0.0
2136018	0.0
2136074	0.0
2136693	0.0
2136860	0.0
2136920	0.0
2137188	0.0
2137270	0.0
2137301	0.0
2138244	0.0
2138892	0.0
2138918	0.0
2138937	0.0
2139930	0.0
2140236	0.0
2140361	0.0
2140854	0.0
2141460	0.0
2141904	0.0
2142087	0.0
2142434	0.0
2142819	0.0
2142838	0.0
2142915	0.0
2143435	0.0
2143637	0.0
2144526	0.0
2144603	0.0
2144626	0.0
2145623	0.0
2148809	0.0
2149900	0.0
2150757	0.0
2150924	0.0
2151694	0.0
2152686	0.0
2152712	0.0
2152746	0.0
2154734	0.0
2154998	0.0
2155156	0.0
2155465	0.0
2155500	0.0
2155986	0.0
2156012	0.0
2156201	0.0
2156736	0.0
2157004	0.0
2157055	0.0
2157155	0.0
2157156	0.0
2158094	0.0
2158133	0.0
2158243	0.0
2158376	0.0
2158700	0.0
2159355	0.0
2159486	0.0
2160129	0.0
2160200	0.0
2160258	0.0
2160450	0.0
2160565	0.0
2160668	0.0
2160717	0.0
2161288	0.0
2161674	0.0
2162048	0.0
2162816	0.0
2163073	0.0
2163144	0.0
2163282	0.0
2163584	0.0
2163686	0.0
2164227	0.0
2164254	0.0
2164276	0.0
2164294	0.0
2166113	0.0
2166636	0.0
2167317	0.0
2167891	0.0
2168498	0.0
2168522	0.0
2168547	0.0
2168676	0.0
2169167	0.0
2169654	0.0
2169834	0.0
2169931	0.0
2170695	0.0
2171249	0.0
2171532	0.0
2172104	0.0
2172481	0.0
2172732	0.0
2173451	0.0
2173528	0.0
2173604	0.0
2173932	0.0
2174083	0.0
2174557	0.0
2175360	0.0
2175472	0.0
2175481	0.0
2176614	0.0
2177798	0.0
2178226	0.0
2178513	0.0
2178536	0.0
2179212	0.0
2180282	0.0
2180283	0.0
2180357	0.0
2180616	0.0
2180895	0.0
2181024	0.0
2181214	0.0
2181421	0.0
2181631	0.0
2181825	0.0
2181896	0.0
2181902	0.0
2182143	0.0
2182161	0.0
2182648	0.0
2182872	0.0
2183023	0.0
2183153	0.0
2183237	0.0
2183761	0.0
2183893	0.0
2184360	0.0
2184716	0.0
2185359	0.0
2185424	0.0
2185461	0.0
2186178	0.0
2186582	0.0
2186847	0.0
2186986	0.0
2187213	0.0
2187731	0.0
2188174	0.0
2188483	0.0
2188619	0.0
2188699	0.0
2188991	0.0
2189091	0.0
2189208	0.0
2189605	0.0
2189639	0.0
2189918	0.0
2190425	0.0
2190465	0.0
2190766	0.0
2191028	0.0
2191353	0.0
2191662	0.0
2192243	0.0
2192487	0.0
2192781	0.0
2193016	0.0
2193055	0.0
2193159	0.0
2193225	0.0
2193910	0.0
2194246	0.0
2194389	0.0
2194450	0.0
2195271	0.0
2195531	0.0
2196155	0.0
2196297	0.0
2196360	0.0
2196633	0.0
2197918	0.0
2198440	0.0
2198454	0.0
2198522	0.0
2199726	0.0
2199807	0.0
2199855	0.0
2200777	0.0
2200846	0.0
2201126	0.0
2201739	0.0
2202213	0.0
2202219	0.0
2202308	0.0
2202325	0.0
2202846	0.0
2203659	0.0
2204217	0.0
2204432	0.0
2205342	0.0
2206065	0.0
2206473	0.0
2207475	0.0
2207596	0.0
2207633	0.0
2207966	0.0
2208329	0.0
2208904	0.0
2208968	0.0
2209080	0.0
2209118	0.0
2209344	0.0
2210388	0.0
2211163	0.0
2212914	0.0
2213126	0.0
2213687	0.0
2213705	0.0
2213879	0.0
2214983	0.0
2215686	0.0
2216298	0.0
2219889	0.0
2220231	0.0
2220646	0.0
2221309	0.0
2221476	0.0
2221803	0.0
2221909	0.0
2222000	0.0
2222210	0.0
2222470	0.0
2222894	0.0
2222932	0.0
2223010	0.0
2223656	0.0
2225373	0.0
2225668	0.0
2227250	0.0
2227535	0.0
2227925	0.0
2228385	0.0
2228536	0.0
2228955	0.0
2229154	0.0
2229342	0.0
2229701	0.0
2229740	0.0
2229786	0.0
2230052	0.0
2230383	0.0
2230462	0.0
2230491	0.0
2230575	0.0
2230582	0.0
2231313	0.0
2231777	0.0
2231906	0.0
2232101	0.0
2232263	0.0
2233145	0.0
2233334	0.0
2233953	0.0
2234302	0.0
2234455	0.0
2234852	0.0
2235157	0.0
2235701	0.0
2236280	0.0
2236321	0.0
2236563	0.0
2237424	0.0
2237522	0.0
2237932	0.0
2238709	0.0
2239569	0.0
2240006	0.0
2240812	0.0
2241191	0.0
2242074	0.0
2242134	0.0
2242542	0.0
2242673	0.0
2243520	0.0
2243856	0.0
2243956	0.0
2244060	0.0
2244074	0.0
2244303	0.0
2244495	0.0
2244816	0.0
2245291	0.0
2245502	0.0
2245573	0.0
2246011	0.0
2246147	0.0
2247078	0.0
2247441	0.0
2247563	0.0
2247607	0.0
2247984	0.0
2248028	0.0
2248180	0.0
2248187	0.0
2248234	0.0
2248955	0.0
2249078	0.0
2249316	0.0
2249537	0.0
2249865	0.0
2250035	0.0
2250078	0.0
2250234	0.0
2251001	0.0
2251016	0.0
2251536	0.0
2251769	0.0
2252790	0.0
2253443	0.0
2253782	0.0
2254179	0.0
2254546	0.0
2254860	0.0
2255318	0.0
2255430	0.0
2256390	0.0
2256443	0.0
2256501	0.0
2256684	0.0
2259151	0.0
2259259	0.0
2259346	0.0
2260172	0.0
2260499	0.0
2261344	0.0
2261379	0.0
2261516	0.0
2261806	0.0
2262005	0.0
2262097	0.0
2262504	0.0
2262797	0.0
2262998	0.0
2263377	0.0
2263393	0.0
2263918	0.0
2263970	0.0
2264287	0.0
2264613	0.0
2264847	0.0
2264920	0.0
2265184	0.0
2265212	0.0
2265450	0.0
2265599	0.0
2265976	0.0
2267930	0.0
2268284	0.0
2268423	0.0
2268795	0.0
2269044	0.0
2269045	0.0
2269458	0.0
2269734	0.0
2269850	0.0
2270335	0.0
2270978	0.0
2270996	0.0
2271685	0.0
2271780	0.0
2272469	0.0
2273693	0.0
2274610	0.0
2274701	0.0
2275098	0.0
2276185	0.0
2276273	0.0
2276368	0.0
2276690	0.0
2277098	0.0
2277470	0.0
2278064	0.0
2278890	0.0
2278896	0.0
2280414	0.0
2280469	0.0
2280900	0.0
2281620	0.0
2281808	0.0
2282702	0.0
2282930	0.0
2282948	0.0
2283039	0.0
2283688	0.0
2284213	0.0
2284538	0.0
2285269	0.0
2285452	0.0
2285472	0.0
2285503	0.0
2285715	0.0
2285778	0.0
2286322	0.0
2286860	0.0
2286903	0.0
2287276	0.0
2287705	0.0
2288077	0.0
2288309	0.0
2288589	0.0
2288699	0.0
2288845	0.0
2289317	0.0
2289747	0.0
2290833	0.0
2290902	0.0
2291305	0.0
2291611	0.0
2291743	0.0
2291946	0.0
2292049	0.0
2292273	0.0
2292877	0.0
2292909	0.0
2293606	0.0
2294479	0.0
2294567	0.0
2295161	0.0
2295655	0.0
2297431	0.0
2297482	0.0
2297485	0.0
2299698	0.0
2300423	0.0
2300458	0.0
2300563	0.0
2300847	0.0
2301122	0.0
2301163	0.0
2301375	0.0
2302633	0.0
2303026	0.0
2303440	0.0
2303541	0.0
2305254	0.0
2305398	0.0
2306563	0.0
2306756	0.0
2307385	0.0
2307505	0.0
2308022	0.0
2308302	0.0
2310107	0.0
2310269	0.0
2311371	0.0
2311902	0.0
2312566	0.0
2313028	0.0
2313224	0.0
2313425	0.0
2314271	0.0
2314341	0.0
2314565	0.0
2314672	0.0
2314804	0.0
2314927	0.0
2315385	0.0
2316310	0.0
2316403	0.0
2316710	0.0
2318157	0.0
2318315	0.0
2318561	0.0
2318700	0.0
2319222	0.0
2319739	0.0
2320208	0.0
2321214	0.0
2321378	0.0
2322348	0.0
2322868	0.0
2323652	0.0
2324721	0.0
2325134	0.0
2325348	0.0
2325984	0.0
2326117	0.0
2326742	0.0
2326810	0.0
2326819	0.0
2326830	0.0
2327253	0.0
2327993	0.0
2328727	0.0
2328798	0.0
2329206	0.0
2329682	0.0
2329805	0.0
2329974	0.0
2330155	0.0
2330308	0.0
2330392	0.0
2330939	0.0
2331004	0.0
2331687	0.0
2331733	0.0
2332075	0.0
2332167	0.0
2332273	0.0
2332276	0.0
2332573	0.0
2332702	0.0
2333468	0.0
2333740	0.0
2334072	0.0
2334301	0.0
2334315	0.0
2334358	0.0
2335523	0.0
2335703	0.0
2335770	0.0
2335908	0.0
2336401	0.0
2336704	0.0
2336984	0.0
2337043	0.0
2337049	0.0
2337159	0.0
2337705	0.0
2338525	0.0
2339477	0.0
2339554	0.0
2339647	0.0
2339817	0.0
2340075	0.0
2341080	0.0
2341103	0.0
2341285	0.0
2342044	0.0
2342424	0.0
2342705	0.0
2342909	0.0
2343218	0.0
2343250	0.0
2344403	0.0
2344712	0.0
2346244	0.0
2346583	0.0
2347031	0.0
2347783	0.0
2348888	0.0
2348968	0.0
2349628	0.0
2349807	0.0
2350488	0.0
2350592	0.0
2350651	0.0
2350850	0.0
2351227	0.0
2352185	0.0
2352421	0.0
2352444	0.0
2352797	0.0
2352799	0.0
2353531	0.0
2354703	0.0
2355867	0.0
2356446	0.0
2356873	0.0
2357017	0.0
2357812	0.0
2357907	0.0
2358416	0.0
2358501	0.0
2359162	0.0
2360804	0.0
2360807	0.0
2361193	0.0
2361394	0.0
2362271	0.0
2363012	0.0
2364467	0.0
2364537	0.0
2364770	0.0
2364893	0.0
2365246	0.0
2365332	0.0
2365481	0.0
2365629	0.0
2365740	0.0
2365986	0.0
2367322	0.0
2367976	0.0
2367981	0.0
2368021	0.0
2368025	0.0
2368314	0.0
2369183	0.0
2369194	0.0
2369291	0.0
2369487	0.0
2370048	0.0
2370419	0.0
2370770	0.0
2371366	0.0
2372242	0.0
2372334	0.0
2372415	0.0
2373339	0.0
2374146	0.0
2374593	0.0
2374602	0.0
2374648	0.0
2374937	0.0
2375094	0.0
2376050	0.0
2377689	0.0
2377787	0.0
2377901	0.0
2378383	0.0
2378820	0.0
2379275	0.0
2379350	0.0
2379471	0.0
2380469	0.0
2380951	0.0
2381557	0.0
2381688	0.0
2382015	0.0
2382110	0.0
2382192	0.0
2382868	0.0
2383042	0.0
2383264	0.0
2383445	0.0
2383501	0.0
2383568	0.0
2383734	0.0
2384789	0.0
2384813	0.0
2386282	0.0
2386344	0.0
2386446	0.0
2387207	0.0
2387412	0.0
2388112	0.0
2388276	0.0
2388589	0.0
2388905	0.0
2390383	0.0
2390751	0.0
2391552	0.0
2391716	0.0
2392457	0.0
2392604	0.0
2392717	0.0
2392907	0.0
2393130	0.0
2394000	0.0
2394125	0.0
2394223	0.0
2394575	0.0
2394782	0.0
2395884	0.0
2396110	0.0
2396591	0.0
2396876	0.0
2396977	0.0
2399135	0.0
2399483	0.0
2400651	0.0
2401485	0.0
2401710	0.0
2402218	0.0
2402505	0.0
2402525	0.0
2402526	0.0
2403804	0.0
2403810	0.0
2403825	0.0
2404324	0.0
2404337	0.0
2404849	0.0
2404984	0.0
2405464	0.0
2405502	0.0
2405779	0.0
2406050	0.0
2407194	0.0
2408432	0.0
2409508	0.0
2410118	0.0
2410204	0.0
2410915	0.0
2411532	0.0
2411643	0.0
2411694	0.0
2411923	0.0
2412110	0.0
2414133	0.0
2415167	0.0
2415321	0.0
2416268	0.0
2416440	0.0
2416556	0.0
2416906	0.0
2417581	0.0
2417741	0.0
2417949	0.0
2418564	0.0
2419064	0.0
2419190	0.0
2419678	0.0
2420079	0.0
2420359	0.0
2420535	0.0
2420705	0.0
2421026	0.0
2421042	0.0
2422308	0.0
2422380	0.0
2422407	0.0
2422645	0.0
2422791	0.0
2422907	0.0
2423028	0.0
2423262	0.0
2423948	0.0
2424096	0.0
2424690	0.0
2425072	0.0
2426062	0.0
2426155	0.0
2427302	0.0
2427905	0.0
2428125	0.0
2428198	0.0
2428264	0.0
2428866	0.0
2428949	0.0
2429070	0.0
2429232	0.0
2429332	0.0
2429531	0.0
2429646	0.0
2429707	0.0
2429727	0.0
2429752	0.0
2429786	0.0
2430090	0.0
2430442	0.0
2430654	0.0
2431192	0.0
2431345	0.0
2431915	0.0
2432210	0.0
2432576	0.0
2432655	0.0
2432832	0.0
2432877	0.0
2433235	0.0
2433782	0.0
2434563	0.0
2434997	0.0
2435348	0.0
2435718	0.0
2435814	0.0
2436817	0.0
2436996	0.0
2437225	0.0
2437240	0.0
2438228	0.0
2438322	0.0
2438765	0.0
2438811	0.0
2439076	0.0
2439826	0.0
2439842	0.0
2439993	0.0
2440072	0.0
2440267	0.0
2440334	0.0
2440361	0.0
2440686	0.0
2440987	0.0
2441240	0.0
2441291	0.0
2441533	0.0
2442216	0.0
2442335	0.0
2442453	0.0
2442494	0.0
2442566	0.0
2443264	0.0
2443405	0.0
2443864	0.0
2444319	0.0
2444670	0.0
2445032	0.0
2445113	0.0
2445295	0.0
2445658	0.0
2445693	0.0
2445816	0.0
2446019	0.0
2446188	0.0
2446240	0.0
2446601	0.0
2446783	0.0
2447110	0.0
2447444	0.0
2447695	0.0
2447778	0.0
2447909	0.0
2448344	0.0
2448476	0.0
2448769	0.0
2448926	0.0
2449219	0.0
2449661	0.0
2449738	0.0
2450146	0.0
2450166	0.0
2450325	0.0
2450885	0.0
2451732	0.0
2451833	0.0
2452023	0.0
2452331	0.0
2452509	0.0
2452683	0.0
2452760	0.0
2453006	0.0
2453138	0.0
2453193	0.0
2453391	0.0
2453754	0.0
2453850	0.0
2453934	0.0
2454083	0.0
2454211	0.0
2454223	0.0
2454234	0.0
2454813	0.0
2455211	0.0
2455618	0.0
2456173	0.0
2456191	0.0
2456776	0.0
2456963	0.0
2456997	0.0
2457061	0.0
2457404	0.0
2457469	0.0
2457701	0.0
2457902	0.0
2458280	0.0
2458774	0.0
2458817	0.0
2458903	0.0
2458974	0.0
2459271	0.0
2459504	0.0
2459590	0.0
2459762	0.0
2460035	0.0
2460094	0.0
2460533	0.0
2461423	0.0
2461583	0.0
2461722	0.0
2462205	0.0
2462733	0.0
2462920	0.0
2463450	0.0
2464033	0.0
2464128	0.0
2464346	0.0
2464362	0.0
2464584	0.0
2464654	0.0
2465294	0.0
2465300	0.0
2465889	0.0
2466169	0.0
2466441	0.0
2466453	0.0
2466586	0.0
2466814	0.0
2466827	0.0
2468267	0.0
2468338	0.0
2468800	0.0
2469271	0.0
2469649	0.0
2469820	0.0
2470095	0.0
2470115	0.0
2470271	0.0
2470788	0.0
2470799	0.0
2471768	0.0
2472015	0.0
2472273	0.0
2472614	0.0
2473547	0.0
2474359	0.0
2474463	0.0
2474517	0.0
2474920	0.0
2475174	0.0
2475750	0.0
2475894	0.0
2476100	0.0
2476952	0.0
2476996	0.0
2476998	0.0
2477632	0.0
2477719	0.0
2478258	0.0
2478398	0.0
2478404	0.0
2478513	0.0
2478832	0.0
2479494	0.0
2479726	0.0
2479804	0.0
2480284	0.0
2480513	0.0
2480790	0.0
2481092	0.0
2481147	0.0
2481824	0.0
2483323	0.0
2483965	0.0
2484064	0.0
2484795	0.0
2484947	0.0
2484992	0.0
2485022	0.0
2485172	0.0
2485861	0.0
2486778	0.0
2487422	0.0
2487613	0.0
2487622	0.0
2487687	0.0
2488003	0.0
2488012	0.0
2488031	0.0
2488087	0.0
2489969	0.0
2489978	0.0
2490401	0.0
2490439	0.0
2490702	0.0
2491363	0.0
2491585	0.0
2492619	0.0
2492638	0.0
2493299	0.0
2494108	0.0
2494126	0.0
2494277	0.0
2494376	0.0
2494471	0.0
2494737	0.0
2495224	0.0
2495382	0.0
2495494	0.0
2496333	0.0
2496448	0.0
2496488	0.0
2496865	0.0
2497325	0.0
2497844	0.0
2498335	0.0
2498536	0.0
2498764	0.0
2498937	0.0
2499845	0.0
2499965	0.0
2500274	0.0
2501426	0.0
2501868	0.0
2502020	0.0
2502633	0.0
2502765	0.0
2502818	0.0
2504124	0.0
2504228	0.0
2504319	0.0
2504512	0.0
2504794	0.0
2504801	0.0
2505996	0.0
2506050	0.0
2506377	0.0
2506429	0.0
2506485	0.0
2506690	0.0
2507236	0.0
2507385	0.0
2507452	0.0
2507845	0.0
2507981	0.0
2508211	0.0
2508553	0.0
2508666	0.0
2508876	0.0
2509819	0.0
2510075	0.0
2510264	0.0
2511368	0.0
2511839	0.0
2512715	0.0
2512727	0.0
2514588	0.0
2514917	0.0
2515033	0.0
2515134	0.0
2515246	0.0
2515698	0.0
2515699	0.0
2515746	0.0
2515897	0.0
2516272	0.0
2518150	0.0
2518192	0.0
2518197	0.0
2518422	0.0
2518808	0.0
2518826	0.0
2518979	0.0
2519476	0.0
2519492	0.0
2519718	0.0
2519767	0.0
2520038	0.0
2520326	0.0
2520914	0.0
2521220	0.0
2522185	0.0
2523203	0.0
2523208	0.0
2523224	0.0
2523513	0.0
2524190	0.0
2524589	0.0
2525166	0.0
2525177	0.0
2525341	0.0
2525476	0.0
2525604	0.0
2525746	0.0
2525803	0.0
2525881	0.0
2528046	0.0
2529327	0.0
2529367	0.0
2529534	0.0
2530091	0.0
2530567	0.0
2531106	0.0
2531395	0.0
2531457	0.0
2532490	0.0
2533185	0.0
2533547	0.0
2533588	0.0
2533705	0.0
2533903	0.0
2534451	0.0
2534847	0.0
2536065	0.0
2536264	0.0
2537186	0.0
2537951	0.0
2538195	0.0
2539046	0.0
2539328	0.0
2539550	0.0
2539817	0.0
2539937	0.0
2540804	0.0
2540864	0.0
2542051	0.0
2542533	0.0
2543267	0.0
2543733	0.0
2543827	0.0
2543911	0.0
2544299	0.0
2544472	0.0
2544680	0.0
2544867	0.0
2544967	0.0
2545884	0.0
2546103	0.0
2546974	0.0
2546992	0.0
2547053	0.0
2547135	0.0
2547436	0.0
2547743	0.0
2547967	0.0
2547974	0.0
2548068	0.0
2548079	0.0
2548129	0.0
2548558	0.0
2548587	0.0
2548632	0.0
2548720	0.0
2548918	0.0
2549146	0.0
2549657	0.0
2550100	0.0
2550635	0.0
2551235	0.0
2551256	0.0
2551326	0.0
2551367	0.0
2551448	0.0
2551600	0.0
2551875	0.0
2552903	0.0
2553079	0.0
2553109	0.0
2553165	0.0
2553417	0.0
2553780	0.0
2554210	0.0
2554257	0.0
2554361	0.0
2554919	0.0
2554944	0.0
2554986	0.0
2555167	0.0
2555341	0.0
2555414	0.0
2555989	0.0
2556587	0.0
2556751	0.0
2557023	0.0
2557060	0.0
2557112	0.0
2557187	0.0
2557612	0.0
2560359	0.0
2560501	0.0
2560542	0.0
2560823	0.0
2560993	0.0
2561057	0.0
2562216	0.0
2562617	0.0
2562805	0.0
2563452	0.0
2563705	0.0
2564206	0.0
2565017	0.0
2565414	0.0
2566149	0.0
2566543	0.0
2566946	0.0
2566989	0.0
2567724	0.0
2567865	0.0
2568085	0.0
2568358	0.0
2568464	0.0
2569272	0.0
2569695	0.0
2570258	0.0
2570583	0.0
2570868	0.0
2571042	0.0
2571603	0.0
2571695	0.0
2573186	0.0
2573486	0.0
2573711	0.0
2573779	0.0
2573898	0.0
2574220	0.0
2574594	0.0
2575209	0.0
2575469	0.0
2576823	0.0
2576969	0.0
2577223	0.0
2577561	0.0
2577789	0.0
2577820	0.0
2577958	0.0
2578133	0.0
2578287	0.0
2578560	0.0
2578994	0.0
2579083	0.0
2579469	0.0
2579703	0.0
2580663	0.0
2580743	0.0
2580913	0.0
2580959	0.0
2581189	0.0
2581430	0.0
2581447	0.0
2582449	0.0
2582457	0.0
2582529	0.0
2583048	0.0
2583392	0.0
2583903	0.0
2584392	0.0
2585591	0.0
2585940	0.0
2586639	0.0
2587799	0.0
2587816	0.0
2588371	0.0
2588600	0.0
2588780	0.0
2588852	0.0
2589341	0.0
2590177	0.0
2590364	0.0
2590659	0.0
2590739	0.0
2591090	0.0
2591428	0.0
2591459	0.0
2591730	0.0
2591831	0.0
2591986	0.0
2592453	0.0
2592569	0.0
2592795	0.0
2592948	0.0
2592972	0.0
2593145	0.0
2593254	0.0
2593295	0.0
2594297	0.0
2595290	0.0
2595796	0.0
2596238	0.0
2596781	0.0
2597145	0.0
2597289	0.0
2598219	0.0
2598895	0.0
2599016	0.0
2599075	0.0
2599249	0.0
2599431	0.0
2600172	0.0
2600482	0.0
2600512	0.0
2601734	0.0
2601943	0.0
2602418	0.0
2602739	0.0
2602777	0.0
2603160	0.0
2604091	0.0
2604347	0.0
2604365	0.0
2604833	0.0
2605393	0.0
2605409	0.0
2605873	0.0
2606315	0.0
2608144	0.0
2608151	0.0
2608313	0.0
2609523	0.0
2609708	0.0
2609713	0.0
2610884	0.0
2611138	0.0
2611164	0.0
2612120	0.0
2612396	0.0
2613056	0.0
2613152	0.0
2613609	0.0
2613673	0.0
2613825	0.0
2615040	0.0
2615060	0.0
2615278	0.0
2616853	0.0
2617083	0.0
2617464	0.0
2617861	0.0
2617956	0.0
2618491	0.0
2619598	0.0
2619641	0.0
2620302	0.0
2620325	0.0
2620598	0.0
2620818	0.0
2621360	0.0
2621867	0.0
2621951	0.0
2621983	0.0
2623262	0.0
2623291	0.0
2623512	0.0
2626358	0.0
2626482	0.0
2627368	0.0
2628973	0.0
2630647	0.0
2631572	0.0
2631780	0.0
2632411	0.0
2638229	0.0
2639757	0.0
2640829	0.0
2642195	0.0
2642485	0.0
2646605	0.0
2649660	0.0
2650520	0.0
2650674	0.0
2655268	0.0
2656612	0.0
2656947	0.0
2659768	0.0
2660648	0.0
2662167	0.0
2662413	0.0
2682196	0.0
2750337	0.0
1650	1.0
2887	1.0
3275	1.0
3633	1.0
5260	1.0
5662	1.0
8006	1.0
8212	1.0
8474	1.0
9096	1.0
12469	1.0
13499	1.0
13796	1.0
13884	1.0
14799	1.0
16209	1.0
18517	1.0
20046	1.0
21371	1.0
22786	1.0
24156	1.0
24580	1.0
26026	1.0
27195	1.0
28271	1.0
30776	1.0
32526	1.0
39031	1.0
44273	1.0
44833	1.0
46305	1.0
57235	1.0
59211	1.0
63792	1.0
64892	1.0
66067	1.0
69881	1.0
71054	1.0
72288	1.0
86561	1.0
109470	1.0
116124	1.0
122885	1.0
131837	1.0
132067	1.0
135232	1.0
137460	1.0
143367	1.0
145659	1.0
148428	1.0
149268	1.0
153290	1.0
153891	1.0
154649	1.0
155698	1.0
156427	1.0
165020	1.0
175330	1.0
175478	1.0
175606	1.0
178658	1.0
180267	1.0
182808	1.0
192427	1.0
201645	1.0
208772	1.0
213393	1.0
224366	1.0
232664	1.0
237233	1.0
237316	1.0
241705	1.0
248625	1.0
254730	1.0
257079	1.0
259716	1.0
261721	1.0
265796	1.0
277399	1.0
287954	1.0
296399	1.0
303908	1.0
308583	1.0
309416	1.0
312041	1.0
313417	1.0
316928	1.0
319770	1.0
321415	1.0
322603	1.0
334458	1.0
341210	1.0
342205	1.0
342964	1.0
347101	1.0
353806	1.0
389477	1.0
396723	1.0
396820	1.0
402485	1.0
404777	1.0
405223	1.0
407546	1.0
412671	1.0
413192	1.0
419353	1.0
420826	1.0
427182	1.0
427432	1.0
432355	1.0
434537	1.0
444504	1.0
446789	1.0
450785	1.0
451620	1.0
452550	1.0
459227	1.0
462664	1.0
469910	1.0
471937	1.0
472911	1.0
474426	1.0
477565	1.0
480366	1.0
481504	1.0
483927	1.0
490483	1.0
493684	1.0
497116	1.0
499835	1.0
506902	1.0
511613	1.0
523710	1.0
525910	1.0
530391	1.0
531870	1.0
533390	1.0
533531	1.0
534950	1.0
534999	1.0
536525	1.0
540600	1.0
541069	1.0
543490	1.0
543516	1.0
543739	1.0
545783	1.0
546531	1.0
551063	1.0
551928	1.0
557797	1.0
560064	1.0
562502	1.0
562921	1.0
564079	1.0
564764	1.0
566187	1.0
582585	1.0
584610	1.0
585532	1.0
591419	1.0
596809	1.0
602313	1.0
611261	1.0
614902	1.0
615714	1.0
616397	1.0
616921	1.0
621339	1.0
629310	1.0
629785	1.0
630385	1.0
635649	1.0
635788	1.0
636593	1.0
640264	1.0
640754	1.0
641085	1.0
641195	1.0
646419	1.0
658042	1.0
660441	1.0
673268	1.0
676779	1.0
677910	1.0
677966	1.0
678144	1.0
681288	1.0
684119	1.0
687823	1.0
691372	1.0
695734	1.0
696396	1.0
697130	1.0
700988	1.0
702582	1.0
708658	1.0
709645	1.0
711413	1.0
716811	1.0
720475	1.0
723460	1.0
724077	1.0
726263	1.0
726538	1.0
727454	1.0
730295	1.0
732310	1.0
732311	1.0
736201	1.0
737342	1.0
737356	1.0
741393	1.0
747712	1.0
751197	1.0
752260	1.0
754735	1.0
761640	1.0
767083	1.0
767875	1.0
771534	1.0
773262	1.0
773320	1.0
775641	1.0
777580	1.0
780595	1.0
786260	1.0
786916	1.0
794674	1.0
796428	1.0
797897	1.0
798610	1.0
805020	1.0
813479	1.0
813586	1.0
816875	1.0
818781	1.0
822330	1.0
823747	1.0
826717	1.0
829040	1.0
830129	1.0
830130	1.0
831178	1.0
835237	1.0
842923	1.0
843945	1.0
848869	1.0
855264	1.0
855522	1.0
857933	1.0
861243	1.0
863755	1.0
863933	1.0
866621	1.0
875543	1.0
880509	1.0
885647	1.0
889024	1.0
904094	1.0
905601	1.0
908089	1.0
910192	1.0
911812	1.0
912658	1.0
912875	1.0
915736	1.0
918487	1.0
926563	1.0
928574	1.0
932348	1.0
933361	1.0
938329	1.0
939388	1.0
940732	1.0
940908	1.0
941066	1.0
941566	1.0
944175	1.0
949039	1.0
949487	1.0
950938	1.0
952342	1.0
953962	1.0
956542	1.0
958918	1.0
958963	1.0
961090	1.0
961425	1.0
965096	1.0
965820	1.0
967401	1.0
968435	1.0
970692	1.0
972728	1.0
975217	1.0
976440	1.0
978554	1.0
985150	1.0
985907	1.0
990571	1.0
990757	1.0
992763	1.0
995601	1.0
998040	1.0
998998	1.0
1000253	1.0
1001432	1.0
1004125	1.0
1011462	1.0
1012616	1.0
1015315	1.0
1016152	1.0
1019301	1.0
1020432	1.0
1022969	1.0
1028305	1.0
1030166	1.0
1035298	1.0
1035746	1.0
1039264	1.0
1039346	1.0
1042045	1.0
1045267	1.0
1049623	1.0
1050709	1.0
1054404	1.0
1058634	1.0
1060138	1.0
1060370	1.0
1063063	1.0
1063083	1.0
1066704	1.0
1070878	1.0
1072478	1.0
1073794	1.0
1075422	1.0
1080711	1.0
1081241	1.0
1081370	1.0
1082286	1.0
1082538	1.0
1083670	1.0
1086263	1.0
1087404	1.0
1088457	1.0
1089918	1.0
1094381	1.0
1097019	1.0
1099405	1.0
1100627	1.0
1101493	1.0
1101931	1.0
1102739	1.0
1106306	1.0
1106581	1.0
1112447	1.0
1114627	1.0
1116205	1.0
1116629	1.0
1130157	1.0
1130729	1.0
1133637	1.0
1133908	1.0
1135056	1.0
1135070	1.0
1136657	1.0
1147530	1.0
1149783	1.0
1150929	1.0
1157560	1.0
1160896	1.0
1161233	1.0
1165941	1.0
1169876	1.0
1170151	1.0
1173815	1.0
1173857	1.0
1174834	1.0
1177861	1.0
1178619	1.0
1181765	1.0
1184903	1.0
1192181	1.0
1193529	1.0
1194061	1.0
1194219	1.0
1195527	1.0
1196195	1.0
1206059	1.0
1208008	1.0
1210529	1.0
1211046	1.0
1213389	1.0
1213589	1.0
1213788	1.0
1214122	1.0
1215014	1.0
1216155	1.0
1227255	1.0
1227961	1.0
1228135	1.0
1228554	1.0
1229806	1.0
1230814	1.0
1232283	1.0
1234445	1.0
1236501	1.0
1236956	1.0
1236996	1.0
1237811	1.0
1238616	1.0
1239645	1.0
1242527	1.0
1245880	1.0
1246675	1.0
1247678	1.0
1250428	1.0
1253865	1.0
1255447	1.0
1255622	1.0
1257537	1.0
1258455	1.0
1262660	1.0
1263921	1.0
1267918	1.0
1268230	1.0
1270394	1.0
1270494	1.0
1271879	1.0
1273689	1.0
1275381	1.0
1280304	1.0
1280622	1.0
1281305	1.0
1285357	1.0
1288066	1.0
1293690	1.0
1293997	1.0
1294093	1.0
1294311	1.0
1297721	1.0
1299448	1.0
1299537	1.0
1302284	1.0
1302449	1.0
1302800	1.0
1302872	1.0
1303990	1.0
1305026	1.0
1306910	1.0
1310628	1.0
1312312	1.0
1319316	1.0
1320996	1.0
1321079	1.0
1321084	1.0
1328417	1.0
1331095	1.0
1331576	1.0
1332368	1.0
1334218	1.0
1334864	1.0
1336263	1.0
1337998	1.0
1342918	1.0
1350378	1.0
1351612	1.0
1353462	1.0
1357455	1.0
1359763	1.0
1361123	1.0
1363374	1.0
1363447	1.0
1366052	1.0
1366804	1.0
1367475	1.0
1371780	1.0
1371950	1.0
1372169	1.0
1372531	1.0
1372787	1.0
1372933	1.0
1373067	1.0
1374596	1.0
1378765	1.0
1379140	1.0
1381172	1.0
1381207	1.0
1381442	1.0
1382609	1.0
1385604	1.0
1387305	1.0
1394952	1.0
1397546	1.0
1397653	1.0
1398347	1.0
1400022	1.0
1413153	1.0
1413841	1.0
1414228	1.0
1416254	1.0
1424363	1.0
1424422	1.0
1424632	1.0
1425857	1.0
1425892	1.0
1426025	1.0
1426395	1.0
1426669	1.0
1429068	1.0
1429230	1.0
1429530	1.0
1430353	1.0
1434057	1.0
1434255	1.0
1436086	1.0
1436402	1.0
1439713	1.0
1440266	1.0
1443668	1.0
1445631	1.0
1446640	1.0
1447464	1.0
1447876	1.0
1452749	1.0
1453447	1.0
1455333	1.0
1457263	1.0
1457693	1.0
1458022	1.0
1462613	1.0
1465631	1.0
1466331	1.0
1467013	1.0
1468687	1.0
1472496	1.0
1474133	1.0
1474702	1.0
1476788	1.0
1481241	1.0
1483399	1.0
1483656	1.0
1484203	1.0
1484597	1.0
1488293	1.0
1489562	1.0
1492919	1.0
1492983	1.0
1493463	1.0
1493469	1.0
1494859	1.0
1497168	1.0
1498698	1.0
1502476	1.0
1503513	1.0
1503518	1.0
1504178	1.0
1505190	1.0
1505880	1.0
1505898	1.0
1508512	1.0
1511368	1.0
1512393	1.0
1513993	1.0
1514899	1.0
1515333	1.0
1515696	1.0
1517420	1.0
1518351	1.0
1520126	1.0
1522548	1.0
1526535	1.0
1526655	1.0
1527573	1.0
1529211	1.0
1530639	1.0
1532411	1.0
1532542	1.0
1535294	1.0
1537870	1.0
1539943	1.0
1541637	1.0
1541882	1.0
1545724	1.0
1546963	1.0
1548042	1.0
1548702	1.0
1555132	1.0
1561890	1.0
1561980	1.0
1564410	1.0
1565308	1.0
1566423	1.0
1566837	1.0
1567642	1.0
1568559	1.0
1571146	1.0
1571871	1.0
1573456	1.0
1577093	1.0
1578599	1.0
1578817	1.0
1580179	1.0
1580488	1.0
1581918	1.0
1583344	1.0
1583483	1.0
1583940	1.0
1584042	1.0
1584433	1.0
1587140	1.0
1587225	1.0
1587252	1.0
1588620	1.0
1590663	1.0
1591661	1.0
1594127	1.0
1595306	1.0
1595461	1.0
1596572	1.0
1597310	1.0
1600320	1.0
1603639	1.0
1604103	1.0
1604191	1.0
1604819	1.0
1605954	1.0
1607366	1.0
1609127	1.0
1609206	1.0
1609593	1.0
1609615	1.0
1614336	1.0
1614582	1.0
1615120	1.0
1615423	1.0
1616760	1.0
1619789	1.0
1626774	1.0
1629598	1.0
1630568	1.0
1635638	1.0
1636355	1.0
1637417	1.0
1639351	1.0
1640310	1.0
1640528	1.0
1642223	1.0
1642379	1.0
1642759	1.0
1643027	1.0
1643869	1.0
1645853	1.0
1647915	1.0
1649030	1.0
1650412	1.0
1650615	1.0
1651944	1.0
1651953	1.0
1656320	1.0
1657653	1.0
1658528	1.0
1660706	1.0
1661011	1.0
1666263	1.0
1666538	1.0
1666597	1.0
1668044	1.0
1670419	1.0
1670420	1.0
1671910	1.0
1672366	1.0
1675391	1.0
1677321	1.0
1680331	1.0
1681464	1.0
1681717	1.0
1682206	1.0
1682654	1.0
1682715	1.0
1683542	1.0
1683701	1.0
1684095	1.0
1684524	1.0
1689590	1.0
1689839	1.0
1693676	1.0
1695599	1.0
1697586	1.0
1697793	1.0
1699055	1.0
1699397	1.0
1702455	1.0
1702969	1.0
1703882	1.0
1705592	1.0
1706002	1.0
1707096	1.0
1708575	1.0
1708973	1.0
1709466	1.0
1709992	1.0
1710992	1.0
1711875	1.0
1712155	1.0
1712486	1.0
1712648	1.0
1713213	1.0
1716006	1.0
1716037	1.0
1716634	1.0
1720844	1.0
1720871	1.0
1721313	1.0
1722563	1.0
1723371	1.0
1723887	1.0
1726524	1.0
1732606	1.0
1732998	1.0
1733848	1.0
1735731	1.0
1735832	1.0
1735941	1.0
1736402	1.0
1736736	1.0
1738449	1.0
1739108	1.0
1739290	1.0
1743485	1.0
1744326	1.0
1745438	1.0
1746774	1.0
1749353	1.0
1750831	1.0
1751812	1.0
1752158	1.0
1753151	1.0
1753333	1.0
1753383	1.0
1753426	1.0
1754064	1.0
1754080	1.0
1754755	1.0
1757081	1.0
1757191	1.0
1759428	1.0
1759944	1.0
1761530	1.0
1765479	1.0
1766817	1.0
1767072	1.0
1768751	1.0
1769029	1.0
1774963	1.0
1775583	1.0
1775845	1.0
1776530	1.0
1776918	1.0
1778482	1.0
1778613	1.0
1780425	1.0
1780844	1.0
1783364	1.0
1784176	1.0
1785619	1.0
1785660	1.0
1787841	1.0
1788458	1.0
1788979	1.0
1789117	1.0
1791971	1.0
1792141	1.0
1792147	1.0
1796413	1.0
1797796	1.0
1797869	1.0
1798296	1.0
1798353	1.0
1801951	1.0
1802667	1.0
1805062	1.0
1805781	1.0
1805972	1.0
1806444	1.0
1808727	1.0
1810890	1.0
1811690	1.0
1812590	1.0
1814556	1.0
1816115	1.0
1816594	1.0
1816862	1.0
1817872	1.0
1826020	1.0
1826493	1.0
1826792	1.0
1830065	1.0
1831855	1.0
1832413	1.0
1834475	1.0
1836312	1.0
1836590	1.0
1837469	1.0
1838708	1.0
1839246	1.0
1840536	1.0
1842994	1.0
1843838	1.0
1844242	1.0
1845834	1.0
1847335	1.0
1849312	1.0
1850622	1.0
1852713	1.0
1854666	1.0
1855042	1.0
1855347	1.0
1855940	1.0
1857679	1.0
1859383	1.0
1860163	1.0
1862813	1.0
1862884	1.0
1864310	1.0
1865680	1.0
1871764	1.0
1873418	1.0
1873430	1.0
1876710	1.0
1877841	1.0
1878853	1.0
1880425	1.0
1880890	1.0
1882565	1.0
1883908	1.0
1884014	1.0
1885978	1.0
1888597	1.0
1889002	1.0
1891437	1.0
1891959	1.0
1892395	1.0
1892559	1.0
1897556	1.0
1898977	1.0
1901337	1.0
1903369	1.0
1904050	1.0
1904902	1.0
1905507	1.0
1905978	1.0
1906234	1.0
1907059	1.0
1907585	1.0
1908116	1.0
1908852	1.0
1909265	1.0
1913393	1.0
1913603	1.0
1913610	1.0
1914619	1.0
1915460	1.0
1915485	1.0
1915827	1.0
1917998	1.0
1918244	1.0
1918327	1.0
1918648	1.0
1920445	1.0
1920617	1.0
1921031	1.0
1921555	1.0
1921839	1.0
1922407	1.0
1923590	1.0
1923772	1.0
1923993	1.0
1924512	1.0
1925026	1.0
1925299	1.0
1925621	1.0
1925979	1.0
1926726	1.0
1927587	1.0
1928174	1.0
1928666	1.0
1930938	1.0
1932381	1.0
1933827	1.0
1934211	1.0
1935176	1.0
1936112	1.0
1937890	1.0
1937973	1.0
1938100	1.0
1940845	1.0
1941641	1.0
1941788	1.0
1942807	1.0
1942950	1.0
1945474	1.0
1945807	1.0
1945974	1.0
1946076	1.0
1946582	1.0
1946742	1.0
1947279	1.0
1947600	1.0
1948631	1.0
1949067	1.0
1949627	1.0
1951069	1.0
1957649	1.0
1957926	1.0
1957989	1.0
1960068	1.0
1960794	1.0
1963859	1.0
1963876	1.0
1966348	1.0
1966426	1.0
1967828	1.0
1968360	1.0
1968397	1.0
1969481	1.0
1969815	1.0
1970618	1.0
1970676	1.0
1971720	1.0
1972017	1.0
1974531	1.0
1974579	1.0
1976483	1.0
1976849	1.0
1977350	1.0
1978731	1.0
1981989	1.0
1982154	1.0
1983041	1.0
1983237	1.0
1984890	1.0
1985733	1.0
1986431	1.0
1986434	1.0
1986613	1.0
1987985	1.0
1988873	1.0
1989375	1.0
1990486	1.0
1993244	1.0
1993394	1.0
1995165	1.0
1995190	1.0
1996435	1.0
1997296	1.0
1999656	1.0
2002503	1.0
2003449	1.0
2004121	1.0
2005115	1.0
2007547	1.0
2010740	1.0
2010913	1.0
2011194	1.0
2013644	1.0
2014240	1.0
2016636	1.0
2016996	1.0
2017394	1.0
2019516	1.0
2020028	1.0
2021245	1.0
2023042	1.0
2023044	1.0
2023350	1.0
2024834	1.0
2025209	1.0
2025619	1.0
2027678	1.0
2028337	1.0
2029272	1.0
2030526	1.0
2030956	1.0
2031013	1.0
2032193	1.0
2033564	1.0
2033778	1.0
2033959	1.0
2034626	1.0
2035452	1.0
2036126	1.0
2036347	1.0
2037208	1.0
2038175	1.0
2040548	1.0
2042137	1.0
2042238	1.0
2042601	1.0
2045783	1.0
2046958	1.0
2048215	1.0
2048250	1.0
2048285	1.0
2048984	1.0
2049082	1.0
2049166	1.0
2049372	1.0
2049653	1.0
2051608	1.0
2054428	1.0
2054735	1.0
2054994	1.0
2055012	1.0
2055882	1.0
2056130	1.0
2057170	1.0
2057734	1.0
2057780	1.0
2058724	1.0
2059006	1.0
2060331	1.0
2061241	1.0
2062694	1.0
2063338	1.0
2063576	1.0
2063665	1.0
2064021	1.0
2064295	1.0
2066318	1.0
2067667	1.0
2067782	1.0
2068631	1.0
2068747	1.0
2069256	1.0
2069281	1.0
2069850	1.0
2072278	1.0
2072481	1.0
2073600	1.0
2073768	1.0
2074359	1.0
2075452	1.0
2075993	1.0
2078164	1.0
2078533	1.0
2079166	1.0
2079573	1.0
2081910	1.0
2083176	1.0
2083610	1.0
2083789	1.0
2084665	1.0
2084917	1.0
2085357	1.0
2085486	1.0
2088135	1.0
2089468	1.0
2089668	1.0
2089685	1.0
2090735	1.0
2090892	1.0
2091373	1.0
2091718	1.0
2092197	1.0
2092649	1.0
2093810	1.0
2094978	1.0
2096153	1.0
2096610	1.0
2096920	1.0
2097709	1.0
2097968	1.0
2098521	1.0
2098804	1.0
2099160	1.0
2100147	1.0
2102499	1.0
2102641	1.0
2104607	1.0
2105239	1.0
2105262	1.0
2106478	1.0
2107754	1.0
2107855	1.0
2108161	1.0
2109164	1.0
2109383	1.0
2110847	1.0
2111119	1.0
2111970	1.0
2112360	1.0
2113260	1.0
2113426	1.0
2113549	1.0
2113988	1.0
2114083	1.0
2114715	1.0
2114975	1.0
2116413	1.0
2117921	1.0
2119982	1.0
2120303	1.0
2120561	1.0
2121765	1.0
2121898	1.0
2122892	1.0
2123323	1.0
2123333	1.0
2124260	1.0
2125511	1.0
2126864	1.0
2127372	1.0
2127489	1.0
2127795	1.0
2127926	1.0
2128043	1.0
2129755	1.0
2131755	1.0
2133309	1.0
2135390	1.0
2135513	1.0
2139244	1.0
2140296	1.0
2140325	1.0
2140664	1.0
2141037	1.0
2141342	1.0
2141998	1.0
2142162	1.0
2142276	1.0
2143580	1.0
2143589	1.0
2143591	1.0
2143609	1.0
2144167	1.0
2144223	1.0
2144670	1.0
2144903	1.0
2145286	1.0
2145897	1.0
2146132	1.0
2146307	1.0
2146777	1.0
2147755	1.0
2147788	1.0
2147990	1.0
2150310	1.0
2151127	1.0
2151678	1.0
2151748	1.0
2153711	1.0
2154717	1.0
2155401	1.0
2155894	1.0
2156398	1.0
2157119	1.0
2157472	1.0
2158472	1.0
2158697	1.0
2159086	1.0
2159473	1.0
2159490	1.0
2160002	1.0
2160750	1.0
2160776	1.0
2161624	1.0
2161677	1.0
2161865	1.0
2162254	1.0
2162597	1.0
2162615	1.0
2162955	1.0
2163500	1.0
2164501	1.0
2165058	1.0
2165192	1.0
2165259	1.0
2165291	1.0
2166844	1.0
2167021	1.0
2167580	1.0
2167644	1.0
2168862	1.0
2169051	1.0
2169073	1.0
2169273	1.0
2170558	1.0
2170643	1.0
2171487	1.0
2172617	1.0
2172628	1.0
2172763	1.0
2172971	1.0
2174385	1.0
2174921	1.0
2175498	1.0
2175658	1.0
2178757	1.0
2178972	1.0
2179463	1.0
2179689	1.0
2179737	1.0
2179773	1.0
2180363	1.0
2181539	1.0
2182697	1.0
2183009	1.0
2183377	1.0
2183856	1.0
2184057	1.0
2184179	1.0
2184721	1.0
2184958	1.0
2186599	1.0
2186823	1.0
2187629	1.0
2187952	1.0
2188139	1.0
2188519	1.0
2189549	1.0
2190594	1.0
2191049	1.0
2191756	1.0
2193298	1.0
2193805	1.0
2195509	1.0
2195573	1.0
2196237	1.0
2197251	1.0
2197566	1.0
2197616	1.0
2198188	1.0
2198527	1.0
2198585	1.0
2198913	1.0
2199052	1.0
2199336	1.0
2199844	1.0
2199989	1.0
2200015	1.0
2200086	1.0
2201784	1.0
2202125	1.0
2202220	1.0
2203314	1.0
2203563	1.0
2204420	1.0
2204455	1.0
2204607	1.0
2205052	1.0
2205423	1.0
2205997	1.0
2206190	1.0
2206558	1.0
2207320	1.0
2207836	1.0
2209769	1.0
2209877	1.0
2210989	1.0
2211412	1.0
2211794	1.0
2212583	1.0
2212940	1.0
2214139	1.0
2215541	1.0
2215580	1.0
2215831	1.0
2215975	1.0
2216164	1.0
2216785	1.0
2216813	1.0
2216920	1.0
2217267	1.0
2217727	1.0
2218726	1.0
2219312	1.0
2219340	1.0
2219754	1.0
2222201	1.0
2222370	1.0
2222569	1.0
2223340	1.0
2223567	1.0
2223794	1.0
2224842	1.0
2225700	1.0
2225872	1.0
2226108	1.0
2228059	1.0
2228750	1.0
2228870	1.0
2229127	1.0
2229343	1.0
2229541	1.0
2229687	1.0
2230737	1.0
2230883	1.0
2231261	1.0
2232292	1.0
2232303	1.0
2233019	1.0
2233548	1.0
2233647	1.0
2233935	1.0
2234162	1.0
2234530	1.0
2235720	1.0
2235871	1.0
2236119	1.0
2236145	1.0
2236910	1.0
2237125	1.0
2237467	1.0
2241319	1.0
2241814	1.0
2242284	1.0
2243225	1.0
2243278	1.0
2243822	1.0
2244253	1.0
2244984	1.0
2245253	1.0
2245881	1.0
2246197	1.0
2246277	1.0
2246903	1.0
2247411	1.0
2247809	1.0
2247890	1.0
2248108	1.0
2248869	1.0
2249567	1.0
2250037	1.0
2250316	1.0
2251242	1.0
2251995	1.0
2252379	1.0
2253346	1.0
2254234	1.0
2254296	1.0
2254300	1.0
2255896	1.0
2256370	1.0
2256693	1.0
2257250	1.0
2257868	1.0
2258275	1.0
2259244	1.0
2260231	1.0
2260599	1.0
2261482	1.0
2261909	1.0
2262464	1.0
2264119	1.0
2264497	1.0
2265856	1.0
2266359	1.0
2266829	1.0
2267496	1.0
2267852	1.0
2268454	1.0
2268737	1.0
2269023	1.0
2269257	1.0
2270323	1.0
2271729	1.0
2271762	1.0
2273685	1.0
2275179	1.0
2275683	1.0
2276623	1.0
2277581	1.0
2278669	1.0
2278758	1.0
2278864	1.0
2279306	1.0
2279949	1.0
2280064	1.0
2280149	1.0
2280842	1.0
2280944	1.0
2281210	1.0
2282134	1.0
2282625	1.0
2283632	1.0
2283926	1.0
2284009	1.0
2284656	1.0
2284745	1.0
2285353	1.0
2285361	1.0
2286700	1.0
2286974	1.0
2287533	1.0
2288462	1.0
2289015	1.0
2290096	1.0
2290592	1.0
2293036	1.0
2294282	1.0
2295242	1.0
2295446	1.0
2295650	1.0
2295722	1.0
2295824	1.0
2295841	1.0
2295862	1.0
2297391	1.0
2298023	1.0
2298131	1.0
2298783	1.0
2299009	1.0
2299584	1.0
2300117	1.0
2300593	1.0
2300674	1.0
2300826	1.0
2301006	1.0
2301253	1.0
2302950	1.0
2304072	1.0
2304562	1.0
2304929	1.0
2305516	1.0
2305781	1.0
2305950	1.0
2306112	1.0
2308044	1.0
2308388	1.0
2310033	1.0
2312894	1.0
2313129	1.0
2313715	1.0
2313763	1.0
2313843	1.0
2314348	1.0
2314842	1.0
2314890	1.0
2314912	1.0
2315882	1.0
2315905	1.0
2318313	1.0
2318458	1.0
2318583	1.0
2319461	1.0
2320656	1.0
2321077	1.0
2321852	1.0
2322105	1.0
2322132	1.0
2322189	1.0
2322215	1.0
2322396	1.0
2323119	1.0
2323984	1.0
2324315	1.0
2325198	1.0
2326627	1.0
2327044	1.0
2327157	1.0
2327484	1.0
2329087	1.0
2329256	1.0
2331019	1.0
2331787	1.0
2331863	1.0
2332769	1.0
2332977	1.0
2333482	1.0
2333607	1.0
2333693	1.0
2333951	1.0
2335771	1.0
2335866	1.0
2336593	1.0
2336877	1.0
2337845	1.0
2338104	1.0
2338626	1.0
2340513	1.0
2340952	1.0
2341420	1.0
2342248	1.0
2342289	1.0
2342681	1.0
2342801	1.0
2343081	1.0
2344483	1.0
2344579	1.0
2345852	1.0
2346007	1.0
2346720	1.0
2346961	1.0
2347193	1.0
2347262	1.0
2347609	1.0
2347704	1.0
2348312	1.0
2348314	1.0
2348699	1.0
2348824	1.0
2349585	1.0
2349623	1.0
2349729	1.0
2349736	1.0
2349937	1.0
2350978	1.0
2351348	1.0
2352661	1.0
2352782	1.0
2353845	1.0
2354195	1.0
2354558	1.0
2355227	1.0
2355695	1.0
2355907	1.0
2356552	1.0
2357409	1.0
2358755	1.0
2359745	1.0
2359841	1.0
2362243	1.0
2363774	1.0
2364358	1.0
2364532	1.0
2364568	1.0
2364595	1.0
2365157	1.0
2367648	1.0
2368882	1.0
2369531	1.0
2370930	1.0
2371109	1.0
2371411	1.0
2371933	1.0
2372133	1.0
2373314	1.0
2373488	1.0
2373755	1.0
2375654	1.0
2376115	1.0
2377738	1.0
2378142	1.0
2378144	1.0
2379165	1.0
2379335	1.0
2379444	1.0
2380886	1.0
2381500	1.0
2381579	1.0
2381792	1.0
2383613	1.0
2384130	1.0
2384807	1.0
2385357	1.0
2386743	1.0
2386888	1.0
2388836	1.0
2389037	1.0
2389108	1.0
2389298	1.0
2389863	1.0
2390387	1.0
2390557	1.0
2391417	1.0
2391463	1.0
2391567	1.0
2393068	1.0
2393337	1.0
2393830	1.0
2394103	1.0
2394389	1.0
2394927	1.0
2395755	1.0
2396416	1.0
2397411	1.0
2399060	1.0
2399220	1.0
2399787	1.0
2400753	1.0
2400814	1.0
2400845	1.0
2402136	1.0
2402204	1.0
2402496	1.0
2403042	1.0
2403049	1.0
2403244	1.0
2403318	1.0
2403673	1.0
2403924	1.0
2404174	1.0
2404275	1.0
2404538	1.0
2405603	1.0
2406942	1.0
2408058	1.0
2408200	1.0
2408988	1.0
2409740	1.0
2412186	1.0
2412986	1.0
2414445	1.0
2414570	1.0
2414603	1.0
2414865	1.0
2415259	1.0
2415480	1.0
2417103	1.0
2417349	1.0
2417813	1.0
2419936	1.0
2420277	1.0
2421110	1.0
2421397	1.0
2422974	1.0
2423741	1.0
2424177	1.0
2425802	1.0
2426328	1.0
2426747	1.0
2426956	1.0
2427876	1.0
2428008	1.0
2428945	1.0
2428950	1.0
2429542	1.0
2430178	1.0
2430185	1.0
2430496	1.0
2430735	1.0
2431554	1.0
2431759	1.0
2432754	1.0
2432784	1.0
2434463	1.0
2434533	1.0
2434727	1.0
2435115	1.0
2435230	1.0
2436434	1.0
2437264	1.0
2438090	1.0
2439407	1.0
2439940	1.0
2440206	1.0
2440277	1.0
2440553	1.0
2440619	1.0
2442498	1.0
2443508	1.0
2445166	1.0
2445476	1.0
2445914	1.0
2446530	1.0
2447038	1.0
2447081	1.0
2447498	1.0
2447525	1.0
2447792	1.0
2448260	1.0
2449901	1.0
2449942	1.0
2450440	1.0
2450620	1.0
2452411	1.0
2452467	1.0
2452657	1.0
2453502	1.0
2453617	1.0
2453686	1.0
2453738	1.0
2454022	1.0
2454407	1.0
2454470	1.0
2454751	1.0
2455543	1.0
2455999	1.0
2456052	1.0
2456959	1.0
2457038	1.0
2457098	1.0
2457265	1.0
2457625	1.0
2458010	1.0
2458808	1.0
2459235	1.0
2459297	1.0
2459394	1.0
2459614	1.0
2460448	1.0
2460489	1.0
2460582	1.0
2460687	1.0
2460920	1.0
2461562	1.0
2461782	1.0
2462403	1.0
2462752	1.0
2462922	1.0
2463266	1.0
2463561	1.0
2463864	1.0
2464465	1.0
2464768	1.0
2465165	1.0
2465522	1.0
2466163	1.0
2466682	1.0
2468345	1.0
2468556	1.0
2468721	1.0
2468744	1.0
2468794	1.0
2469039	1.0
2469463	1.0
2469734	1.0
2470075	1.0
2471446	1.0
2472575	1.0
2473022	1.0
2473110	1.0
2473587	1.0
2474334	1.0
2474520	1.0
2474696	1.0
2475298	1.0
2475435	1.0
2475638	1.0
2476483	1.0
2477230	1.0
2477584	1.0
2477907	1.0
2478136	1.0
2479116	1.0
2481326	1.0
2482399	1.0
2482755	1.0
2483641	1.0
2483714	1.0
2483941	1.0
2484070	1.0
2484331	1.0
2484657	1.0
2485059	1.0
2485412	1.0
2487426	1.0
2487641	1.0
2487949	1.0
2488230	1.0
2488524	1.0
2488964	1.0
2489376	1.0
2489698	1.0
2491569	1.0
2491704	1.0
2492311	1.0
2493037	1.0
2493637	1.0
2494045	1.0
2494338	1.0
2494368	1.0
2494531	1.0
2494743	1.0
2495016	1.0
2495078	1.0
2496998	1.0
2497093	1.0
2497621	1.0
2498692	1.0
2498744	1.0
2499049	1.0
2499469	1.0
2500876	1.0
2501981	1.0
2502278	1.0
2502355	1.0
2502794	1.0
2503452	1.0
2504806	1.0
2505665	1.0
2506819	1.0
2507094	1.0
2507148	1.0
2507227	1.0
2508082	1.0
2508976	1.0
2509752	1.0
2510025	1.0
2510368	1.0
2511081	1.0
2512685	1.0
2513142	1.0
2513579	1.0
2513684	1.0
2514069	1.0
2514281	1.0
2514336	1.0
2514448	1.0
2514632	1.0
2516204	1.0
2516459	1.0
2516530	1.0
2516667	1.0
2517202	1.0
2517863	1.0
2518316	1.0
2518358	1.0
2518363	1.0
2518430	1.0
2518481	1.0
2518484	1.0
2518843	1.0
2518900	1.0
2519171	1.0
2519417	1.0
2520314	1.0
2520343	1.0
2520387	1.0
2522069	1.0
2522901	1.0
2523072	1.0
2523229	1.0
2523468	1.0
2524579	1.0
2524585	1.0
2525076	1.0
2525094	1.0
2525165	1.0
2525334	1.0
2525775	1.0
2526094	1.0
2526772	1.0
2527870	1.0
2527876	1.0
2528116	1.0
2528981	1.0
2529150	1.0
2529212	1.0
2529278	1.0
2529563	1.0
2530171	1.0
2530496	1.0
2531127	1.0
2531370	1.0
2531462	1.0
2532113	1.0
2532406	1.0
2532419	1.0
2532542	1.0
2532907	1.0
2532966	1.0
2533116	1.0
2535822	1.0
2535834	1.0
2536917	1.0
2538012	1.0
2538321	1.0
2538398	1.0
2539002	1.0
2539622	1.0
2539886	1.0
2540010	1.0
2540097	1.0
2540146	1.0
2540931	1.0
2541466	1.0
2541605	1.0
2542897	1.0
2543957	1.0
2544574	1.0
2544577	1.0
2544621	1.0
2544658	1.0
2544812	1.0
2545321	1.0
2545463	1.0
2547417	1.0
2547983	1.0
2548842	1.0
2549345	1.0
2549383	1.0
2549967	1.0
2550199	1.0
2550249	1.0
2550431	1.0
2551698	1.0
2552879	1.0
2553248	1.0
2553398	1.0
2553403	1.0
2554068	1.0
2554074	1.0
2554647	1.0
2554985	1.0
2555432	1.0
2555976	1.0
2558086	1.0
2558164	1.0
2560227	1.0
2562584	1.0
2562906	1.0
2563055	1.0
2564548	1.0
2564686	1.0
2564943	1.0
2566257	1.0
2567126	1.0
2567668	1.0
2567848	1.0
2568131	1.0
2568178	1.0
2569637	1.0
2570022	1.0
2570358	1.0
2570651	1.0
2571129	1.0
2571292	1.0
2571584	1.0
2571748	1.0
2572731	1.0
2573127	1.0
2573703	1.0
2574210	1.0
2574386	1.0
2574803	1.0
2575227	1.0
2576489	1.0
2576496	1.0
2577032	1.0
2577719	1.0
2578062	1.0
2579170	1.0
2579208	1.0
2579251	1.0
2579348	1.0
2579393	1.0
2579862	1.0
2580125	1.0
2581870	1.0
2581956	1.0
2582578	1.0
2582889	1.0
2583403	1.0
2583796	1.0
2585186	1.0
2585580	1.0
2586188	1.0
2586608	1.0
2586989	1.0
2588115	1.0
2588854	1.0
2589232	1.0
2589252	1.0
2589870	1.0
2590544	1.0
2590555	1.0
2590756	1.0
2590758	1.0
2591069	1.0
2591532	1.0
2592675	1.0
2593379	1.0
2593618	1.0
2594500	1.0
2594923	1.0
2594940	1.0
2595301	1.0
2595561	1.0
2598734	1.0
2599929	1.0
2600265	1.0
2600693	1.0
2602504	1.0
2602796	1.0
2603199	1.0
2603961	1.0
2604596	1.0
2604817	1.0
2606454	1.0
2606622	1.0
2607250	1.0
2608581	1.0
2608685	1.0
2609244	1.0
2609537	1.0
2610089	1.0
2610185	1.0
2610265	1.0
2611379	1.0
2611879	1.0
2612998	1.0
2613597	1.0
2614306	1.0
2615228	1.0
2615413	1.0
2615642	1.0
2616451	1.0
2616892	1.0
2618648	1.0
2620951	1.0
2622645	1.0
2624028	1.0
2624714	1.0
2625338	1.0
2627273	1.0
2630847	1.0
2631395	1.0
2631663	1.0
2639207	1.0
2646766	1.0
2648928	1.0
2654612	1.0
2655794	1.0
2664636	1.0
