18329	0.0
27682	0.0
53906	0.0
104529	0.0
246372	0.0
278065	0.0
281839	0.0
284262	0.0
292593	0.0
299610	0.0
306440	0.0
322670	0.0
322934	0.0
324945	0.0
358320	0.0
377450	0.0
395432	0.0
425138	0.0
443190	0.0
457897	0.0
465997	0.0
510862	0.0
511259	0.0
515918	0.0
554347	0.0
565803	0.0
587850	0.0
633818	0.0
681470	0.0
684297	0.0
697961	0.0
731985	0.0
752031	0.0
761038	0.0
767971	0.0
776464	0.0
807556	0.0
831735	0.0
859379	0.0
867976	0.0
883069	0.0
884388	0.0
895089	0.0
911456	0.0
931873	0.0
941066	0.0
961320	0.0
966070	0.0
982079	0.0
1017979	0.0
1028305	0.0
1044968	0.0
1050709	0.0
1070812	0.0
1142781	0.0
1163415	0.0
1178225	0.0
1259333	0.0
1262966	0.0
1304090	0.0
1330349	0.0
1338915	0.0
1355486	0.0
1405874	0.0
1406497	0.0
1436622	0.0
1456766	0.0
1457349	0.0
1474297	0.0
1582354	0.0
1587682	0.0
1614437	0.0
1668050	0.0
1671984	0.0
1701134	0.0
1733897	0.0
1736144	0.0
1768957	0.0
1781183	0.0
1785603	0.0
1853471	0.0
1867195	0.0
1873762	0.0
1880799	0.0
1931345	0.0
1946186	0.0
1949371	0.0
1957111	0.0
1962295	0.0
1981785	0.0
1994996	0.0
1995199	0.0
1997609	0.0
2030695	0.0
2064210	0.0
2069518	0.0
2070586	0.0
2085305	0.0
2103376	0.0
2108403	0.0
2114271	0.0
2114333	0.0
2119075	0.0
2138043	0.0
2142240	0.0
2144331	0.0
2160099	0.0
2166637	0.0
2171678	0.0
2173909	0.0
2176257	0.0
2217056	0.0
2220151	0.0
2222370	0.0
2230516	0.0
2231480	0.0
2234783	0.0
2254242	0.0
2255944	0.0
2281033	0.0
2288404	0.0
2316382	0.0
2348769	0.0
2370956	0.0
2376545	0.0
2400113	0.0
2429680	0.0
2434502	0.0
2435996	0.0
2436820	0.0
2448406	0.0
2452049	0.0
2460970	0.0
2464729	0.0
2468825	0.0
2486252	0.0
2508290	0.0
2517549	0.0
2543342	0.0
2570694	0.0
2594774	0.0
2597252	0.0
2621869	0.0
2630030	0.0
2638503	0.0
2653130	0.0
2653370	0.0
2658935	0.0
2672247	0.0
2683865	0.0
2686792	0.0
2687539	0.0
2693408	0.0
2708708	0.0
2712324	0.0
2738756	0.0
2740941	0.0
2743327	0.0
2761645	0.0
2763455	0.0
2768071	0.0
2770429	0.0
2770790	0.0
2794022	0.0
2820656	0.0
2822009	0.0
2869814	0.0
2872318	0.0
2874847	0.0
2875673	0.0
2893059	0.0
2908085	0.0
2915832	0.0
2919094	0.0
2925948	0.0
2940357	0.0
2941639	0.0
2956002	0.0
2959275	0.0
2964258	0.0
2965693	0.0
2966120	0.0
2975594	0.0
2984221	0.0
2987592	0.0
2996448	0.0
2997536	0.0
3000644	0.0
3005740	0.0
3009795	0.0
3010651	0.0
3011888	0.0
3012479	0.0
3014303	0.0
3015453	0.0
3017938	0.0
3021110	0.0
3022671	0.0
3024673	0.0
3024965	0.0
3025311	0.0
3027783	0.0
3034050	0.0
3042725	0.0
3044686	0.0
3045645	0.0
3048747	0.0
3052267	0.0
3059220	0.0
3061753	0.0
3063226	0.0
3073409	0.0
3073459	0.0
3075731	0.0
3078012	0.0
3083225	0.0
3084759	0.0
3085247	0.0
3098376	0.0
3099025	0.0
3100155	0.0
3102541	0.0
3110140	0.0
3112803	0.0
3113453	0.0
3113777	0.0
3114973	0.0
3118436	0.0
3125291	0.0
3127976	0.0
3131756	0.0
3132565	0.0
3132574	0.0
3133288	0.0
3135774	0.0
3141683	0.0
3145702	0.0
3146844	0.0
3147853	0.0
3158414	0.0
3158993	0.0
3169823	0.0
3176666	0.0
3187015	0.0
3189058	0.0
2449137	1.0
3017314	1.0
1390223	1.0
2907313	1.0
2048577	1.0
1139533	1.0
3017968	1.0
1225897	1.0
2074359	1.0
2483567	1.0
2276884	1.0
3034378	1.0
1027442	1.0
2280842	1.0
3001529	1.0
1739694	1.0
3039631	1.0
462593	1.0
2631421	1.0
1240445	1.0
2965709	1.0
2405162	1.0
2304299	1.0
2641562	1.0
1012074	1.0
2976936	1.0
2712974	1.0
1591661	1.0
2932439	1.0
162781	1.0
3031958	1.0
784657	1.0
1851947	1.0
2622719	1.0
2068617	1.0
2948447	1.0
2844164	1.0
3023783	1.0
2865386	1.0
2941772	1.0
2494656	1.0
1716358	1.0
3026448	1.0
2823999	1.0
3092602	1.0
2614594	1.0
2068031	1.0
392274	1.0
2789890	1.0
3133084	1.0
1714530	1.0
2935236	1.0
1923146	1.0
2367560	1.0
1765258	1.0
2978926	1.0
768425	1.0
24971	1.0
3040768	1.0
1100460	1.0
1129992	1.0
614902	1.0
1487067	1.0
2881488	1.0
2939743	1.0
2973761	1.0
2067419	1.0
3248525	1.0
2648556	1.0
2963997	1.0
127328	1.0
2697348	1.0
3009044	1.0
2587299	1.0
3044739	1.0
1607568	1.0
3000689	1.0
3045045	1.0
389590	1.0
1802432	1.0
2136376	1.0
1970174	1.0
1756502	1.0
2363402	1.0
3054222	1.0
3045486	1.0
2546288	1.0
3085002	1.0
2849122	1.0
750883	1.0
2341851	1.0
2934605	1.0
540603	1.0
2722604	1.0
1940305	1.0
2618385	1.0
1571429	1.0
1662294	1.0
894949	1.0
1471349	1.0
3003877	1.0
3066617	1.0
2687706	1.0
2790078	1.0
1691691	1.0
2431646	1.0
2107725	1.0
297324	1.0
1379796	1.0
3100239	1.0
3026383	1.0
3008103	1.0
2961460	1.0
1708129	1.0
2650894	1.0
1915331	1.0
3144661	1.0
3046678	1.0
1072379	1.0
2701942	1.0
536435	1.0
1234126	1.0
3071835	1.0
3084835	1.0
1223555	1.0
2846307	1.0
2721771	1.0
2755744	1.0
1239020	1.0
2714082	1.0
2663484	1.0
2695422	1.0
1765046	1.0
2300056	1.0
1377765	1.0
2658811	1.0
3041911	1.0
2950280	1.0
1299213	1.0
2493037	1.0
1244341	1.0
2187189	1.0
1393213	1.0
1018715	1.0
1871296	1.0
2652857	1.0
3005839	1.0
1468518	1.0
444010	1.0
2999360	1.0
1079130	1.0
1669743	1.0
2760561	1.0
3012667	1.0
2494762	1.0
3026659	1.0
2690841	1.0
1612147	1.0
2772891	1.0
2488315	1.0
3010779	1.0
3051968	1.0
2438997	1.0
2452132	1.0
870381	1.0
2984155	1.0
1114895	1.0
2085900	1.0
2320954	1.0
3000354	1.0
665159	1.0
1980634	1.0
2966577	1.0
1963738	1.0
2613409	1.0
1627204	1.0
2234125	1.0
2488724	1.0
2471079	1.0
276273	1.0
2182945	1.0
2387114	1.0
1926626	1.0
1543746	1.0
1283796	1.0
2531768	1.0
2705081	1.0
2248145	1.0
2503192	1.0
2547678	1.0
2506429	1.0
2246497	1.0
2767143	1.0
2909481	1.0
3149081	1.0
2874919	1.0
2689523	1.0
2387620	1.0
300632	1.0
2895910	1.0
2951981	1.0
1942077	1.0
2973570	1.0
2407767	1.0
935811	1.0
1299535	1.0
2329151	1.0
2867637	1.0
789924	1.0
2220232	1.0
154804	1.0
1567519	1.0
2434835	1.0
2974028	1.0
2705753	1.0
2716582	1.0
2430532	1.0
1754098	1.0
3216843	1.0
88164	1.0
3025337	1.0
2874108	1.0
1975438	1.0
2672627	1.0
2803043	1.0
2986658	1.0
3058130	1.0
3051662	1.0
2982638	1.0
2077766	1.0
2982129	1.0
3180680	1.0
3144753	1.0
1489222	1.0
508104	1.0
2944004	1.0
1823742	1.0
147266	1.0
3051834	1.0
378914	1.0
1748709	1.0
2921634	1.0
8128	1.0
2862006	1.0
2514172	1.0
2889130	1.0
1341999	1.0
2946117	1.0
2935154	1.0
1934282	1.0
3035739	1.0
415011	1.0
2673063	1.0
2480999	1.0
2585495	1.0
3114120	1.0
1458066	1.0
3036486	1.0
332432	1.0
2972624	1.0
2355387	1.0
2695404	1.0
3081715	1.0
2601830	1.0
2225917	1.0
456591	1.0
173851	1.0
2949792	1.0
3061657	1.0
2913240	1.0
3021129	1.0
2405875	1.0
2898336	1.0
3048184	1.0
497589	1.0
456585	1.0
1751735	1.0
3001562	1.0
18935	1.0
2875711	1.0
182857	1.0
1854178	1.0
3070571	1.0
2953113	1.0
3073203	1.0
1874856	1.0
497116	1.0
529748	1.0
3008240	1.0
2482564	1.0
2341946	1.0
1244991	1.0
1891887	1.0
1096189	1.0
2959513	1.0
1410131	1.0
2343219	1.0
1667603	1.0
2954562	1.0
2101019	1.0
3131968	1.0
642705	1.0
3057026	1.0
2964633	1.0
2368882	1.0
2873741	1.0
2645537	1.0
2985822	1.0
3035967	1.0
2258800	1.0
2708586	1.0
2910538	1.0
2899900	1.0
2322108	1.0
852560	1.0
2523137	1.0
3118630	1.0
2169831	1.0
1758141	1.0
1206608	1.0
2569296	1.0
3200042	1.0
2722996	1.0
3023110	1.0
3030956	1.0
2922140	1.0
2135105	1.0
2382467	1.0
2687458	1.0
1379210	1.0
2704966	1.0
2676917	1.0
1216397	1.0
2447280	1.0
2211358	1.0
618540	1.0
296307	1.0
2915758	1.0
2023725	1.0
2722776	1.0
3061226	1.0
2976316	1.0
3115576	1.0
3047408	1.0
1543175	1.0
2984556	1.0
1863822	1.0
3150534	1.0
2977033	1.0
3072611	1.0
1224013	1.0
1266282	1.0
2203808	1.0
1336873	1.0
3076843	1.0
299614	1.0
1055849	1.0
2704428	1.0
3147625	1.0
2170722	1.0
509929	1.0
2663435	1.0
2641754	1.0
2301274	1.0
1780785	1.0
2898992	1.0
3050570	1.0
966850	1.0
2972435	1.0
2039020	1.0
1856786	1.0
2747985	1.0
3141995	1.0
3064618	1.0
259116	1.0
1007766	1.0
386037	1.0
2772046	1.0
3189014	1.0
1731558	1.0
2873903	1.0
2028037	1.0
2637353	1.0
2749269	1.0
2698605	1.0
2024679	1.0
3024168	1.0
1649251	1.0
2694732	1.0
2870932	1.0
1860652	1.0
2209006	1.0
2974842	1.0
2994751	1.0
979155	1.0
2758450	1.0
2644496	1.0
2566415	1.0
2748499	1.0
3006359	1.0
3023709	1.0
2756583	1.0
2597545	1.0
2622211	1.0
1235482	1.0
1434710	1.0
1858638	1.0
3205638	1.0
2079977	1.0
2215520	1.0
2854100	1.0
10774	1.0
2659252	1.0
2123597	1.0
1838375	1.0
3003910	1.0
2935887	1.0
2431418	1.0
2711534	1.0
2066219	1.0
2086147	1.0
1265177	1.0
2521075	1.0
1915598	1.0
2183542	1.0
2989088	1.0
3099191	1.0
3067135	1.0
3005279	1.0
3012136	1.0
2931026	1.0
818682	1.0
3028554	1.0
87053	1.0
3146001	1.0
1807671	1.0
3132932	1.0
2680981	1.0
2401224	1.0
2791301	1.0
2518562	1.0
2051391	1.0
3020555	1.0
1987609	1.0
3007708	1.0
2696252	1.0
2880038	1.0
1422867	1.0
2680181	1.0
2216938	1.0
2346892	1.0
2764620	1.0
2762533	1.0
1862426	1.0
2427664	1.0
247635	1.0
2151136	1.0
2979099	1.0
2774269	1.0
2633613	1.0
864363	1.0
3033047	1.0
1912064	1.0
2862634	1.0
2259274	1.0
2847034	1.0
2384397	1.0
3084919	1.0
2767869	1.0
1905507	1.0
2558833	1.0
2602228	1.0
1020074	1.0
341605	1.0
3139709	1.0
958705	1.0
1844242	1.0
582659	1.0
1775376	1.0
588766	1.0
2331301	1.0
2934961	1.0
3129710	1.0
2593235	1.0
2677459	1.0
1089848	1.0
3082458	1.0
1933986	1.0
2976609	1.0
530075	1.0
2667644	1.0
2914346	1.0
2919710	1.0
1853315	1.0
1146714	1.0
2118530	1.0
577687	1.0
2746700	1.0
362948	1.0
2333607	1.0
2434798	1.0
505897	1.0
1825994	1.0
508089	1.0
3018556	1.0
2220687	1.0
2943342	1.0
2070864	1.0
1160422	1.0
1394240	1.0
3185520	1.0
3019238	1.0
2676655	1.0
2189592	1.0
423852	1.0
3024803	1.0
535053	1.0
2046054	1.0
1715443	1.0
1949964	1.0
1095662	1.0
2071753	1.0
2858344	1.0
1760166	1.0
3065119	1.0
2060071	1.0
474034	1.0
2966591	1.0
1164903	1.0
2868954	1.0
2152876	1.0
2938167	1.0
1120726	1.0
1406379	1.0
829955	1.0
3035326	1.0
2687180	1.0
2540547	1.0
2726386	1.0
1615116	1.0
2855426	1.0
3029253	1.0
2851923	1.0
1263925	1.0
3061856	1.0
3040701	1.0
753606	1.0
1205066	1.0
2283418	1.0
3174300	1.0
2883121	1.0
339155	1.0
2399800	1.0
3077988	1.0
2303187	1.0
2840939	1.0
2982235	1.0
2075647	1.0
1030603	1.0
864672	1.0
1202195	1.0
2269868	1.0
2817326	1.0
2096434	1.0
3045123	1.0
1548042	1.0
1448601	1.0
2561541	1.0
814917	1.0
2930898	1.0
2092377	1.0
975596	1.0
736877	1.0
1108687	1.0
2548999	1.0
2954968	1.0
497040	1.0
2919820	1.0
2955057	1.0
1270494	1.0
3052789	1.0
99580	1.0
1074505	1.0
1924300	1.0
2305385	1.0
3084002	1.0
713832	1.0
2111206	1.0
3161957	1.0
2281883	1.0
3053878	1.0
2876352	1.0
3070201	1.0
2761222	1.0
2961555	1.0
2041954	1.0
1733327	1.0
931066	1.0
2957422	1.0
2999128	1.0
2835940	1.0
954428	1.0
1055263	1.0
2448899	1.0
1796343	1.0
2983811	1.0
2789185	1.0
2837335	1.0
2729906	1.0
