1
3
4
5
9
10
12
14
16
17
21
23
24
26
27
30
31
34
35
36
37
39
42
43
45
47
48
50
51
52
57
61
63
65
66
70
72
76
80
81
82
83
84
90
91
92
93
96
99
101
104
106
108
109
111
112
114
121
124
127
128
129
132
134
135
138
139
147
149
150
151
154
155
156
157
159
160
162
164
169
170
172
177
184
186
189
191
192
193
195
197
199
208
219
220
222
226
227
229
230
233
236
239
242
243
245
247
249
259
263
268
271
272
276
277
278
279
282
284
286
288
289
290
296
298
300
306
308
309
310
311
314
317
319
325
327
328
335
339
342
345
352
355
360
365
366
369
370
380
383
385
387
390
391
392
393
394
396
397
401
405
408
411
412
416
418
425
427
435
439
443
444
445
448
449
450
455
456
457
458
461
463
466
468
469
470
472
473
480
487
488
492
494
496
497
501
503
506
507
508
510
512
515
529
531
534
536
538
539
540
541
542
545
546
551
554
560
565
570
572
573
579
587
591
595
597
603
607
609
610
611
612
616
620
621
623
624
626
630
633
639
641
642
647
662
667
668
669
671
673
676
682
684
687
690
693
694
698
705
706
711
712
718
719
721
725
730
743
750
755
761
764
769
779
785
787
789
794
797
802
820
823
824
829
834
843
844
845
850
859
870
874
876
899
907
908
910
912
913
916
923
924
925
937
943
944
946
947
948
959
967
981
988
989
991
998
999
1000
1001
1007
1010
1011
1012
1013
1018
1030
1032
1045
1046
1047
1051
1053
1073
1081
1085
1097
1099
1104
1111
1114
1115
1117
1121
1122
1125
1129
1132
1133
1135
1140
1148
1151
1157
1158
1163
1170
1171
1172
1173
1175
1180
1182
1183
1185
1187
1191
1197
1200
1208
1215
1218
1221
1225
1228
1231
1235
1240
1241
1254
1262
1267
1279
1282
1283
1290
1301
1305
1308
1310
1311
1313
1317
1319
1323
1324
1329
1334
1339
1341
1345
1347
1349
1353
1356
1366
1368
1385
1412
1418
1420
1426
1429
1434
1443
1446
1462
1464
1466
1468
1475
1488
1489
1499
1514
1521
1523
1525
1528
1529
1530
1538
1544
1546
1550
1551
1561
1564
1591
1599
1609
1610
1614
1616
1618
1628
1631
1649
1677
1694
1698
1699
1701
1715
1723
1724
1725
1727
1729
1736
1746
1750
1759
1767
1773
1778
1779
1781
1783
1788
1789
1791
1799
1807
1809
1812
1813
1815
1816
1817
1821
1824
1835
1838
1840
1841
1842
1847
1849
1858
1859
1868
1890
1911
1913
1930
1951
1952
1958
1962
1965
1974
1981
1985
1990
1991
2004
2006
2012
2023
2026
2027
2032
2040
2043
2050
2051
2056
2063
2075
2076
2088
2095
2096
2101
2112
2119
2125
2127
2129
2131
2132
2133
2136
2152
2156
2171
2175
2176
2188
2196
2214
2215
2216
2224
2228
2229
2232
2234
2241
2248
2252
2259
2261
2263
2271
2277
2278
2280
2282
2284
2287
2290
2295
2298
2299
2300
2303
2316
2317
2323
2325
2328
2329
2334
2336
2338
2345
2346
2347
2351
2367
2371
2381
2401
2409
2414
2435
2453
2458
2462
2468
2469
2470
2478
2495
2503
2504
2518
2538
2552
2553
2560
2565
2566
2573
2581
2582
2589
2597
2599
2604
2613
2619
2620
2629
2633
2645
2660
2668
2670
2672
2684
2693
2703
2708
2709
2716
2724
2732
2737
2741
2742
2749
2753
2757
2761
2763
2766
2767
2778
2783
2785
2787
2789
2802
2827
2828
2843
2848
2851
2852
2858
2859
2867
2870
2873
2877
2879
2884
2887
2897
2900
2925
2926
2936
2937
2943
2949
2953
2961
2962
2965
2971
2979
2985
2987
2989
2996
2997
3025
3028
3033
3034
3075
3086
3087
3099
3102
3105
3110
3111
3113
3139
3141
3142
3143
3151
3154
3155
3167
3169
3171
3174
3175
3179
3185
3187
3192
3195
3201
3209
3211
3212
3213
3216
3220
3226
3227
3232
3241
3243
3250
3253
3266
3273
3277
3282
3284
3296
3299
3303
3308
3309
3310
3313
3332
3338
3348
3349
3358
3359
3371
3390
3392
3403
3405
3406
3408
3412
3417
3420
3426
3429
3438
3444
3447
3450
3463
3464
3467
3471
3474
3478
3482
3483
3490
3492
3508
3510
3514
3526
3529
3536
3543
3552
3553
3567
3577
3578
3582
3600
3604
3610
3614
3617
3624
3633
3636
3640
3661
3662
3671
3676
3689
3696
3702
3706
3717
3718
3721
3724
3734
3737
3740
3742
3743
3745
3747
3760
3773
3775
3776
3777
3778
3782
3784
3785
3786
3787
3788
3792
3794
3800
3806
3807
3808
3819
3825
3831
3837
3839
3849
3851
3854
3855
3856
3857
3858
3860
3863
3866
3867
3868
3873
3876
3879
3885
3890
3892
3896
3897
3899
3903
3904
3905
3906
3918
3931
3932
3943
3944
3946
3948
3950
3951
3954
3956
3959
3964
3967
3968
3975
3978
3983
3988
3989
3991
3995
4002
4003
4005
4007
4010
4015
4016
4017
4026
4029
4030
4032
4045
4051
4059
4069
4087
4093
4095
4097
4098
4105
4106
4107
4114
4115
4118
4121
4130
4135
4136
4152
4162
4167
4171
4174
4188
4189
4190
4196
4203
4208
4211
4262
4276
4294
4299
4308
4318
4324
4345
4347
4350
4358
4372
4382
4389
4391
4393
4398
4399
4400
4402
4403
4415
4418
4419
4425
4427
4433
4435
4437
4438
4443
4454
4456
4459
4483
4490
4500
4505
4508
4509
4511
4518
4524
4525
4526
4527
4530
4531
4532
4538
4541
4544
4547
4549
4552
4553
4555
4558
4560
4562
4563
4566
4567
4572
4573
4579
4582
4584
4587
4589
4590
4595
4596
4599
4600
4604
4608
4611
4613
4618
4621
4622
4639
4640
4642
4644
4647
4649
4653
4655
4657
4658
4661
4664
4667
4669
4670
4671
4675
4677
4680
4681
4684
4693
4696
4698
4702
4703
4705
4707
4710
4712
4714
4715
4717
4718
4730
4733
4736
4738
4740
4742
4746
4748
4750
4756
4761
4763
4773
4775
4777
4781
4784
4789
4794
4816
4817
4822
4824
4831
4839
4841
4843
4849
4857
4877
4884
4886
4889
4893
4901
4904
4909
4910
4916
4918
4920
4921
4922
4923
4928
4932
4940
4942
4959
4961
4965
4983
4987
4990
4991
4993
4995
4996
4999
5002
5015
5016
5020
5022
5027
5028
5034
5038
5043
5044
5049
5051
5052
5057
5064
5065
5075
5079
5093
5102
5108
5110
5111
5123
5125
5137
5141
5145
5147
5148
5149
5155
5167
5168
5176
5179
5187
5198
5200
5203
5213
5214
5222
5223
5229
5240
5258
5259
5273
5277
5295
5302
5309
5311
5322
5324
5329
5330
5332
5334
5335
5343
5349
5350
5351
5352
5356
5358
5365
5368
5370
5375
5381
5383
5389
5392
5394
5397
5399
5403
5406
5413
5415
5417
5420
5422
5423
5425
5427
5430
5432
5434
5436
5437
5439
5441
5446
5447
5450
5451
5452
5454
5455
5458
5463
5464
5469
5481
5483
5484
5490
5493
5494
5499
5500
5502
5505
5507
5508
5511
5515
5516
5517
5519
5524
5525
5526
5528
5529
5531
5532
5533
5534
5535
5541
5552
5553
5557
5558
5560
5561
5563
5568
5571
5574
5579
5584
5588
5590
5593
5594
5595
5596
5597
5605
5606
5607
5612
5615
5621
5624
5626
5629
5635
5641
5644
5649
5655
5657
5668
5670
5671
5673
5674
5675
5679
5684
5685
5686
5687
5692
5696
5697
5698
5699
5700
5703
5705
5708
5709
5719
5722
5723
5724
5727
5729
5732
5734
5735
5739
5741
5742
5743
5748
5749
5753
5755
5759
5761
5766
5769
5773
5780
5783
5787
5792
5800
5807
5814
5825
5826
5829
5830
5839
5842
5845
5846
5850
5855
5863
5865
5869
5873
5876
5882
5883
5897
5900
5909
5910
5911
5916
5921
5924
5926
5932
5936
5943
5947
5953
5954
5956
5961
5964
5967
5975
5976
5979
5981
5988
5990
6001
6002
6008
6009
6012
6016
6017
6021
6022
6027
6035
6036
6047
6049
6052
6053
6055
6059
6061
6062
6064
6068
6071
6075
6081
6083
6092
6093
6096
6097
6104
6111
6118
6126
6127
6131
6135
6142
6144
6146
6148
6151
6152
6157
6160
6164
6168
6171
6175
6180
6193
6196
6201
6205
6207
6213
6215
6219
6223
6227
6230
6231
6233
6234
6237
6238
6239
6240
6243
6247
6248
6252
6254
6256
6257
6258
6260
6261
6264
6272
6273
6275
6284
6289
6290
6292
6301
6302
6307
6308
6316
6319
6323
6325
6331
6332
6333
6334
6335
6337
6339
6341
6347
6348
6352
6353
6354
6357
6361
6362
6363
6366
6370
6399
6400
6415
6426
6428
6431
6443
6447
6455
6460
6464
6472
6473
6478
6479
6484
6486
6490
6491
6492
6496
6498
6500
6502
6505
6506
6507
6509
6513
6514
6516
6517
6519
6520
6523
6527
6529
6534
6535
6536
6541
6545
6555
6558
6559
6568
6572
6573
6575
6576
6578
6584
6585
6588
6590
6592
6599
6601
6602
6604
6605
6615
6617
6619
6621
6625
6626
6630
6632
6638
6640
6641
6649
6651
6658
6673
6674
6675
6678
6679
6687
6691
6697
6698
6699
6704
6711
6712
6715
6717
6718
6721
6726
6731
6732
6734
6735
6747
6753
6755
6761
6762
6763
6766
6768
6769
6770
6782
6784
6786
6790
6791
6792
6794
6798
6800
6807
6809
6816
6817
6840
6841
6843
6845
6846
6847
6854
6856
6858
6862
6867
6870
6872
6876
6888
6893
6898
6903
6910
6926
6927
6930
6932
6934
6940
6943
6944
6946
6947
6948
6949
6950
6954
6961
6963
6971
6972
6974
6980
6981
6984
6986
6988
6989
6993
7014
7016
7019
7024
7028
7030
7039
7040
7043
7045
7048
7049
7051
7052
7057
7064
7065
7070
7073
7080
7083
7085
7086
7087
7096
7102
7103
7105
7109
7110
7111
7113
7115
7125
7126
7128
7135
7139
7140
7145
7146
7147
7148
7154
7155
7156
7162
7167
7174
7175
7179
7180
7181
7184
7185
7186
7188
7191
7192
7193
7194
7196
7207
7209
7210
7211
7212
7213
7214
7215
7219
7226
7235
7236
7239
7241
7242
7249
7250
7253
7255
7256
7258
7260
7263
7264
7266
7267
7273
7274
7276
7279
7280
7283
7284
7287
7290
7293
7294
7295
7305
7306
7307
7310
7311
7314
7315
7316
7320
7321
7322
7334
7336
7338
7343
7344
7345
7347
7348
7350
7352
7353
7354
7355
7357
7358
7367
7369
7370
7372
7374
7375
7376
7377
7380
7381
7385
7386
7387
7388
7389
7390
7391
7392
7393
7394
7396
7397
7402
7405
7407
7408
7410
7413
7414
7415
7418
7419
7428
7431
7433
7436
7437
7439
7440
7441
7442
7452
7457
7463
7466
7468
7479
7484
7486
7489
7493
7494
7498
7500
7501
7503
7504
7505
7508
7512
7513
7515
7516
7520
7521
7523
7527
7530
7534
7535
7536
7537
7540
7544
7548
7552
7554
7558
7560
7561
7562
7564
7565
7566
7571
7573
7576
7578
7582
7584
7586
7589
7592
7594
7606
7618
7619
7626
7628
7631
7633
7635
7638
7644
7645
7654
7660
7664
7667
7669
7674
7684
7690
7696
7702
7703
7706
7707
7713
7718
7724
7735
7741
7742
7748
7749
7752
7759
7762
7766
7768
7769
7770
7772
7774
7775
7776
7777
7779
7780
7781
7782
7786
7787
7788
7789
7791
7795
7796
7797
7798
7800
7801
7807
7808
7809
7810
7811
7812
7814
7816
7817
7821
7823
7825
7827
7831
7832
7833
7835
7836
7837
7838
7839
7840
7843
7854
7855
7856
7857
7858
7859
7861
7865
7866
7867
7868
7869
7872
7876
7877
7878
7879
7880
7896
7897
7901
7907
7909
7911
7919
7920
7924
7925
7928
7929
7932
7935
7937
7939
7943
7944
7945
7946
7957
7958
7961
7963
7964
7968
7979
7984
7985
7988
7989
7993
7994
7996
8002
8006
8014
8017
8022
8026
8027
8030
8033
8039
8040
8041
8044
8046
8047
8050
8058
8059
8062
8069
8072
8085
8088
8090
8096
8098
8102
8113
8115
8117
8120
8124
8126
8129
8131
8132
8134
8136
8138
8143
8147
8151
8155
8187
8197
8201
8203
8206
8216
8226
8227
8231
8233
8234
8237
8239
8243
8245
8247
8248
8251
8253
8257
8272
8276
8278
8279
8280
8284
8287
8291
8292
8293
8294
8297
8298
8299
8300
8301
8304
8307
8308
8310
8311
8312
8318
8319
8322
8324
8328
8330
8334
8340
8341
8342
8347
8350
8351
8352
8353
8359
8360
8361
8362
8364
8365
8366
8374
8375
8377
8381
8383
8384
8385
8386
8387
8389
8392
8394
8400
8404
8406
