1006400	2
1007766	2
1018720	2
1020074	2
1030603	2
1036859	2
1055537	2
107003	2
1070812	2
1072379	2
10755	2
1076908	2
1102224	2
1110206	2
1114264	2
1114895	2
1118058	2
1120726	2
11217	2
1129992	2
115697	2
1160	2
1160422	2
1180575	2
11812	2
1184914	2
1185504	2
1187903	2
119086	2
1190935	2
1195398	2
1197400	2
1205115	2
1206608	2
1207900	2
1216397	2
1217335	2
1228554	2
1235482	2
1242153	2
1243696	2
1244341	2
1247796	2
1255622	2
1266282	2
1269468	2
1270494	2
127328	2
1280240	2
1283123	2
1290273	2
1292461	2
1298046	2
1299535	2
1309734	2
1326539	2
1326541	2
1326850	2
1333886	2
1355107	2
1355486	2
1357034	2
1367233	2
1377765	2
1379796	2
1381745	2
1386663	2
1391946	2
1403297	2
1410131	2
1414006	2
1414771	2
1422044	2
1429610	2
1431462	2
1442424	2
1448601	2
1457349	2
1465915	2
1467013	2
1468518	2
1474297	2
1477026	2
1479626	2
1488706	2
1489222	2
14992	2
1535748	2
1543175	2
155822	2
1560823	2
1567003	2
1567495	2
1569422	2
1582354	2
1586454	2
1587118	2
1591661	2
1593811	2
1608673	2
1608835	2
1615244	2
1620220	2
1623797	2
1627204	2
1640734	2
1642751	2
1651438	2
1667603	2
1668050	2
1668346	2
1671984	2
1680440	2
1693265	2
1696907	2
1700237	2
1708621	2
1710849	2
1725884	2
1730147	2
1731558	2
1733327	2
1737248	2
1739247	2
1739694	2
1739766	2
1748709	2
175330	2
1754435	2
1760166	2
1761777	2
1764600	2
1765046	2
1765258	2
1765861	2
1768957	2
1769367	2
1778232	2
1793165	2
1793716	2
1800126	2
1802432	2
1808504	2
1810841	2
1813386	2
1815536	2
1818251	2
1825994	2
1827288	2
1828914	2
1831916	2
18329	2
1835201	2
1842503	2
1848699	2
1853471	2
1860699	2
1862426	2
1863094	2
1865007	2
1867195	2
1867642	2
1872431	2
1873762	2
1874856	2
1891887	2
1905932	2
1907550	2
1909129	2
1909965	2
1912055	2
1915331	2
1915712	2
1917815	2
1918805	2
1926626	2
1929319	2
1933986	2
1944166	2
1946186	2
1949371	2
1949964	2
1958190	2
1963738	2
1964497	2
1966714	2
1969391	2
1970676	2
1973048	2
1977816	2
1981785	2
1982218	2
1985733	2
1991139	2
1993339	2
1994996	2
1995199	2
1995834	2
1997609	2
2010179	2
2013031	2
2018313	2
2018581	2
2025357	2
2029871	2
20445	2
2047945	2
2048589	2
2049709	2
2051149	2
2051391	2
2051472	2
2055377	2
2056832	2
2057142	2
2061239	2
2061768	2
2064210	2
2067419	2
2067556	2
2069481	2
2069518	2
2070586	2
2070864	2
2071452	2
2076272	2
2077766	2
2092377	2
20953	2
2101019	2
2103376	2
2107	2
2111206	2
2114271	2
2115380	2
2117328	2
2123597	2
2125765	2
2134636	2
2135281	2
2137674	2
2138043	2
2140095	2
2142240	2
2144331	2
2151136	2
2152876	2
2160099	2
2168241	2
2169831	2
2170258	2
2173909	2
2176257	2
2182945	2
2183204	2
2184290	2
2186301	2
2189592	2
2195724	2
2207024	2
2211358	2
2211476	2
2213104	2
2216468	2
2216938	2
2217056	2
2219468	2
2221053	2
2227481	2
2229640	2
2230516	2
2231480	2
2234125	2
2234423	2
2234513	2
2240784	2
224099	2
2246497	2
2253038	2
2254242	2
2254252	2
2259274	2
2259480	2
2265781	2
2269381	2
2274298	2
2276884	2
2276926	2
2279141	2
2279306	2
2281726	2
2288404	2
2289978	2
2294757	2
2294980	2
2295927	2
2296234	2
2300056	2
2305385	2
2307550	2
230875	2
2309384	2
2313942	2
2316382	2
2317432	2
2328053	2
2331249	2
2332346	2
2335875	2
2338104	2
2340362	2
2341946	2
2343219	2
2344545	2
235430	2
2355387	2
2362668	2
2363402	2
2366482	2
2367560	2
2367671	2
237218	2
2376545	2
2386493	2
2387719	2
2395982	2
2398593	2
2400113	2
2402136	2
2405163	2
2412944	2
2422710	2
2422739	2
2427664	2
2431418	2
2434254	2
2434502	2
2434798	2
2434835	2
2435996	2
2436939	2
2438997	2
2440757	2
2442049	2
2445095	2
2445813	2
2448899	2
2449388	2
2452132	2
2461165	2
2462532	2
2464729	2
2469080	2
2471079	2
2473840	2
2476566	2
2482564	2
2483567	2
2486060	2
2487377	2
2494762	2
2499687	2
2512862	2
2517549	2
2518342	2
2522763	2
2525457	2
2540547	2
254407	2
2554040	2
25564	2
2558833	2
2561541	2
2569651	2
2574207	2
2585495	2
2587299	2
2593198	2
2593235	2
2594774	2
2597545	2
2604378	2
2609503	2
2613409	2
2618385	2
2619962	2
2621869	2
2626948	2
2628465	2
2630366	2
2637353	2
2640107	2
2641562	2
2644430	2
2644496	2
2649959	2
2650894	2
2652857	2
2654981	2
265796	2
2659252	2
2663435	2
2663695	2
2665749	2
2672247	2
2672627	2
2673063	2
2674084	2
2676917	2
2677459	2
2680181	2
2682710	2
2682941	2
2685296	2
2686792	2
2687180	2
268724	2
2687539	2
2689523	2
2695422	2
2698653	2
2699850	2
2700823	2
2701942	2
2703472	2
2705081	2
2707015	2
2708401	2
2708586	2
2708708	2
2711134	2
2711534	2
2712324	2
2713035	2
2714082	2
2715564	2
2716031	2
2718587	2
2721771	2
2722776	2
2723650	2
2730506	2
2730585	2
2747985	2
2748349	2
2751771	2
2756583	2
2762725	2
276273	2
2763455	2
2763662	2
2764450	2
2766973	2
2767869	2
2767913	2
27682	2
2769664	2
2770790	2
2774269	2
2777391	2
2779941	2
2785678	2
2805786	2
2811350	2
281578	2
2817326	2
2820656	2
2822009	2
2830796	2
2833808	2
2835940	2
2836703	2
2839719	2
2840167	2
2840897	2
284262	2
2847034	2
2854100	2
2855426	2
285549	2
286107	2
2865386	2
2867637	2
2873903	2
2874919	2
2880089	2
2881488	2
2881702	2
2883121	2
2885071	2
2889081	2
2890062	2
2898336	2
2899725	2
2908085	2
290879	2
2909456	2
2909481	2
2913071	2
2913240	2
291412	2
2914346	2
2914992	2
2915758	2
2915832	2
2916080	2
2919094	2
2919820	2
2921857	2
2922140	2
292593	2
2927065	2
2927094	2
2927183	2
2931441	2
2932439	2
2934605	2
2934901	2
2935154	2
2935887	2
2938167	2
2940357	2
2940804	2
294106	2
2941639	2
2943213	2
2948025	2
294818	2
2948447	2
2949792	2
2953120	2
295323	2
2954525	2
2955048	2
2956002	2
2959275	2
2959720	2
2961460	2
296307	2
2963947	2
2964258	2
2964633	2
2966120	2
2968161	2
2972435	2
2972624	2
2972918	2
2973570	2
2974028	2
2974497	2
2974842	2
2975594	2
2976609	2
2978926	2
2979099	2
2982129	2
2982235	2
2985999	2
2987441	2
2987592	2
2989274	2
2990427	2
2995761	2
2996448	2
2997536	2
2997764	2
2997811	2
2998211	2
2999360	2
2999564	2
3000354	2
3001529	2
3001562	2
3003910	2
3005347	2
3005740	2
3005823	2
3006429	2
3007384	2
3007846	2
3008153	2
3008240	2
3009795	2
3012479	2
3013073	2
3013513	2
3014303	2
3014361	2
3015453	2
3017938	2
3019238	2
3019356	2
3019830	2
3022685	2
3023028	2
3023353	2
3024168	2
3025311	2
3026383	2
3027101	2
3028554	2
3029253	2
3030956	2
3034050	2
3034378	2
3035326	2
3035698	2
3035739	2
3035967	2
3036052	2
3036486	2
3037382	2
3037384	2
3037722	2
3038308	2
3040701	2
3041546	2
3041791	2
3042287	2
3042725	2
3043041	2
3043099	2
3043265	2
3043438	2
3045123	2
3045486	2
3045645	2
3047413	2
3048377	2
3048697	2
3050293	2
3051080	2
3051662	2
3051968	2
3053092	2
3054222	2
3055573	2
3056907	2
3057747	2
3058131	2
3058409	2
3059220	2
3060964	2
3061657	2
3061856	2
3062400	2
3063667	2
3065102	2
3066617	2
3067135	2
3070106	2
3070579	2
3072016	2
3072185	2
3072462	2
3072611	2
3073203	2
3073409	2
3073975	2
3075389	2
3075731	2
3075954	2
3076843	2
3077988	2
3078012	2
3081640	2
3081715	2
3081729	2
3082860	2
3083225	2
3084002	2
3084759	2
3084902	2
3084919	2
3085148	2
3085247	2
3092602	2
3094831	2
3097466	2
3098376	2
3098809	2
3099025	2
3100155	2
3100239	2
3102116	2
3102541	2
3103043	2
3112803	2
3113453	2
3113701	2
3113777	2
3113924	2
3114120	2
3115657	2
3116522	2
3116760	2
3118810	2
3121935	2
3127726	2
3127976	2
3128007	2
3128726	2
3129710	2
3131756	2
3131769	2
3131832	2
3131968	2
3132553	2
3132867	2
3133084	2
3133288	2
3133673	2
3134140	2
3139709	2
3141054	2
3141479	2
3141683	2
3142991	2
314322	2
3144753	2
3145299	2
3145452	2
3145702	2
3146001	2
3146844	2
3147616	2
3147634	2
3147853	2
3150094	2
3150464	2
3150699	2
3153100	2
3155317	2
3155503	2
3156741	2
3158414	2
3158993	2
3161266	2
3161957	2
3164874	2
3166212	2
3168137	2
3168573	2
3168757	2
3169398	2
3169823	2
3171786	2
3173828	2
3174300	2
3174922	2
3175111	2
3176666	2
3180410	2
3181290	2
3185520	2
3186284	2
3187015	2
3189014	2
3189058	2
3190623	2
3190706	2
3192469	2
3198783	2
3200042	2
3213074	2
3220795	2
3220825	2
322934	2
3233245	2
3239568	2
3243305	2
3248525	2
3249154	2
324945	2
3252868	2
3271199	2
3281405	2
3298383	2
332432	2
3358229	2
339155	2
34093	2
341127	2
350159	2
358288	2
358862	2
367938	2
368399	2
368951	2
369227	2
377450	2
378914	2
385876	2
386037	2
389345	2
389590	2
389756	2
392274	2
397162	2
415011	2
425138	2
426070	2
429791	2
438371	2
438732	2
450585	2
456591	2
465645	2
465997	2
474034	2
488748	2
49670	2
497040	2
510066	2
511259	2
515332	2
521478	2
5224	2
52293	2
523881	2
525378	2
525982	2
527862	2
529748	2
535053	2
536435	2
53906	2
540603	2
543439	2
554347	2
559281	2
578169	2
582659	2
585088	2
588766	2
5901	2
590857	2
600908	2
605090	2
612588	2
614902	2
626438	2
627716	2
630139	2
637273	2
640332	2
646213	2
646248	2
65169	2
666270	2
676818	2
706166	2
707182	2
709954	2
716731	2
724088	2
732293	2
739636	2
748173	2
748193	2
748393	2
759440	2
761038	2
767394	2
776464	2
778156	2
805269	2
805883	2
829955	2
839747	2
842626	2
848313	2
859379	2
864363	2
876616	2
883069	2
886358	2
895089	2
90048	2
908211	2
911456	2
931873	2
943865	2
945590	2
951205	2
955975	2
958705	2
966070	2
971478	2
979155	2
981192	2
98142	2
987335	2
994081	2
1006357	1
1008398	1
1008604	1
1011859	1
1012074	1
1014228	1
101517	1
1015598	1
1021985	1
10234	1
1025402	1
1025981	1
1026972	1
1031498	1
1036273	1
1036526	1
1044968	1
1047193	1
1060020	1
1063397	1
1064556	1
1067745	1
1069278	1
1071141	1
1074876	1
1077096	1
1084966	1
1086683	1
10911	1
1092315	1
10924	1
1099339	1
1099579	1
1101078	1
1103187	1
1103407	1
1105657	1
1107585	1
1107679	1
1108687	1
1112296	1
1117370	1
1128483	1
1128912	1
1135082	1
1138453	1
1140444	1
1142781	1
1144895	1
1146189	1
1147168	1
114810	1
1152260	1
1153781	1
115483	1
1160270	1
1161944	1
1163639	1
1165657	1
1170240	1
1171100	1
1171514	1
1174464	1
1177493	1
1178225	1
1179824	1
1179834	1
1179845	1
118847	1
1194785	1
1199207	1
1201223	1
1203788	1
1206212	1
12070	1
1219873	1
1224013	1
122781	1
1228133	1
1233123	1
1233781	1
1234998	1
1235322	1
1236623	1
1251546	1
1258169	1
1259565	1
1261445	1
1263303	1
1266162	1
1267224	1
1269998	1
1271173	1
1281236	1
1281432	1
1283712	1
1284457	1
1285091	1
128625	1
1287305	1
1288090	1
128831	1
12890	1
1292934	1
1295785	1
1298816	1
1302024	1
1302945	1
1305026	1
1306548	1
1308156	1
1310056	1
131162	1
1313387	1
1313391	1
1314038	1
1316816	1
1318278	1
1318299	1
131837	1
1318418	1
1321030	1
1321550	1
13220	1
1333683	1
1335461	1
1337944	1
1338915	1
1342386	1
1343910	1
1344022	1
1345893	1
1347615	1
1349976	1
1353202	1
1360758	1
1361539	1
1363995	1
1371209	1
1371549	1
1373182	1
1375539	1
1376103	1
1382448	1
1384178	1
1385645	1
1387387	1
1391176	1
1392972	1
1399676	1
1401464	1
1405314	1
1407455	1
1411309	1
1413816	1
1419756	1
1421002	1
1424448	1
1425426	1
1432607	1
1432916	1
1436622	1
1440082	1
1440503	1
1441026	1
1443668	1
1447040	1
1449004	1
1454670	1
1456383	1
1456766	1
1457909	1
147121	1
1478625	1
1487476	1
1487922	1
1496949	1
1507205	1
1511876	1
1513952	1
1514694	1
1516939	1
1518942	1
1519876	1
1525552	1
1527272	1
1527950	1
1531420	1
1532285	1
1533008	1
1533502	1
1534846	1
1540820	1
1544211	1
154990	1
1557770	1
15622	1
1564663	1
1565761	1
15683	1
1568827	1
1575659	1
1578611	1
1587682	1
1588308	1
1591010	1
1598439	1
1602013	1
1602363	1
1604604	1
1610652	1
1612147	1
1612243	1
1614437	1
1615120	1
1615859	1
1621685	1
162210	1
1623495	1
1625522	1
1627366	1
1630572	1
1631973	1
1636847	1
163787	1
1638205	1
1638381	1
1638919	1
1646228	1
164693	1
1649643	1
1650056	1
1652832	1
1655091	1
1655553	1
1661596	1
1674001	1
1679591	1
1681521	1
1687462	1
1692500	1
1696301	1
1697720	1
1698553	1
16993	1
1700032	1
1701134	1
1701853	1
1702282	1
1702392	1
1703802	1
1706901	1
1707185	1
1712895	1
1713563	1
1718383	1
1719817	1
1722357	1
1727626	1
1730180	1
1731037	1
1731547	1
1732952	1
1733153	1
1734254	1
1742405	1
1742890	1
1743838	1
1745248	1
1745462	1
1745824	1
1746038	1
1746283	1
1746445	1
1749391	1
174942	1
1751590	1
1754227	1
1754707	1
1755236	1
1755521	1
1756140	1
1757050	1
1759633	1
1760992	1
1761757	1
1762367	1
1766429	1
1772202	1
1772386	1
1772755	1
1773551	1
1773657	1
1779585	1
1784913	1
1785603	1
1786833	1
1787804	1
1788733	1
1789196	1
17893	1
1792239	1
1794277	1
1794582	1
1795443	1
1797864	1
1800274	1
180177	1
1801912	1
1804534	1
1807657	1
1809607	1
1810689	1
1810737	1
1811825	1
1814172	1
1816907	1
1818035	1
1818795	1
1820298	1
1822168	1
1826998	1
1828877	1
1829358	1
1830474	1
1831949	1
1834967	1
1835459	1
1835631	1
1835813	1
1837982	1
1839604	1
1841165	1
1843078	1
1843516	1
1847089	1
1850332	1
1852632	1
1855497	1
1856028	1
1857630	1
1857742	1
1858230	1
1859852	1
1861542	1
1863274	1
1863786	1
1864020	1
1864536	1
1865242	1
1866744	1
1866874	1
1867271	1
1868031	1
1868130	1
1868733	1
1869719	1
1870481	1
1870939	1
1871296	1
1873258	1
1874345	1
1876231	1
1877539	1
1880799	1
1883757	1
1883862	1
1886901	1
1888392	1
1901633	1
1902485	1
1905987	1
19068	1
1908045	1
1908920	1
1909271	1
1911707	1
1914214	1
1914935	1
1915508	1
1917772	1
1924850	1
1928174	1
1929173	1
1929868	1
1931345	1
1934057	1
1935445	1
1938103	1
1938292	1
1939360	1
1944599	1
1947995	1
1955716	1
1957111	1
1959989	1
1965113	1
1967747	1
1970199	1
1970482	1
197067	1
1985411	1
1988952	1
1991838	1
1996559	1
1997444	1
1997989	1
1998176	1
1998658	1
1999575	1
2000184	1
2000371	1
2000552	1
200079	1
2002589	1
2004510	1
2007879	1
2012615	1
2012667	1
2016154	1
2019189	1
2020295	1
202080	1
2021017	1
2022465	1
2022754	1
2023199	1
2025919	1
2031045	1
2031306	1
2032307	1
2037380	1
2039020	1
2042621	1
2043351	1
2046023	1
2048577	1
2049912	1
2052640	1
2052991	1
2053512	1
2055352	1
2056586	1
2056818	1
2057787	1
2059375	1
2059669	1
2060071	1
2061222	1
2062729	1
2064528	1
2065135	1
2066991	1
2068031	1
2068914	1
2072124	1
2072220	1
2073888	1
207586	1
2079845	1
2080302	1
2080429	1
2081700	1
2083671	1
2086687	1
2089213	1
2092325	1
2092518	1
2093435	1
2095793	1
2096054	1
2096478	1
21003	1
2101457	1
2101917	1
2103099	1
2104416	1
2105030	1
2105058	1
2108167	1
2108932	1
2111591	1
2112508	1
2112975	1
2114296	1
2116281	1
2117431	1
2120451	1
2122909	1
2124331	1
2131413	1
2131843	1
2133633	1
2136889	1
2141732	1
2144463	1
2146829	1
2146987	1
214775	1
2149330	1
2155240	1
2156240	1
2158996	1
2159866	1
2160668	1
2163062	1
2163711	1
2164233	1
2168644	1
2168901	1
2169345	1
2169424	1
2172851	1
2173742	1
217559	1
2178707	1
2180070	1
2184421	1
2185374	1
2185586	1
2185745	1
2186158	1
2187189	1
2188387	1
218945	1
2191653	1
2191912	1
2195929	1
2200212	1
2200440	1
2201545	1
2201598	1
2208728	1
2208981	1
2212206	1
2217768	1
2218663	1
2220842	1
2222370	1
2224103	1
2224412	1
2232277	1
2234726	1
2235720	1
2247182	1
2247892	1
2247982	1
2248536	1
2248883	1
2249606	1
2251579	1
2255944	1
2256015	1
2258802	1
2261225	1
2262022	1
2262097	1
2262299	1
2271080	1
2274114	1
2278476	1
2280854	1
2282615	1
2283039	1
2283418	1
2283546	1
2284332	1
2285464	1
2290497	1
2291169	1
2293425	1
2295559	1
2302353	1
2304571	1
2307347	1
2313011	1
2313822	1
2314621	1
2314956	1
2321301	1
2322241	1
2323175	1
2324552	1
2329383	1
2331004	1
2334037	1
2337311	1
2341080	1
2342038	1
2344234	1
2347746	1
2349455	1
2349735	1
2352412	1
2354816	1
2354904	1
2358570	1
2358637	1
2358953	1
2361990	1
2364005	1
2374456	1
2375401	1
2382425	1
2383074	1
2387599	1
2388353	1
2391184	1
2397307	1
2398220	1
2401364	1
2407944	1
24083	1
2410607	1
241187	1
2413406	1
2414702	1
2418562	1
241966	1
2423033	1
2423347	1
2425221	1
2430198	1
2432981	1
2433330	1
2434794	1
2436324	1
2439021	1
2439113	1
2443368	1
2445295	1
2446009	1
2446928	1
2448765	1
2449661	1
2451453	1
2451473	1
2453808	1
245850	1
2463534	1
2465978	1
2471554	1
2472306	1
2472526	1
2473108	1
2475268	1
247712	1
2477766	1
2478578	1
2482462	1
2483572	1
2486486	1
2487346	1
2488905	1
2489309	1
249119	1
2494531	1
2494539	1
2496771	1
2500081	1
250053	1
2502337	1
2509745	1
2511273	1
2517253	1
2520186	1
2520557	1
2523446	1
2525878	1
2534572	1
2534765	1
2536156	1
2537093	1
253863	1
2541470	1
2541672	1
2541693	1
2543342	1
2543429	1
2544621	1
2544990	1
2558111	1
255881	1
2562735	1
2566540	1
2569922	1
2570105	1
2570694	1
2570816	1
2571390	1
2571530	1
2573442	1
257442	1
2574792	1
2576157	1
2576796	1
2577482	1
2582487	1
2584593	1
2584737	1
2591129	1
2594923	1
2595731	1
2597252	1
2601323	1
2603225	1
2603441	1
2603517	1
2604916	1
2605716	1
2606747	1
2608318	1
2608976	1
2611485	1
2611712	1
2614322	1
2619778	1
2620373	1
2620730	1
262102	1
2623281	1
2624028	1
2624486	1
2626382	1
2628361	1
2629270	1
2629677	1
2630030	1
2630835	1
263266	1
2636173	1
2636504	1
2638008	1
2639352	1
2642921	1
2643382	1
2645978	1
2646878	1
2648341	1
2649743	1
2651462	1
2653355	1
2654901	1
2656455	1
2657853	1
2658344	1
2659113	1
2659680	1
2666676	1
2668711	1
2669080	1
2670890	1
267264	1
267358	1
2673643	1
2677192	1
2681212	1
2681916	1
2682012	1
2684282	1
2684640	1
2686898	1
2687471	1
2689586	1
2689916	1
2690030	1
2691290	1
2691641	1
2692273	1
2696714	1
2697348	1
2697398	1
2697861	1
2699763	1
2699862	1
2701441	1
2701507	1
2702570	1
2704355	1
2705297	1
2706589	1
2707877	1
2708037	1
2708538	1
2708812	1
2712860	1
2714983	1
2719361	1
2719597	1
2720310	1
272230	1
2722604	1
2722897	1
2722983	1
2722996	1
2723978	1
2724294	1
2725738	1
2729529	1
2729954	1
2729991	1
2733365	1
2734168	1
2738698	1
2738756	1
2739030	1
274062	1
2744124	1
2744546	1
2744943	1
2747334	1
2748100	1
2748134	1
2748200	1
2748393	1
2748545	1
2748743	1
2750557	1
2750559	1
2751598	1
2751902	1
275215	1
2752733	1
2753455	1
2754248	1
2754872	1
276059	1
2761245	1
2761342	1
2761381	1
2761644	1
2761645	1
27628	1
2764620	1
2768911	1
2769165	1
2769598	1
2770480	1
2771934	1
2772225	1
2773916	1
2774863	1
2776219	1
2776592	1
2783737	1
2785263	1
2789287	1
2790779	1
2791534	1
2792248	1
2794022	1
2795589	1
2796528	1
2798134	1
2798580	1
2801549	1
2807794	1
2810618	1
2814197	1
2815643	1
2815744	1
2817880	1
2818790	1
2819693	1
2822774	1
2825528	1
2825767	1
2828364	1
2828880	1
2831390	1
2833533	1
2834497	1
2835567	1
2836101	1
2836119	1
2836630	1
2837680	1
2838219	1
2838254	1
2843893	1
2845447	1
2847506	1
284880	1
2849017	1
2849825	1
285013	1
2853096	1
2854711	1
2855484	1
2857192	1
2860842	1
2861023	1
2863491	1
286428	1
2865538	1
2865869	1
2866869	1
2866956	1
2868289	1
2868618	1
2868741	1
2870572	1
2872560	1
2874847	1
2875673	1
2875991	1
2876054	1
2878204	1
2878241	1
2878664	1
2879527	1
2879835	1
2880118	1
2880340	1
2884263	1
2885639	1
2886079	1
2886168	1
2888930	1
2891014	1
2894729	1
2896013	1
2896172	1
2896842	1
2898370	1
2899524	1
2900414	1
2901197	1
2901519	1
2902588	1
2904204	1
2904432	1
2905142	1
2909928	1
2910084	1
2912688	1
2914657	1
2915866	1
2916285	1
2916909	1
2917302	1
2917402	1
2917749	1
2919430	1
291956	1
2919710	1
2919905	1
292083	1
2921457	1
2921674	1
2922428	1
2922430	1
2923075	1
2923922	1
2926412	1
2926547	1
2928482	1
2928795	1
2928857	1
2931031	1
2931540	1
2932984	1
2933027	1
2933083	1
2934574	1
2935891	1
2936097	1
2937094	1
2937185	1
2937746	1
2938874	1
2939671	1
2939808	1
2941688	1
2941731	1
2941972	1
2942696	1
2944501	1
2945558	1
2946085	1
2946329	1
2946728	1
2948246	1
2949136	1
2949306	1
2949397	1
2949743	1
2950002	1
2950092	1
2951206	1
2951308	1
2951880	1
2953199	1
2953289	1
2953341	1
2953800	1
2954221	1
2954624	1
2954968	1
2956095	1
2956110	1
2956440	1
2957091	1
2958605	1
2959608	1
2960860	1
2962101	1
2962371	1
2962573	1
2962614	1
2962739	1
2963071	1
2963335	1
2963453	1
2964083	1
2964087	1
2964428	1
2964782	1
2968137	1
2968441	1
2968506	1
2969873	1
2970147	1
2970341	1
2971261	1
2971285	1
2971557	1
2971922	1
2973341	1
2976101	1
2977028	1
2977556	1
2978149	1
2978202	1
2978535	1
2979462	1
2979991	1
2980059	1
2980151	1
2981342	1
2981379	1
2981393	1
2981427	1
2981562	1
2983212	1
2983314	1
2983796	1
2983809	1
2983864	1
2984119	1
2985641	1
2986112	1
2986442	1
2986618	1
2987262	1
2988480	1
2988592	1
2988732	1
2989083	1
2989978	1
2990619	1
2990644	1
2991612	1
2991964	1
2992518	1
2992526	1
2993369	1
2993489	1
2993904	1
2994482	1
2994693	1
2994751	1
2994850	1
299614	1
2996371	1
2996611	1
2996863	1
2997353	1
2997379	1
2997600	1
2997927	1
2998055	1
2999706	1
3000156	1
3000940	1
3001456	1
3001656	1
3001726	1
3001949	1
3002002	1
3002023	1
3002668	1
3002924	1
3003104	1
3003128	1
3003420	1
3004097	1
3005145	1
3005303	1
3005478	1
3006077	1
3008102	1
3008279	1
3008356	1
3008432	1
3008698	1
3008742	1
3009044	1
3009068	1
300974	1
3010192	1
3010389	1
3010900	1
3011707	1
3011710	1
3011850	1
3011888	1
3012136	1
3012660	1
3012699	1
3012742	1
3012943	1
3013080	1
3013585	1
3013981	1
3014809	1
3015288	1
3017081	1
3017375	1
3017499	1
3019543	1
3020340	1
3020565	1
302140	1
3022671	1
3023291	1
3023727	1
3023883	1
3023887	1
3024163	1
3024499	1
3024592	1
3025004	1
3025804	1
3025810	1
3026994	1
3027036	1
3027876	1
3028973	1
3029571	1
3029879	1
3030110	1
3030762	1
3031161	1
3031306	1
3032563	1
3032790	1
3033019	1
3033270	1
3033517	1
3034071	1
3034268	1
3034651	1
3034900	1
3035460	1
3035610	1
3035955	1
3036045	1
3036202	1
3036303	1
3036344	1
3037195	1
3037414	1
3037686	1
3037706	1
3038010	1
3038092	1
3038571	1
3038576	1
3038626	1
3038637	1
3038747	1
3038765	1
3039334	1
3039571	1
3039681	1
3039883	1
3039979	1
3040205	1
3040238	1
3040358	1
3040712	1
3041354	1
3042539	1
3042572	1
3042620	1
3043730	1
3043866	1
3044273	1
3045565	1
3045710	1
3045908	1
3046100	1
3047486	1
3047671	1
3047852	1
3047988	1
3048184	1
3048232	1
3049019	1
3049481	1
3049656	1
3049856	1
3049970	1
3050070	1
3050368	1
3050570	1
3050759	1
3051074	1
3051181	1
3051791	1
3052350	1
3052795	1
3053323	1
3054459	1
3054696	1
3054883	1
3056065	1
3056093	1
3056133	1
3056483	1
3057116	1
3057288	1
3057462	1
3058512	1
3059703	1
3059862	1
3060605	1
3060634	1
3060853	1
3061005	1
3061101	1
3061439	1
3062967	1
3063228	1
3063423	1
3063951	1
3064169	1
3064202	1
3064574	1
3064718	1
3065009	1
3065384	1
3065458	1
3065468	1
3065493	1
3066051	1
3066302	1
3066881	1
3067068	1
3067123	1
3067589	1
3067781	1
3068056	1
3068224	1
3069136	1
3069301	1
3071521	1
3071740	1
3071789	1
3073146	1
3073862	1
3075035	1
3075095	1
3075296	1
3075834	1
3076055	1
307608	1
3076463	1
3076510	1
3078757	1
3080277	1
3080862	1
3081894	1
3082140	1
3082390	1
3082572	1
3083020	1
3083129	1
30832	1
3083305	1
3083428	1
3084240	1
3084366	1
3084439	1
3084945	1
3085314	1
3085573	1
3086357	1
3086549	1
3086570	1
3087010	1
3087576	1
3087733	1
3088116	1
3088585	1
3089550	1
3089617	1
3089666	1
3091398	1
3092983	1
3093338	1
3095480	1
3097627	1
3097684	1
3100922	1
3101121	1
3101870	1
3105586	1
3105713	1
3108824	1
3109040	1
3110159	1
3111200	1
3111853	1
3112904	1
3113111	1
3113346	1
3117014	1
3117169	1
3118436	1
3118675	1
3119563	1
3119902	1
3121674	1
3123712	1
3123847	1
3126312	1
3126476	1
3127910	1
3132319	1
3132565	1
3132574	1
3135774	1
3135776	1
313756	1
3140993	1
314766	1
315143	1
3162826	1
3163457	1
3176349	1
3178858	1
3181684	1
3182543	1
319369	1
319496	1
31969	1
326463	1
327922	1
328056	1
332837	1
336459	1
3376	1
3395	1
341605	1
342084	1
342411	1
345187	1
35617	1
360303	1
364021	1
364947	1
372654	1
373588	1
376942	1
387833	1
3884	1
388471	1
389212	1
390350	1
394993	1
395096	1
395432	1
397072	1
398460	1
399672	1
400990	1
401463	1
406435	1
408597	1
411024	1
413098	1
415198	1
415463	1
418115	1
421226	1
422460	1
422904	1
4251	1
425692	1
43137	1
43264	1
4340	1
43867	1
44068	1
442960	1
443021	1
444010	1
444120	1
447755	1
452047	1
453511	1
456681	1
462390	1
466658	1
473235	1
486539	1
488892	1
489358	1
494863	1
495839	1
497048	1
506783	1
508850	1
518283	1
519417	1
521993	1
52447	1
5264	1
536525	1
541630	1
544801	1
545692	1
552061	1
55845	1
558671	1
558848	1
561859	1
565803	1
565985	1
57336	1
580889	1
588465	1
597532	1
601869	1
604455	1
608304	1
611532	1
612039	1
614539	1
615296	1
621214	1
622813	1
623413	1
624806	1
626721	1
627293	1
629073	1
632393	1
632527	1
635788	1
635875	1
638802	1
646893	1
649100	1
650886	1
650915	1
653228	1
653708	1
654378	1
656272	1
659386	1
66573	1
66915	1
675314	1
681470	1
681677	1
683317	1
68401	1
684642	1
69185	1
693472	1
696717	1
698631	1
710455	1
713063	1
71376	1
718518	1
719385	1
719609	1
726323	1
73180	1
733114	1
735211	1
745469	1
750066	1
752031	1
753698	1
753847	1
754494	1
756714	1
759233	1
761373	1
767971	1
775641	1
777968	1
781749	1
783024	1
784810	1
795373	1
802943	1
807556	1
808555	1
811367	1
813474	1
815138	1
81840	1
818591	1
819245	1
821027	1
821763	1
822191	1
825320	1
825418	1
826902	1
83325	1
834809	1
835068	1
844626	1
846567	1
850581	1
85728	1
85871	1
865840	1
882929	1
884388	1
8872	1
887701	1
897514	1
905080	1
914576	1
915187	1
920037	1
9213	1
923761	1
923888	1
94436	1
944674	1
946281	1
947957	1
953184	1
95591	1
960664	1
964434	1
965498	1
970512	1
971462	1
973044	1
980133	1
982079	1
984411	1
984528	1
988559	1
989979	1
994185	1
994476	1
996261	1
1002690	3
1015315	3
1017979	3
1021573	3
1022112	3
1025733	3
1028305	3
104529	3
1050709	3
1055263	3
1055849	3
1065925	3
1074505	3
1075915	3
10774	3
1079130	3
1089736	3
1089848	3
1095662	3
1096189	3
1100460	3
1108925	3
1114618	3
1115064	3
112810	3
1139533	3
1146714	3
1148507	3
1148870	3
114975	3
1157098	3
1161328	3
1161619	3
1163415	3
1164903	3
1172278	3
117435	3
118308	3
1196495	3
1199372	3
1205066	3
1212908	3
1213316	3
1223555	3
1225897	3
1226258	3
1228452	3
1234126	3
1239020	3
1240445	3
124063	3
1244725	3
1244991	3
1256839	3
1257537	3
1259333	3
1262966	3
1263018	3
1263925	3
1265177	3
1265915	3
1268441	3
1274477	3
1276806	3
1282869	3
1283796	3
1288732	3
1297171	3
1299213	3
1304090	3
1309005	3
1315530	3
131751	3
1317871	3
132347	3
1328741	3
1330349	3
1330634	3
1336873	3
1341999	3
1344175	3
1351133	3
1363006	3
1371378	3
1379210	3
1380257	3
1380627	3
1384267	3
1389567	3
1390223	3
1393032	3
1393213	3
1394240	3
1405874	3
1406379	3
1406497	3
1420745	3
1420761	3
1422867	3
1434710	3
1447385	3
1456039	3
1458066	3
1471349	3
147266	3
1483584	3
1487067	3
1500771	3
1521793	3
1532333	3
1543746	3
154804	3
1548042	3
1567519	3
1571429	3
15765	3
1589316	3
1607568	3
1610637	3
1612262	3
1615116	3
1622659	3
162781	3
1643689	3
1653554	3
1655758	3
1662294	3
1669434	3
1669743	3
1688006	3
1691691	3
1695194	3
1699848	3
170432	3
1708129	3
1709528	3
1714530	3
1715384	3
1715443	3
1716358	3
1729034	3
1733897	3
1735863	3
1736144	3
1736547	3
173851	3
1748578	3
1751735	3
1752659	3
1754098	3
1756502	3
175690	3
1758141	3
1764995	3
1773498	3
1775376	3
1777299	3
1778475	3
1780085	3
1780785	3
1781183	3
1781486	3
1790458	3
1796343	3
1798255	3
1798853	3
1801984	3
1803082	3
1805067	3
1807671	3
1808600	3
1813516	3
1823742	3
182857	3
1829008	3
1829675	3
1838375	3
1840043	3
1842713	3
1844242	3
1847539	3
1851947	3
1853315	3
1854178	3
1856786	3
1858491	3
1858638	3
1860652	3
1863103	3
1863822	3
1865193	3
1866017	3
1875643	3
1879190	3
1883555	3
1887209	3
1888779	3
1889002	3
1897751	3
1905507	3
1912064	3
1915598	3
1915648	3
1915832	3
1919191	3
1919437	3
1923146	3
193128	3
1931796	3
1931980	3
1932101	3
1940305	3
1944358	3
1950412	3
1953472	3
1957167	3
1962295	3
1963740	3
1965072	3
1965187	3
1966473	3
1968547	3
1968575	3
1969004	3
1970174	3
1975438	3
1975985	3
1978188	3
1980634	3
1984432	3
1987609	3
1993710	3
2001862	3
20046	3
2012236	3
2012677	3
2017848	3
2022320	3
2023725	3
2023951	3
2024679	3
2027103	3
2028037	3
2029231	3
2030541	3
2030695	3
2038281	3
2038791	3
2041954	3
2042407	3
2046054	3
2049410	3
2055745	3
206214	3
2063709	3
2064921	3
2066219	3
2068301	3
2068617	3
2071753	3
2074359	3
2074540	3
2075647	3
2075917	3
2079335	3
2079977	3
2080433	3
2085228	3
2085305	3
2085900	3
2085920	3
2086147	3
2096434	3
2097299	3
2107725	3
2108403	3
2113118	3
2114333	3
2118530	3
2119075	3
2120561	3
2124118	3
2132772	3
2135105	3
2136376	3
2145596	3
2146899	3
2148865	3
2149953	3
21589	3
2166637	3
2169700	3
2171678	3
2177101	3
2183542	3
2184138	3
2194787	3
2196811	3
2203808	3
2204338	3
2208329	3
2209006	3
2210954	3
2215520	3
2220151	3
2220232	3
2220687	3
2225917	3
2227319	3
2229262	3
2232608	3
2233016	3
2234783	3
2235434	3
2247020	3
2247269	3
2248145	3
2252565	3
2258800	3
226301	3
2263677	3
2264067	3
2269868	3
2280842	3
22809	3
2281033	3
2281883	3
2282539	3
2284286	3
2288462	3
2289796	3
2299646	3
2301274	3
2303187	3
2304299	3
2320954	3
2322108	3
2329151	3
2331301	3
2333607	3
2333740	3
2341851	3
2345762	3
2346892	3
2348769	3
2358361	3
2362685	3
2366023	3
2366910	3
2368882	3
2370956	3
237600	3
2382467	3
2384397	3
2387114	3
2387276	3
2387620	3
2398466	3
2399800	3
2401224	3
2405162	3
2405875	3
2407767	3
2408015	3
2423758	3
2430532	3
2431646	3
2435754	3
2436820	3
2441863	3
2443823	3
2447280	3
2448406	3
2449137	3
2452049	3
2452799	3
2457882	3
2458508	3
2459889	3
2460970	3
246372	3
2464450	3
2466105	3
2468825	3
247635	3
2480909	3
2480999	3
2482520	3
2486252	3
2488315	3
2493037	3
2494656	3
2495078	3
249699	3
24971	3
2499865	3
2503192	3
2506429	3
2508290	3
2514172	3
2518562	3
2523137	3
2528266	3
2531768	3
2535003	3
2536883	3
2546288	3
254730	3
2547678	3
2548999	3
2550324	3
2563307	3
2566415	3
2569296	3
259116	3
259264	3
2601830	3
2602228	3
2605423	3
2614594	3
2620711	3
2621256	3
2622211	3
2622719	3
2626749	3
2630453	3
2631055	3
2631421	3
2633613	3
263512	3
2636400	3
2638503	3
2641754	3
2645537	3
2647256	3
2648556	3
2653130	3
2653370	3
2658811	3
2658935	3
2659547	3
2659768	3
2660533	3
2663484	3
2664943	3
2666549	3
2667644	3
2669535	3
267044	3
2673143	3
2676655	3
2677928	3
2680981	3
2682098	3
2682291	3
2683865	3
2687458	3
2687706	3
2690841	3
2693408	3
2694732	3
2695404	3
2696252	3
2696939	3
2697314	3
2698605	3
2703943	3
2704491	3
2704966	3
2705387	3
2705753	3
2707121	3
2711536	3
2712970	3
2712974	3
2713826	3
2714994	3
2716582	3
2721235	3
2726386	3
2729906	3
2730315	3
2743327	3
2744093	3
2746700	3
2748499	3
2749269	3
2755744	3
2758380	3
2758450	3
2760217	3
2760561	3
2761222	3
2762533	3
2763438	3
2768071	3
2770429	3
2772046	3
2772891	3
278065	3
2787584	3
2789185	3
2789890	3
2790078	3
2791301	3
2791445	3
2803043	3
2803276	3
2805321	3
281750	3
281839	3
2820416	3
2823999	3
2832590	3
2835988	3
2836737	3
2837335	3
2837573	3
2844164	3
2846307	3
2848746	3
2849122	3
2851923	3
2854075	3
2855569	3
2856922	3
2858344	3
2861	3
2862006	3
2862634	3
286796	3
2869814	3
2870932	3
2872285	3
2872318	3
2873741	3
2874108	3
2875711	3
2876352	3
2877464	3
2889130	3
2890734	3
289176	3
2893059	3
2895910	3
2896484	3
2897303	3
2898992	3
2899900	3
2900577	3
290157	3
2904206	3
2907313	3
2910238	3
2910538	3
2911583	3
291284	3
2915118	3
2919013	3
2921634	3
2925688	3
2925948	3
2930898	3
2931026	3
2934494	3
2934961	3
2939743	3
2941772	3
2942125	3
2942341	3
2943342	3
2944004	3
294946	3
2950280	3
2950834	3
2951981	3
2953113	3
2954562	3
2954636	3
2955057	3
2955242	3
2955720	3
2957015	3
2957422	3
2959513	3
2961555	3
296205	3
2962965	3
2963997	3
2965693	3
2965709	3
2966577	3
2966585	3
2966591	3
2971730	3
297324	3
2973761	3
2974225	3
2976316	3
2976936	3
2977024	3
2977033	3
2977898	3
2979670	3
2980534	3
2982176	3
2982638	3
2984155	3
2984221	3
2984556	3
2985822	3
2986658	3
2989088	3
2989673	3
299610	3
2996586	3
2999128	3
2999876	3
3000468	3
3000644	3
3000689	3
3002779	3
3003877	3
3005279	3
3005839	3
3006359	3
3007708	3
3007778	3
3008103	3
3009805	3
3009976	3
3010651	3
3010779	3
3012667	3
3012701	3
3015167	3
3016121	3
3017314	3
3017968	3
3018556	3
3020555	3
3021110	3
3021618	3
3023709	3
3023783	3
3024673	3
3024803	3
3024965	3
3025337	3
3026448	3
3027783	3
3031958	3
3033047	3
3035676	3
3037215	3
3038190	3
3039631	3
3039662	3
3039837	3
3039974	3
3040718	3
3040768	3
3041911	3
3042430	3
3042698	3
3042996	3
3044686	3
3044739	3
3045045	3
3046199	3
3046678	3
3047408	3
3048747	3
3048949	3
3049501	3
3050224	3
3050362	3
3051135	3
3051436	3
3051834	3
3052267	3
3052789	3
3053878	3
3054683	3
3057026	3
3058130	3
3058845	3
3060516	3
3061226	3
3061753	3
3062407	3
3063226	3
306440	3
3064618	3
3065119	3
3070201	3
3070571	3
3070590	3
3071835	3
3071838	3
3072073	3
3073345	3
3073459	3
3075270	3
3076918	3
3077395	3
3078145	3
3078600	3
3082458	3
3084835	3
3085002	3
3086715	3
3089839	3
3096415	3
3099191	3
3106417	3
3110140	3
3114973	3
3115576	3
3118630	3
3122133	3
3122200	3
3122518	3
3125194	3
3125291	3
3132932	3
313915	3
3140007	3
3141644	3
3141995	3
3144661	3
3147625	3
3149081	3
3150534	3
3150606	3
3161226	3
3162807	3
3170697	3
3180680	3
3196256	3
319770	3
3198839	3
319918	3
3205638	3
3216843	3
3224000	3
3224740	3
322670	3
3238214	3
323884	3
3246525	3
325186	3
3306173	3
3310014	3
3312443	3
3316267	3
3320052	3
3355688	3
3393572	3
3414837	3
3432342	3
3437511	3
3441090	3
3444124	3
3444480	3
3462522	3
3473310	3
3489201	3
349814	3
3501911	3
3529123	3
3532880	3
3540825	3
3548191	3
3550572	3
356273	3
3578070	3
358320	3
3589487	3
362948	3
37195	3
398118	3
399295	3
40189	3
411560	3
420603	3
422103	3
423852	3
443190	3
456585	3
456750	3
457897	3
460452	3
462593	3
466617	3
480366	3
4822	3
482397	3
482818	3
486230	3
488695	3
497116	3
497589	3
505897	3
506176	3
508089	3
508104	3
508986	3
509929	3
510862	3
514216	3
515918	3
530075	3
533910	3
534876	3
534999	3
53669	3
540820	3
547663	3
562124	3
568262	3
574819	3
577687	3
587850	3
595656	3
59794	3
618540	3
622899	3
633818	3
64085	3
642705	3
64322	3
649285	3
658247	3
663760	3
665159	3
669248	3
670322	3
684297	3
689396	3
697961	3
708162	3
710648	3
713832	3
718660	3
724038	3
725264	3
731109	3
731308	3
731985	3
734564	3
735644	3
736877	3
73881	3
739991	3
749405	3
750883	3
753606	3
753889	3
755306	3
768425	3
769402	3
783962	3
784657	3
789924	3
799141	3
799875	3
801374	3
8128	3
8146	3
814917	3
818682	3
8212	3
831735	3
832135	3
851357	3
852560	3
864672	3
867976	3
870381	3
87053	3
88164	3
894949	3
913455	3
914196	3
931066	3
932808	3
935513	3
935811	3
938211	3
940592	3
941066	3
953502	3
954428	3
961320	3
962971	3
965182	3
965324	3
966850	3
972945	3
975596	3
977144	3
978283	3
98303	3
99580	3
