1330349	3568
2449137	4658
2449137	4668
2449137	4671
2449137	4680
2449137	4683
2449137	4822
2449137	5232
3017314	4771
3017314	4778
3017314	5873
3017314	5877
1390223	4492
1390223	4493
1390223	5768
1390223	6011
292593	4107
2176257	4586
2875673	3331
2907313	4546
2907313	5369
2907313	5375
2048577	3242
2048577	3243
1614437	3563
1139533	3317
1139533	3320
1139533	3322
1139533	3346
1139533	4874
1139533	4882
1139533	5969
1139533	5972
3017968	5558
3017968	5753
3017968	6162
1225897	3301
1225897	3319
1225897	3406
1225897	3408
1225897	3661
1225897	4061
1225897	4106
1225897	4118
1225897	4465
1225897	4479
1225897	5145
1225897	5148
1225897	5151
1225897	5323
1225897	5332
1225897	5665
1225897	5684
1225897	5689
1225897	6307
3011888	3345
2074359	3554
2074359	3555
2074359	5224
2074359	5225
2074359	5226
2074359	5227
2074359	5895
2074359	6120
2074359	6124
2074359	6125
2074359	6140
2483567	3212
2483567	3547
2276884	3437
2276884	3439
2276884	3442
2276884	4578
2276884	5763
3034378	3424
3034378	3431
1027442	3856
1027442	3859
1027442	5626
2280842	4170
2280842	4185
2280842	6229
2400113	3808
3001529	4710
3001529	4712
3001529	4715
3001529	4719
2658935	5769
3110140	5700
1739694	3324
1739694	4049
1739694	5200
3039631	4226
3039631	4390
3039631	4391
3039631	5560
3039631	5561
3039631	5782
462593	4745
462593	4749
462593	5011
462593	5161
462593	5176
462593	5179
2631421	5180
2631421	5184
2631421	5352
2631421	6318
3021110	3823
1853471	5062
1240445	5913
1240445	5916
1240445	5918
1240445	5919
2965709	3290
2965709	3311
2965709	3501
2965709	6188
2965709	6189
2965709	6223
2405162	4124
2405162	4551
2304299	4641
2304299	4643
2304299	4648
2304299	5474
2304299	5478
2304299	5479
2304299	5480
2304299	6312
2641562	3602
2641562	3879
2641562	4837
1012074	3270
1012074	3272
1012074	3275
2976936	4357
2976936	4896
2976936	6027
2976936	6031
2976936	6032
2976936	6034
2976936	6270
2976936	6273
2712974	4691
2712974	4699
2712974	4702
2712974	4703
2712974	4707
2712974	4726
2712974	4727
2712974	4733
2712974	6151
2712974	6152
2712974	6153
1591661	3267
1591661	3603
2932439	4227
2932439	4231
2932439	5476
162781	3335
162781	3688
162781	3700
162781	4951
162781	5330
162781	5981
1259333	4095
2964258	4773
3031958	3209
3031958	4804
3031958	4806
3031958	5896
3031958	5897
3031958	6028
784657	3480
784657	3514
784657	3990
784657	4064
784657	5019
784657	5024
784657	5028
1851947	3585
1851947	3588
1017979	6235
2622719	3244
2622719	3248
2622719	3839
2622719	3842
2622719	3846
2622719	6253
2173909	3973
2068617	4501
2068617	4502
2068617	5613
2068617	5617
2869814	5360
2948447	4665
2948447	4672
2948447	4673
2844164	3219
2844164	3816
2844164	5507
3023783	5936
3023783	5937
3023783	5938
3023783	5955
3023783	5968
3023783	6086
2865386	5589
2865386	5590
2865386	5593
2217056	5462
2941772	3327
2941772	3876
2941772	4958
2941772	5144
2941772	6062
2494656	3793
2494656	3974
2494656	4188
2494656	5171
2494656	5347
2494656	6002
2494656	6014
2494656	6015
1716358	5422
1716358	5423
3026448	3362
3026448	3583
3026448	3595
3026448	3624
3026448	3639
2823999	4525
2823999	4789
2823999	5020
2823999	5034
3092602	4210
3092602	4212
2614594	5694
2614594	6023
2068031	3341
2068031	3352
2908085	4279
2160099	5215
392274	5172
392274	5203
392274	5289
392274	5444
392274	6138
2789890	3523
2789890	3781
2789890	4108
2789890	5133
1736144	3472
3133084	3313
3133084	3316
3133084	4596
3133084	4608
1714530	4779
1714530	5518
1714530	5711
2935236	4162
2935236	4194
2935236	4363
2935236	5213
2935236	5976
2935236	5978
1923146	4413
1923146	4422
1923146	4423
1923146	5128
1923146	5309
2367560	4085
2367560	4125
2367560	5463
281839	3293
1765258	4627
1765258	4629
1765258	4635
2978926	4146
2978926	4152
2978926	5808
2978926	5811
768425	3389
768425	3398
768425	3652
768425	3858
768425	4572
768425	4836
768425	5277
768425	5954
768425	5956
24971	5499
24971	6177
3040768	3477
3040768	3483
3040768	5000
3040768	6024
3040768	6332
3040768	6333
3040768	6336
1100460	3569
1100460	3573
1100460	3575
1100460	5149
1100460	5155
1100460	5160
1129992	4135
1129992	4997
1129992	5006
614902	4284
614902	4286
1487067	4510
1487067	4512
1487067	4513
1487067	5798
1487067	5805
1957111	3358
2881488	5013
2881488	5690
2881488	5691
2939743	3838
2939743	4835
2939743	5427
2939743	6266
2973761	4379
2973761	4380
2973761	5456
2973761	5460
2973761	5994
2973761	6205
2973761	6213
2067419	4047
2067419	5714
3248525	5620
3248525	5621
2648556	4600
2648556	4613
2648556	5810
2648556	5814
2963997	4772
2963997	4782
2963997	5890
2963997	5892
2963997	5893
127328	3687
127328	3692
127328	3694
127328	3784
2697348	3254
2697348	3255
3009044	3380
3009044	3383
2587299	3980
2587299	3982
2587299	4729
2587299	4738
2587299	5014
2587299	5840
2587299	5854
3044739	3944
3044739	4515
3169823	5935
1607568	3224
1607568	3226
1607568	4425
1607568	4435
1607568	4802
1607568	4808
1607568	6126
1607568	6127
3073459	3929
3000689	3357
3000689	3360
3000689	4936
3000689	4939
3000689	4948
3000689	5980
3000689	5989
3045045	4192
3045045	4365
389590	3475
389590	3478
389590	3504
389590	4977
389590	5201
389590	5202
1802432	3227
1802432	3236
1802432	3237
1802432	3240
1802432	3826
1802432	4785
1802432	4807
1802432	4809
1802432	4813
1802432	4815
1802432	4823
1802432	4828
1802432	5235
1802432	5898
1802432	5902
1802432	5905
1802432	5911
1802432	5915
2874847	3899
3147853	3782
2136376	4418
2136376	4860
2136376	5850
2136376	5853
1970174	4306
1970174	4957
1970174	4975
1970174	4989
1970174	5386
1970174	5597
1970174	6089
1970174	6093
1970174	6300
2687539	3621
1756502	3581
1756502	4024
1756502	5366
2363402	3620
2363402	3629
2363402	5239
3024673	5168
1582354	5664
3054222	4204
3054222	4206
3054222	4292
3045486	3539
3045486	3541
3045486	3561
3045486	5060
3045486	5065
1587682	4105
2546288	5809
2546288	5812
2546288	5813
3085002	4602
3085002	4649
3085002	5063
2849122	4156
2849122	4736
2849122	5848
2849122	5852
2941639	4865
750883	3651
750883	3654
750883	4998
750883	5001
750883	5004
750883	5594
750883	5595
750883	5727
750883	5732
750883	5735
2341851	4184
2341851	4190
2341851	4285
2341851	4293
2341851	4295
2341851	5738
2341851	5741
2934605	3675
2934605	3677
2934605	3681
2934605	5371
2934605	5374
2934605	5991
2934605	5992
540603	4366
540603	4383
2722604	3287
2722604	3372
1671984	6145
510862	4708
883069	4385
1940305	3470
1940305	3473
1940305	3567
1940305	4038
1940305	5162
1940305	5178
1940305	5486
1940305	5832
1940305	6131
2618385	4260
2618385	4927
2618385	5432
1571429	3438
1571429	4093
1571429	4114
1571429	4115
1571429	4121
1571429	4149
1571429	4233
1571429	4256
1571429	4324
1571429	5027
1571429	5979
3045645	3374
1662294	3492
1662294	3497
1662294	3500
1662294	4312
1662294	4314
1662294	4318
1662294	4382
1662294	4483
1662294	4750
1662294	5576
894949	4344
894949	4358
894949	5740
1471349	4280
1471349	4281
1471349	5834
1471349	5835
1471349	5836
1471349	6112
3003877	3208
3003877	3214
3003877	3564
3003877	5231
2464729	3626
1405874	4801
322670	6182
3066617	3801
3066617	3803
3066617	3804
3066617	4441
3066617	4450
3066617	4458
3066617	4464
3066617	4470
3063226	4984
1997609	4730
2687706	3404
2687706	6293
2687706	6294
2687706	6309
2687706	6315
2790078	3933
2790078	3935
2790078	4271
2790078	4603
2790078	4605
3009795	4970
1691691	3427
1691691	3476
1691691	3479
1691691	3481
1691691	3484
2431646	3901
2431646	3910
2431646	4032
2431646	4034
2431646	4036
2431646	5757
2431646	5758
2108403	5026
2107725	3744
2107725	3749
2107725	5465
2940357	4407
297324	3534
297324	3538
297324	3811
297324	5363
2376545	4346
884388	3951
2231480	3837
306440	3578
2085305	3649
1338915	3222
3141683	3571
1379796	3269
1379796	3857
1379796	4541
1379796	4542
1379796	5099
3100239	3465
3100239	5259
3026383	4074
3026383	4078
3026383	4084
3026383	4355
3026383	5946
3026383	5949
3008103	3471
3008103	4940
3008103	4941
3008103	4947
2961460	4112
2961460	4157
3024965	3412
1708129	5257
1708129	5262
1708129	5266
1708129	5267
1708129	5271
3127976	5475
2650894	5150
2650894	5152
2650894	5153
2650894	5157
2220151	6079
2435996	5565
1915331	3268
1915331	3273
1915331	3294
1915331	3298
1915331	4863
1915331	4871
565803	3213
3144661	3893
3144661	5494
2653130	4201
2638503	4965
3046678	4369
3046678	4370
3046678	4371
1072379	4351
1072379	4352
2701942	3560
2701942	4587
2701942	4805
2701942	4812
2701942	5050
2701942	5059
536435	3627
536435	3631
536435	3642
1234126	3416
1234126	5306
1234126	5464
3071835	4239
3071835	5247
3071835	6057
3071835	6061
731985	3234
3084835	3422
3084835	5674
3084835	5675
3084835	5685
3084835	5797
3084835	5865
1223555	3736
1223555	3892
1223555	4176
1223555	5656
1223555	5657
2846307	3919
2846307	6195
2846307	6198
2721771	3330
2721771	3750
2721771	3758
2721771	3759
2721771	3761
2721771	3763
2721771	3764
2721771	3767
2721771	4503
2721771	4504
2721771	6018
2770790	4254
2755744	3768
2755744	3770
2755744	3794
2755744	5025
1239020	4117
1239020	5365
1355486	4126
2714082	5376
2714082	5380
2714082	5381
2714082	5864
2663484	3385
2663484	4883
2663484	4887
2695422	3762
2695422	4511
2695422	5043
2695422	5450
2695422	5858
1765046	3862
1765046	3875
2300056	4431
2300056	4434
2300056	5663
2300056	5680
2300056	5683
1377765	3613
1377765	3614
1377765	3619
3012479	5804
2658811	4150
2658811	4274
2658811	4787
2658811	4796
3041911	3863
3041911	3864
3041911	4580
3041911	4667
3041911	6190
3041911	6192
2950280	3277
2950280	3300
2950280	5253
2950280	5552
2950280	5780
1299213	3644
1299213	3646
1299213	5501
1299213	5585
1299213	5601
1299213	5605
1299213	6139
1946186	5387
2493037	6216
2493037	6218
1244341	5653
1244341	5688
2187189	3527
2187189	3528
941066	4562
2975594	3967
1393213	4229
1393213	5927
1393213	5928
1393213	5931
2763455	3697
1018715	4491
1018715	4663
1018715	4676
1018715	4694
1018715	4717
1018715	4933
1018715	5504
278065	3880
1871296	3508
1871296	3517
2652857	3737
2652857	3742
2959275	3827
3005839	3250
3005839	3576
3005839	5233
3005839	5237
3005839	6146
3005839	6161
1468518	3906
1468518	5940
444010	3376
444010	3377
515918	6238
2999360	4299
2999360	4300
1079130	3447
1079130	3513
1079130	3589
1079130	3855
1079130	4103
1079130	4645
1079130	4656
1079130	4788
1079130	4791
1079130	4935
1079130	6040
1669743	4693
1669743	4697
1669743	4701
2760561	3773
2760561	3779
2760561	3780
2760561	4980
2760561	4983
2760561	6007
2760561	6008
2760561	6016
3012667	4477
3012667	4480
3012667	4484
3012667	5719
3012667	5720
3012667	5728
3012667	5730
2494762	3590
2494762	3594
3026659	5498
3026659	5500
2690841	4329
2690841	4384
2690841	5548
2690841	5551
2690841	5618
2690841	5988
1612147	5446
1612147	6001
2772891	5086
2772891	5487
2488315	3894
2488315	3895
2488315	3897
2488315	3900
2488315	5270
2488315	5273
2488315	6074
2488315	6075
2488315	6193
3010779	4277
3010779	4278
3010779	4282
3010779	5651
3051968	4615
3051968	4652
3051968	5219
2438997	3246
2438997	3592
2438997	5080
2438997	5084
2452132	4731
2452132	4735
870381	3807
870381	3810
870381	4851
870381	5017
870381	6220
2984155	3873
2984155	4886
1114895	5067
1114895	5072
1114895	5075
3112803	3493
2085900	4348
2085900	4349
2085900	4362
2085900	5687
2085900	5857
2320954	3452
2320954	3455
2320954	5286
2320954	5296
2320954	5311
2320954	5491
2320954	5492
2320954	6217
2320954	6219
2320954	6277
2320954	6285
2320954	6288
3000354	4159
3000354	4161
665159	4307
665159	5437
665159	5722
665159	5987
665159	6292
665159	6298
1980634	5085
1980634	5088
1980634	5091
1980634	5093
1980634	5790
2966577	4025
2966577	4196
2966577	4199
2966577	4412
1963738	3904
1963738	3905
1963738	3908
1963738	6173
1963738	6174
1963738	6176
1963738	6181
2613409	4207
2613409	4858
1627204	4026
1627204	4027
1627204	4930
1627204	4931
2234125	3292
2234125	3306
554347	6180
2488724	3411
2488724	3415
2488724	3417
2488724	4072
2488724	5668
2471079	6326
2471079	6327
2471079	6328
2471079	6330
2471079	6335
2761645	3485
276273	3841
276273	3843
276273	3848
2182945	4217
2182945	4218
2182945	4222
2387114	4825
2387114	5081
1926626	5367
1926626	5368
1543746	5021
1543746	5022
1543746	5048
1543746	5049
1543746	5100
1543746	5122
1543746	6222
1283796	3701
1283796	5307
1283796	5315
1283796	5985
1283796	6203
2531768	3953
2531768	4339
2531768	5706
2531768	5709
2531768	6005
2531768	6006
2915832	4317
2925948	5490
3146844	3663
2705081	3668
2705081	4899
2705081	4932
1785603	3753
3073409	3942
2248145	4387
2248145	4918
2248145	4921
511259	4321
2820656	3486
2503192	4122
2503192	4123
2503192	4859
2503192	4864
2503192	4891
2503192	6096
2503192	6100
2460970	4364
2547678	3685
2547678	3691
2547678	4375
2547678	5322
2547678	5582
2547678	5583
2547678	5982
587850	3641
2316382	4437
457897	5345
2506429	4139
2506429	4142
2506429	4148
2246497	4250
2246497	4255
2246497	5110
2767143	5550
2767143	5577
2672247	5630
2909481	5543
2909481	5544
2909481	5545
2909481	5546
2909481	5547
3149081	4236
3149081	4386
3149081	5354
3149081	6064
3149081	6099
3149081	6172
2874919	5807
2874919	5819
2874919	5923
2429680	5421
2689523	3288
2689523	3303
2689523	4066
2689523	4841
2689523	4844
2689523	5943
2387620	5053
2387620	5922
867976	3684
3014303	4925
246372	4885
2987592	4028
300632	4524
300632	5051
300632	5052
300632	5167
300632	5749
300632	5900
300632	5907
300632	6301
2895910	6305
2895910	6313
2895910	6321
2895910	6324
2951981	6129
2951981	6130
966070	4430
1942077	5637
1942077	5638
2973570	4598
2973570	4611
2973570	4612
2973570	5833
2973570	5837
3100155	5611
2407767	4301
2407767	5141
2407767	6263
2407767	6268
935811	3511
935811	3515
935811	4549
935811	4566
935811	4916
935811	5454
935811	5483
1299535	3337
1299535	4120
1299535	4879
831735	4232
2329151	4461
2329151	5502
2329151	5825
2329151	5838
2329151	5874
2329151	5930
2329151	6320
2867637	3378
2867637	3403
2867637	3671
2867637	3676
2867637	3679
2867637	3686
2867637	3748
2867637	3957
789924	3786
789924	3791
789924	4303
895089	4336
3131756	5346
2712324	4826
2220232	5696
2220232	5697
2220232	5698
2220232	5699
154804	4631
154804	5158
1567519	3795
1567519	3797
2997536	3274
2434835	4597
2434835	4817
2434835	4818
2434835	4819
2434835	4820
2974028	6211
2974028	6212
2974028	6214
2974028	6215
2705753	3596
2705753	3834
2705753	3835
2705753	3853
2705753	4268
2705753	5245
2705753	5563
2708708	3874
2716582	5293
2716582	5766
2230516	3950
395432	5396
2430532	4228
2430532	5752
2430532	5755
2430532	6282
3000644	3336
1754098	4175
1754098	4181
1754098	5362
1754098	5364
3216843	5318
3216843	5320
3216843	5321
3216843	5781
3216843	5783
88164	4030
88164	4144
88164	5633
88164	5747
88164	5748
88164	6244
88164	6331
3025337	4316
3025337	4857
3025337	5592
3025337	5596
2114333	3395
3135774	3394
2874108	3587
2874108	4046
2874108	5932
2874108	6254
1975438	3509
1975438	4289
1975438	5104
1975438	5109
2672627	3925
2672627	3934
2672627	3984
2672627	3987
2672627	4994
2672627	5116
2803043	4408
2803043	5676
2803043	5686
2986658	4113
2986658	4242
3058130	3584
3058130	3591
3058130	3599
3058130	3659
3058130	3665
3058130	5950
3058130	5957
3058130	5973
3058130	6255
3051662	3396
3051662	4967
3051662	4969
2982638	3296
2982638	3305
2982638	3333
2982638	3607
2982638	4068
2982638	4442
2982638	4644
2077766	5016
2077766	5817
2077766	5823
1867195	4211
2982129	4002
2982129	4035
3180680	5218
3180680	5506
3180680	5509
3144753	3637
3144753	3643
961320	3938
1178225	3496
1489222	3956
1489222	4119
1489222	4130
1489222	4145
1489222	6135
1044968	3291
2594774	4868
508104	4457
508104	4709
508104	4720
508104	4721
508104	4722
508104	4786
508104	4795
508104	5745
508104	5875
508104	6209
681470	4769
2944004	4163
2944004	4446
2944004	5453
1823742	3407
1823742	4765
1823742	4768
1823742	4774
147266	3550
147266	3551
147266	4456
147266	4459
147266	4460
147266	4468
147266	4471
147266	4473
147266	4497
147266	4498
147266	4500
147266	4604
147266	4675
147266	4677
147266	4679
147266	4681
147266	4682
147266	4685
147266	4734
147266	4752
147266	4753
147266	4798
147266	4850
147266	5018
147266	5038
147266	5040
147266	5159
147266	5420
147266	5428
147266	5466
147266	5839
147266	5843
147266	5845
147266	6082
2653370	4158
3051834	6095
3051834	6098
3051834	6116
3051834	6118
378914	5958
378914	5960
1748709	4684
1748709	4689
1748709	4839
2921634	3231
2921634	3233
2921634	3276
2921634	3348
2921634	3645
2921634	3647
2921634	4110
2921634	4202
2921634	4539
2921634	4554
2921634	4630
2921634	4821
2921634	4890
2921634	4900
2921634	4909
2921634	5054
2921634	5057
2921634	5236
2921634	5242
2921634	5305
2921634	5756
2921634	5799
2921634	6280
8128	3257
8128	4438
8128	5510
8128	5549
8128	5632
8128	5634
8128	5649
8128	5658
8128	5659
8128	5660
8128	5666
8128	5667
8128	5669
8128	5672
8128	5742
8128	5743
8128	6317
8128	6319
3113453	3713
807556	3366
2862006	4177
2862006	4178
2862006	6035
2862006	6036
2862006	6038
2862006	6236
2514172	3777
2514172	5786
2889130	4169
2889130	6303
2889130	6304
2889130	6310
3158414	3886
1341999	4322
1341999	4323
1341999	4757
1341999	4759
1341999	4760
1341999	4762
1341999	4999
1341999	5003
1341999	5005
1341999	5008
1341999	5094
1341999	5098
1341999	5120
1341999	5130
1341999	6267
1341999	6272
18329	3928
2946117	3487
2946117	3488
2946117	4986
2946117	5517
2946117	6340
2935154	4193
2935154	4195
2935154	6019
2935154	6020
1934282	3454
1934282	3468
2872318	5358
2138043	4410
3035739	4516
3035739	4517
761038	4111
415011	3532
415011	3991
2673063	4129
2673063	4140
2480999	5254
2480999	5297
2480999	5586
2585495	4711
2585495	4992
2893059	4416
2436820	3936
911456	4592
3114120	3338
3114120	3375
3114120	5579
1458066	3458
1458066	4102
1458066	4698
3036486	3672
3036486	3674
3036486	5092
3036486	5096
332432	4440
332432	4444
332432	4445
2972624	3819
2972624	3820
2972624	3822
2355387	4040
2355387	4042
2695404	3867
2695404	3869
2695404	3870
2695404	3871
2695404	5264
2695404	5284
2119075	4974
3081715	4876
3081715	4881
2601830	3321
2601830	3347
2738756	3382
2225917	3830
2225917	4636
2225917	4638
2225917	4949
2225917	5570
2225917	5772
456591	5241
456591	5692
456591	5705
173851	3999
173851	4000
173851	4004
173851	4008
173851	4009
173851	4010
173851	4011
173851	4012
173851	4013
173851	4014
173851	4016
173851	4019
173851	4022
173851	4029
173851	4075
173851	4076
173851	5045
2949792	5404
2949792	6248
2949792	6250
3061657	3664
3061657	4923
3061657	5301
3078012	4198
2913240	3259
2913240	3271
2913240	4634
2913240	5442
2913240	5443
3021129	3912
3021129	5383
3021129	5394
3021129	5933
2405875	4582
2405875	4588
2405875	4651
2405875	4659
2405875	4662
2898336	3525
2898336	6283
2898336	6322
2255944	4033
3048184	3350
3048184	3351
3048184	3397
497589	3284
497589	3286
497589	4469
497589	4754
497589	5847
497589	5872
456585	5488
456585	5489
3010651	5661
1028305	6245
1751735	4244
1751735	4246
1751735	4249
3001562	4409
3001562	4411
3001562	4451
3001562	4893
3001562	4895
3001562	4901
3001562	4905
3001562	4908
18935	5495
18935	5497
2875711	4568
2875711	4570
2875711	4575
2875711	5787
2875711	5802
182857	3245
182857	3890
182857	3891
1854178	4160
1854178	4505
1854178	5348
1854178	5827
1854178	6021
3070571	3601
3070571	3604
3070571	4842
3070571	4846
3070571	4854
3070571	5920
3070571	5924
2953113	3409
2953113	3418
2953113	4571
2953113	4576
2953113	4637
2953113	5587
2953113	5770
2953113	6200
3073203	3788
3073203	3790
3073203	3809
3073203	3812
3073203	4341
3073203	5047
1874856	3228
1874856	3232
1874856	3463
1874856	4266
1874856	4922
497116	3970
497116	4133
497116	4914
497116	5106
497116	5185
497116	5571
529748	3423
529748	3622
529748	4884
529748	4888
529748	4894
529748	4897
529748	5032
529748	5114
529748	5117
529748	5652
529748	5655
529748	5876
529748	5878
529748	5929
3008240	4902
3008240	4907
2482564	4740
2482564	4741
2482564	4742
2482564	4744
2482564	4746
2482564	4747
2482564	4748
2482564	5953
2341946	3709
2341946	3711
2341946	5010
2341946	5012
2341946	6281
2341946	6286
2341946	6290
1244991	3840
1244991	3847
2222370	3393
1891887	5820
1891887	5821
1891887	5822
1891887	5824
1096189	4248
1096189	4252
1096189	4253
2959513	5143
2959513	6247
1410131	3339
1410131	5405
2630030	3941
2343219	3805
2343219	3806
2343219	4182
633818	5268
1667603	3751
1667603	3756
1667603	5344
2954562	4873
2954562	4875
2954562	6196
2954562	6197
2101019	3630
2101019	3635
3059220	5779
3131968	3885
3131968	5089
3131968	5350
2686792	3896
642705	5678
642705	5681
642705	5744
3057026	4097
3057026	4101
3057026	4910
3057026	4913
3057026	4919
3057026	4924
3057026	5146
2964633	3238
2964633	3400
2964633	4561
2964633	4573
982079	3457
2368882	4824
2368882	6249
1436622	3852
2570694	3930
1163415	5132
3025311	3776
2873741	3907
2873741	3911
2873741	3916
2873741	5414
2873741	5417
2645537	5338
2645537	5342
2645537	5469
2645537	5470
1962295	5537
2985822	3235
2985822	3566
2985822	4526
2985822	5511
2985822	5818
2985822	6257
1070812	5851
3035967	3435
3035967	4315
3035967	4942
3035967	4945
3035967	4946
2258800	3325
2258800	3328
2258800	3329
2258800	4447
2258800	4449
2258800	4775
2258800	4783
2258800	4784
2258800	6080
2258800	6081
2258800	6085
2258800	6087
2258800	6115
931873	4376
2708586	6043
2708586	6044
2708586	6077
2910538	3717
2910538	3719
2910538	4558
2910538	4560
2910538	4563
2910538	4564
2910538	5138
2899900	3215
2899900	3216
2899900	3220
2899900	5540
2899900	5542
2322108	4872
2322108	4878
2322108	5023
2322108	5440
2322108	5441
2322108	6083
2322108	6199
852560	3813
852560	3988
2523137	3579
2523137	5033
2523137	6155
2523137	6157
3118630	3616
3118630	3617
3118630	4686
3118630	4688
3118630	4852
3118630	5650
3118630	6265
2169831	3887
2169831	3926
2169831	5397
2169831	5406
53906	3544
1758141	3379
1758141	3384
1758141	4304
1758141	4311
1758141	5831
1206608	3993
1206608	3996
3158993	3960
2569296	3662
2569296	4971
3200042	4995
3200042	5944
2722996	3342
2722996	4241
3023110	3586
3023110	3633
3023110	4037
3023110	4059
3023110	4208
3023110	4287
3023110	5300
3023110	5304
3030956	3954
3030956	3959
3030956	3965
3030956	4015
2922140	3326
2922140	5275
2922140	5459
2135105	3289
2135105	3295
2135105	3308
2135105	3359
2382467	5263
2382467	5800
358320	4723
2687458	4766
2687458	5164
2687458	5302
1379210	3715
1379210	3718
1379210	3720
1379210	3723
1379210	3725
1379210	3726
1379210	3728
1379210	3730
1379210	3732
1379210	3735
1379210	3738
1379210	3741
1379210	3798
1379210	3800
1379210	5035
1379210	5037
1379210	5182
1379210	5186
1379210	5188
1379210	5190
2704966	6164
2704966	6165
2676917	3340
2676917	5983
2676917	5984
2676917	6078
2965693	4770
1216397	4080
1216397	4081
1216397	4083
2447280	5248
2447280	6142
2447280	6256
2211358	4934
2211358	6166
618540	4167
618540	5042
618540	5046
296307	5325
296307	5326
296307	5328
2915758	4926
2915758	4929
1456766	4243
2023725	3931
2023725	4397
2023725	4400
3005740	5039
2722776	4420
2722776	4421
2722776	4424
2722776	4426
2722776	4427
2722776	5671
2722776	5673
2722776	5677
2722776	5682
3061226	4840
3061226	4843
2976316	4132
2976316	5803
3115576	4415
3115576	4617
3115576	5173
3115576	5177
3115576	5703
3115576	6113
3115576	6121
3115576	6311
3047408	3669
3047408	4087
3047408	4545
3047408	5343
1543175	4332
1543175	4333
1543175	5609
1543175	5610
2984556	3430
2984556	4296
2984556	5140
2984556	5471
1863822	4518
1863822	4520
1863822	4521
1863822	4522
1863822	5514
1863822	5516
1863822	5523
1863822	5524
1863822	5525
1863822	5574
1863822	6187
1863822	6237
1863822	6242
1406497	3241
3150534	4342
3150534	4378
3150534	5717
3150534	5721
3150534	5736
2977033	4606
2977033	4616
2977033	4678
2977033	5997
3072611	4474
3072611	4475
1224013	3434
1224013	3436
3042725	3989
3176666	4187
1266282	4143
1266282	4247
1266282	4251
3022671	3752
425138	5951
2203808	4794
2203808	5716
2203808	5723
2203808	5906
1336873	3946
1336873	3949
1336873	4082
1336873	4225
1336873	5600
1336873	5602
3076843	5204
3076843	5205
3076843	5206
3076843	5209
3076843	5212
299614	3425
299614	3426
299614	3429
299614	3432
2693408	6143
1055849	5272
1055849	6111
2794022	5468
2704428	3580
2704428	3611
2704428	3612
2704428	5407
2704428	5408
2704428	5409
2704428	5536
2704428	5557
2704428	6054
2704428	6056
3147625	4313
3147625	5603
3147625	5608
3147625	5643
3147625	5645
2170722	3574
2170722	3597
2170722	3605
2170722	3817
2170722	4001
2170722	4814
2170722	4827
2170722	5914
2170722	5917
2770429	3606
859379	3666
509929	3217
509929	5125
509929	5131
2663435	4937
2663435	4938
3125291	3210
2641754	4128
2641754	5784
2641754	5789
2641754	5791
2301274	3444
2301274	3937
2301274	4056
2301274	4057
2301274	4058
2301274	4620
2301274	5324
2301274	5329
2301274	5708
2301274	5710
2301274	6251
2301274	6252
2301274	6258
3098376	5139
1780785	4911
1780785	5433
1780785	5434
1780785	5435
1780785	5436
1780785	5971
1780785	6287
1780785	6339
2898992	3783
2898992	5496
2898992	5862
2898992	5868
3050570	3731
3050570	3739
966850	3549
966850	3556
966850	3815
966850	3824
966850	5391
966850	5395
966850	5403
966850	5624
2972435	3792
2972435	3802
2972435	3825
2039020	3503
2039020	3521
2039020	3962
2039020	3963
2039020	4065
1995199	3903
1856786	5113
1856786	5119
1856786	5445
1856786	5455
1856786	5505
1856786	5512
1856786	5513
2747985	4164
2747985	4165
2747985	4171
1262966	5520
3141995	4297
3141995	4298
3141995	5382
3141995	5388
3141995	5390
3141995	6123
3141995	6134
3141995	6141
3145702	3655
3064618	4173
3064618	4183
259116	4494
259116	4496
259116	5619
1007766	3844
1007766	3849
386037	4186
386037	4191
2772046	3505
2772046	3975
2772046	4399
2772046	5785
2772046	6133
2772046	6226
3189014	5112
3189014	5118
1731558	5777
1731558	5778
2873903	5169
2873903	6295
2873903	6299
2873903	6306
2873903	6308
2873903	6314
2873903	6316
2873903	6323
3034050	3565
2028037	3542
2028037	5662
2028037	5670
2637353	3343
2637353	3353
2749269	4755
2749269	4761
2749269	4763
2749269	5531
2749269	5612
2749269	6289
2698605	3733
2698605	3740
2698605	5622
2698605	5623
2698605	5793
2698605	5796
2024679	3734
2024679	3755
2024679	3757
2024679	4090
2024679	4094
2024679	4996
2024679	6230
2024679	6275
2024679	6302
3017938	3623
3024168	4590
3024168	4732
1474297	5467
2254242	3207
1649251	3443
1649251	3683
1649251	4406
1649251	4559
1649251	4579
1649251	4982
1649251	6117
776464	5285
2694732	3968
2694732	3969
2694732	4073
2694732	4581
2694732	4593
2694732	5942
1873762	3769
2870932	3543
2870932	3545
2870932	3546
2870932	4830
697961	4834
1860652	5055
1860652	5056
2468825	5299
2209006	4428
2209006	4432
2209006	4439
2974842	3845
2974842	5077
2974842	5078
752031	3955
3189058	5095
2994751	3265
2994751	3266
979155	4810
979155	6284
2758450	3251
2758450	3256
2758450	5534
2758450	5535
2644496	4607
2644496	4609
2644496	6090
2644496	6092
2566415	3570
2566415	3572
2566415	5222
2566415	5228
2566415	6039
2566415	6041
2748499	3559
2748499	6033
2748499	6239
2748499	6240
2748499	6241
3006359	3445
3006359	3446
3006359	3914
3006359	3915
3006359	3917
3006359	4530
3006359	4976
3006359	4978
3006359	4979
3006359	4981
3006359	5068
3006359	5934
3006359	6147
1781183	6291
3023709	4270
3023709	4291
3023709	5280
3023709	5282
3023709	5555
3023709	6059
3083225	3498
2756583	4096
2756583	6065
2756583	6068
2756583	6071
2756583	6076
2756583	6132
2756583	6168
2756583	6170
3044686	4319
2597545	4098
2597545	6070
2434502	5472
2622211	3531
2622211	3535
1235482	4245
1235482	4272
1235482	5859
1235482	5860
1434710	4234
1434710	4235
1434710	4240
1434710	5567
1434710	5572
1434710	6201
1858638	4100
1858638	4104
1858638	5568
1858638	5644
3205638	5312
3205638	5314
3205638	5316
3205638	5319
2079977	4591
2079977	4594
2079977	5888
2079977	5889
2215520	3939
2215520	5654
2854100	3365
2854100	5295
10774	5635
10774	6108
10774	6178
10774	6325
2370956	6329
2659252	3261
2659252	3262
2659252	5287
2659252	5290
2659252	5303
2123597	4372
2123597	4373
1838375	3902
1838375	5553
1838375	5554
1838375	6102
3003910	3258
3003910	3263
3003910	3557
2935887	4350
2935887	4353
2935887	5503
3132574	3369
2431418	4928
2431418	4962
2431418	5588
2711534	3743
2711534	3746
2711534	3754
2066219	4898
2066219	5031
2281033	4499
2086147	3704
2086147	3745
2086147	5481
1265177	3680
1265177	3682
1265177	3690
1265177	5410
1265177	5411
1265177	5998
1265177	5999
1265177	6000
2234783	4625
2521075	3381
2521075	3419
2521075	3428
2521075	6186
1915598	4213
1915598	4216
2183542	5702
2183542	5712
2183542	5731
2183542	6210
299610	4855
2989088	4533
2989088	4534
2989088	6084
2989088	6128
3099191	4419
3099191	4429
3099191	4433
3099191	4452
3099191	4463
3099191	4467
3099191	4472
3099191	4531
3099191	4536
3099191	4537
3099191	4538
3099191	4540
3099191	4569
3099191	4618
3099191	4623
3099191	4628
3099191	4647
3099191	4650
3099191	4660
3099191	5195
3099191	5198
3099191	5207
3099191	5208
3099191	5210
3099191	5335
3099191	5370
3099191	5372
3099191	5373
3099191	5377
3099191	5515
3099191	5575
3067135	3778
3067135	3785
3067135	3829
3067135	5871
2956002	6114
3005279	4219
3005279	4220
3005279	4223
3005279	5625
3005279	5627
3005279	5628
3012136	3410
3012136	3413
2931026	4154
2931026	4155
2931026	4704
2931026	4706
2931026	6110
1733897	4523
818682	4690
818682	4700
818682	4725
818682	5801
2543342	3489
3028554	3832
3028554	3851
3099025	5090
87053	3467
87053	3482
87053	4308
87053	4486
87053	4950
87053	4953
87053	5614
87053	5615
87053	5616
87053	6072
87053	6073
1981785	4361
3146001	4955
3146001	4956
3146001	4960
1807671	6269
1807671	6276
3102541	3355
3132932	4197
3132932	4230
3132932	4356
3132932	4797
3132932	4799
3132932	4800
3132932	5385
3132932	5392
3132932	5412
3132932	5413
3132932	5426
3132932	5519
3132932	5521
3132932	5522
3132932	5527
3132932	5528
3132932	5636
3132932	5639
3132932	6191
3132932	6194
3132932	6243
3132932	6246
2680981	5163
2680981	5339
2680981	5340
2680981	6224
2680981	6225
2680981	6274
3114973	5493
2401224	4395
2401224	4403
2401224	4404
2401224	4405
2401224	4829
2401224	4831
2401224	5941
2401224	5948
2791301	3861
2791301	4224
2791301	5134
2448406	4552
2518562	3332
2518562	3334
3015453	4776
2051391	3450
2051391	3943
2051391	3947
2051391	4141
2051391	4168
2051391	4174
2051391	4179
3020555	4269
3020555	4273
3020555	4290
3020555	5278
1987609	3693
1987609	3695
1987609	3698
3007708	5762
3007708	5765
3007708	5912
2696252	4136
2696252	4137
2696252	4601
2696252	5361
2880038	5121
2880038	5126
2880038	6106
3048747	4485
1422867	4655
1422867	4657
1422867	4661
1422867	4664
1422867	4666
1422867	4669
1422867	5861
1422867	5866
1422867	5869
1422867	5881
1422867	5883
2822009	3706
3113777	4209
2680181	3712
2680181	3716
2680181	4646
2680181	4653
2216938	3302
2216938	3314
2216938	3315
2346892	4639
2346892	4640
2764620	3456
2764620	3460
2764620	3952
2764620	3958
2762533	4067
2762533	5482
2762533	5484
2762533	5485
2762533	6208
2762533	6221
1862426	4845
1862426	4849
1862426	6045
1862426	6047
1862426	6048
2427664	3610
2427664	3648
1994996	3714
247635	3420
247635	3964
247635	4099
247635	4764
247635	4767
247635	4903
247635	5995
247635	6003
247635	6025
2151136	4060
2151136	4063
2114271	4944
1050709	3402
1768957	3370
2979099	4238
2979099	5274
2979099	5276
2774269	3388
2774269	3391
2774269	3405
2774269	5107
2774269	5111
2774269	5962
2774269	5965
2633613	4527
2633613	4529
864363	3865
864363	3872
3033047	3747
3033047	3898
3033047	4964
3033047	4972
3033047	6296
3033047	6297
1912064	4547
1912064	4548
1912064	4567
1912064	5947
2862634	3722
2862634	3729
2862634	5473
2862634	5477
2259274	3992
2259274	3997
2259274	3998
2259274	5357
2847034	5599
2847034	5606
2847034	5879
2847034	5880
2847034	5884
2847034	5894
2847034	5903
2847034	5908
2847034	5910
2171678	3940
2144331	4309
2384397	4062
2384397	4401
2384397	5166
3084919	3833
3084919	4792
1931345	4089
2767869	4619
2767869	4622
1905507	4889
1905507	4892
1905507	5447
2558833	3368
2558833	3373
2558833	5679
2602228	5327
2602228	5333
2602228	5334
2602228	5337
1020074	3299
1020074	4039
341605	3297
341605	3304
3139709	3765
3139709	3766
958705	4506
958705	4508
958705	4509
958705	4642
958705	4654
958705	4737
958705	4751
958705	4790
958705	4920
958705	5135
958705	5136
958705	5170
958705	5882
958705	5887
1844242	3927
1844242	3932
1844242	3986
1844242	4780
1844242	4781
1844242	4963
1844242	5829
1844242	5830
443190	3818
582659	3440
582659	3625
1775376	3399
1775376	4621
588766	4392
588766	4396
2331301	5058
2331301	5952
322934	5194
2621869	5379
2103376	3994
2934961	3510
2934961	3512
2934961	3520
2934961	4327
2934961	4328
2934961	5359
2934961	6227
2934961	6228
3129710	3247
3129710	3253
3129710	3537
3129710	3670
3075731	4020
2593235	3660
2593235	6171
2677459	6183
2677459	6184
2677459	6185
1089848	3775
1089848	4343
1089848	5243
1089848	6154
1089848	6160
3082458	3721
3082458	5754
1933986	4359
1933986	6233
2597252	4489
2976609	3884
2976609	5258
2976609	6030
530075	3249
530075	4584
530075	4589
2667644	4632
2667644	5389
2667644	5393
2667644	5899
2667644	5990
2667644	5993
2667644	6042
2914346	3787
2914346	3789
2914346	3977
2914346	4310
2914346	4320
2914346	4337
2914346	4398
2914346	4716
2914346	4718
2914346	4743
2914346	4758
2914346	4867
2919710	3449
2919710	3453
2919710	3461
2919710	3462
2919710	3464
3133288	3640
2070586	5533
1853315	3490
1853315	3995
1853315	5244
1853315	5640
1853315	5641
1853315	5642
1853315	5734
1853315	6156
1146714	3310
1146714	4670
1146714	4705
1146714	4724
1146714	4848
1146714	4990
1146714	4991
1146714	4993
1146714	5103
1146714	5105
1146714	5238
1146714	5349
1146714	5584
1146714	5939
1146714	6009
1146714	6010
1146714	6012
1146714	6094
1146714	6119
1146714	6122
1146714	6175
2118530	4476
2118530	4478
2118530	4482
577687	5064
577687	5066
577687	5071
577687	5076
577687	5082
577687	5083
2746700	3281
2746700	3283
2746700	4031
2746700	4610
2746700	4880
2746700	5137
2746700	6104
2746700	6107
362948	3922
362948	3923
362948	4448
362948	4466
362948	6105
362948	6109
2333607	3507
2333607	3516
2333607	3524
2333607	3529
2333607	5036
2333607	5041
2333607	5044
2333607	5220
2333607	5431
2333607	6029
2333607	6234
2333607	6278
2434798	5750
2434798	5751
2434798	5885
2434798	5886
505897	3667
505897	3760
505897	5452
505897	5841
505897	5842
505897	5844
505897	5846
505897	5849
1825994	5087
1825994	5424
508089	4257
508089	4258
508089	4261
508089	4262
508089	4264
508089	5181
508089	5183
508089	5187
508089	5189
508089	5192
508089	5211
508089	5214
508089	5216
508089	6052
508089	6053
508089	6060
508089	6163
508089	6271
3018556	5246
3018556	5249
3018556	5250
3018556	5251
3018556	5252
3018556	6050
3018556	6055
3018556	6058
2220687	3702
2220687	3708
2220687	3710
2220687	4966
2220687	4968
27682	3945
2943342	3656
2943342	4131
2070864	5217
2070864	5221
1160422	3771
1160422	3774
1160422	3961
1160422	3966
1394240	5097
1394240	5260
3185520	5029
3185520	5030
3185520	5191
3019238	3615
3019238	5101
3061753	3673
2069518	4092
2676655	5419
2676655	5647
2508290	6341
2288404	3218
2189592	4360
2189592	4367
423852	5199
423852	6231
3024803	4550
3024803	4713
3024803	5556
3024803	5707
535053	3221
535053	3533
535053	4793
2046054	4565
2046054	4574
2046054	6259
2046054	6261
1715443	4532
1715443	5002
1715443	5794
1949964	4490
1949964	4495
1949964	5378
2452049	4626
1095662	5398
1095662	5399
1095662	5401
1095662	5526
1095662	5529
1095662	5530
1095662	5532
1095662	6136
1095662	6137
1095662	6149
2071753	4381
2071753	5147
2071753	5154
2071753	5607
2071753	5826
2071753	5828
2858344	3223
2858344	4018
2858344	4021
2858344	4023
2858344	4214
2858344	4215
2858344	5384
2858344	5538
2919094	4071
1760166	4453
1760166	4514
1760166	4535
1760166	6097
3065119	5174
3065119	5726
3065119	5974
3065119	5996
1949371	4263
2060071	3466
2060071	3469
474034	5855
474034	5856
474034	5870
2966591	5007
2966591	5015
2966591	6004
3052267	4777
1164903	4674
1164903	5631
2868954	4816
2868954	6264
2152876	3387
2152876	3390
2152876	3828
2152876	4203
2152876	4345
2938167	4003
2938167	4006
2938167	4481
1120726	3971
1120726	3972
1120726	4347
1120726	4402
1120726	5737
1120726	5739
1120726	6022
1406379	3540
1406379	3548
1406379	3558
1406379	3562
1406379	3593
829955	4414
829955	4487
829955	5815
829955	5816
3035326	4086
3035326	4091
2687180	4116
2687180	5539
2687180	5541
2687180	6101
2687180	6103
2540547	3392
2540547	3658
2540547	3678
684297	3474
2726386	4488
2726386	4507
2726386	5715
2726386	5718
2726386	5724
2726386	5725
2726386	5729
2726386	5733
1615116	3628
1615116	3634
1615116	3636
1615116	3638
1615116	3821
1615116	3831
1615116	4330
1615116	4368
1615116	4388
1615116	4389
1615116	5415
1615116	5416
1615116	5418
1615116	5863
1615116	5867
1615116	5891
2855426	3724
2855426	3727
2855426	4088
2855426	5448
2855426	5449
2855426	6206
2855426	6207
2768071	6159
104529	4866
3118436	3371
3029253	3433
3029253	4692
3029253	5156
2851923	4393
2851923	4394
2851923	4853
2851923	5279
2851923	5281
2851923	5283
2851923	5288
1263925	4583
1263925	4585
1263925	4599
3061856	3860
3061856	4041
3061856	4877
3061856	4912
3040701	4555
3040701	4556
3040701	5806
753606	3518
753606	3519
753606	3526
753606	5629
753606	6334
753606	6337
753606	6338
1205066	3386
1205066	5308
1205066	5317
1205066	5986
1205066	6202
1205066	6204
2283418	3491
2283418	3494
2283418	3499
2283418	3502
2283418	3506
3174300	4151
3174300	4153
2030695	5776
2883121	3796
2883121	3799
2883121	5580
2883121	5581
2883121	5966
2883121	5970
2064210	4811
339155	4189
339155	4595
339155	4614
339155	6017
3085247	4943
2399800	3653
2399800	3657
2399800	5566
3077988	4147
3077988	4354
377450	5310
2142240	5313
1880799	5115
2166637	5009
2303187	3285
2303187	3349
2303187	3354
2303187	4455
2303187	4462
2303187	4695
2303187	4696
2303187	4959
2303187	4961
2303187	5764
2303187	5771
2303187	5773
2303187	5774
2303187	5775
2303187	5963
2303187	5964
2303187	6046
2303187	6063
2303187	6066
2303187	6067
2840939	5331
2840939	5461
2840939	6150
1701134	3909
2982235	4070
2982235	4275
2982235	5578
2982235	5945
2982235	6158
2075647	5069
2075647	5070
2075647	5073
2075647	5074
2075647	5129
2075647	5901
2075647	5904
1030603	4048
1030603	4050
1030603	4051
1030603	4052
1030603	4054
1030603	4055
864672	4728
864672	4739
864672	5788
864672	5792
864672	6069
1202195	5591
1202195	5598
1202195	6088
2683865	3609
2269868	3689
2269868	3696
2817326	3881
2817326	5102
2096434	3598
2096434	3600
2096434	3703
2096434	3705
2096434	4832
2096434	4833
2096434	4915
2096434	4917
2096434	5921
2096434	5925
2096434	5926
2096434	5967
2966120	4528
2486252	3361
3045123	3552
3045123	3553
1548042	3866
1548042	3868
1548042	6260
1448601	3921
1448601	3924
2561541	3632
2561541	3978
2561541	4069
2561541	5569
2561541	6262
814917	3448
814917	3451
814917	3459
814917	5559
2517549	6091
2930898	3882
2930898	3883
2930898	4288
2930898	5255
2930898	5256
2092377	3239
2092377	3577
2092377	4869
2092377	4870
2092377	5759
2092377	5767
975596	3229
975596	3230
975596	5646
975596	5648
975596	5977
736877	4077
736877	4079
736877	4417
736877	4519
736877	5269
736877	5604
736877	5760
736877	5761
736877	6279
1108687	3522
1108687	3536
2548999	3650
2548999	3888
2548999	3889
2548999	4053
2548999	4577
2548999	5127
2548999	5240
2548999	5400
2548999	5402
2548999	5429
2548999	5438
2548999	5439
2954968	3307
2954968	3356
2984221	3364
497040	6013
497040	6026
465997	3814
324945	5336
1457349	3530
2348769	3983
2919820	5061
2919820	5123
284262	3707
2955057	3608
2955057	4044
2955057	4973
2955057	5079
2955057	5959
3027783	4221
1270494	4687
1270494	4714
2996448	5165
3052789	3280
3052789	3363
3052789	3495
3052789	4756
3052789	4847
99580	5713
99580	6051
1074505	3344
1074505	3401
1074505	3699
1074505	4624
1074505	4633
1924300	3211
1924300	3252
1924300	3582
1924300	4377
1924300	4543
1924300	4544
1924300	5562
1924300	5746
1924300	5909
1924300	6144
1924300	6148
2305385	4325
2305385	4326
2305385	5124
2305385	5142
2305385	5355
3084002	3414
3084002	3421
713832	3323
713832	3367
3132565	3618
2111206	4838
2111206	4985
2111206	4988
1668050	4109
3161957	4302
3161957	4305
3187015	4374
2281883	4005
2281883	4007
2281883	4017
2281883	5175
2281883	5223
2281883	5229
2281883	5230
2281883	5234
3053878	3309
3053878	3312
3053878	3318
2876352	4237
2876352	4259
2876352	4265
2876352	4267
2876352	4862
2876352	4904
2876352	4906
2876352	4987
2876352	5425
2876352	5430
2876352	6049
2876352	6167
2876352	6179
2743327	4443
3070201	3282
3070201	4803
2761222	4553
2761222	4557
2761222	5351
2761222	5353
2761222	5356
2961555	5693
2961555	5695
2961555	5701
2961555	5704
2041954	5457
2041954	5458
1733327	5261
1733327	5265
1733327	5298
1733327	5341
931066	4172
931066	4180
931066	6037
931066	6232
2957422	3278
2957422	3279
1142781	4436
2999128	4952
2999128	4954
2999128	5108
2999128	5975
2835940	3836
2835940	3850
1304090	3854
954428	4043
954428	4045
954428	4331
954428	4334
954428	4335
954428	4338
954428	4340
954428	5508
1055263	4856
1055263	4861
1055263	5564
1055263	5573
1055263	6169
2448899	3260
2448899	3264
2448899	3948
1796343	3441
1796343	4134
1796343	4138
1796343	5795
767971	3225
3084759	3918
2983811	3772
2983811	3877
2983811	3878
2983811	3913
2983811	3920
2983811	4127
2983811	4200
2983811	4205
2983811	5451
2740941	4166
2789185	5291
2789185	5292
2789185	5294
2789185	5961
2837335	3976
2837335	3979
2837335	3981
2837335	3985
2837335	5193
2837335	5196
2837335	5197
2729906	4276
2729906	4283
2729906	4294
2729906	4454
