2028644	0.800000000
518351	0.800000000
1774890	0.800000000
1795443	0.800000000
230875	0.800000000
2449137	0.800000000
389345	0.800000000
2454687	0.800000000
1318742	0.100000000
2068715	0.700000000
2771964	0.800000000
1638017	0.200000000
457869	0.800000000
3017314	0.800000000
2335875	0.700000000
1496501	0.800000000
2217138	0.800000000
1246220	0.100000000
1849486	0.100000000
5376	0.800000000
3037722	0.300000000
2436182	0.500000000
3256934	0.100000000
1036444	0.800000000
2009470	0.800000000
3409	0.800000000
1115064	0.800000000
3107348	0.800000000
1842430	0.800000000
760491	0.800000000
2993319	0.800000000
834100	0.200000000
2042621	0.800000000
749405	0.800000000
416329	0.800000000
1390223	0.800000000
2166310	0.700000000
292593	0.800000000
2247892	0.800000000
2195724	0.800000000
2957630	0.100000000
399672	0.800000000
1800126	0.100000000
2907313	0.800000000
3101121	0.500000000
13853	0.800000000
38426	0.800000000
482397	0.800000000
1614437	0.300000000
1893313	0.800000000
2231848	0.300000000
1139533	0.800000000
3017968	0.800000000
3059703	0.700000000
805883	0.800000000
1225897	0.800000000
3011888	0.800000000
2074359	0.500000000
762011	0.800000000
2830889	0.100000000
1422796	0.800000000
1228554	0.300000000
688251	0.800000000
1394166	0.800000000
2133633	0.800000000
12684	0.800000000
2233016	0.800000000
695507	0.800000000
2483567	0.800000000
3093737	0.800000000
2276884	0.800000000
2108023	0.800000000
1027442	0.800000000
3072462	0.800000000
8872	0.200000000
1940815	0.300000000
1312214	0.800000000
1315530	0.800000000
214775	0.800000000
529393	0.200000000
3246525	0.300000000
2280842	0.800000000
2072220	0.300000000
1557770	0.300000000
85860	0.800000000
3161226	0.800000000
2658935	0.200000000
1812572	0.800000000
1106132	0.800000000
3110140	0.800000000
1739694	0.800000000
3039631	0.800000000
2828706	0.800000000
2914944	0.600000000
3003328	0.300000000
1699848	0.800000000
2473840	0.100000000
462593	0.700000000
341127	0.500000000
703561	0.800000000
2750559	0.800000000
2960860	0.700000000
2631421	0.800000000
2143737	0.800000000
3013981	0.800000000
3109734	0.300000000
1167531	0.800000000
547928	0.800000000
124063	0.800000000
2959608	0.200000000
1668346	0.300000000
3023404	0.200000000
1889002	0.800000000
2714994	0.700000000
3021110	0.300000000
2092819	0.400000000
615296	0.500000000
1352223	0.800000000
979527	0.300000000
1726123	0.800000000
1853471	0.800000000
3055623	0.800000000
1497564	0.500000000
2965709	0.800000000
2258563	0.300000000
984528	0.800000000
1142827	0.800000000
194638	0.800000000
2405162	0.800000000
2889081	0.300000000
2953289	0.300000000
2304299	0.800000000
2641562	0.800000000
2976936	0.500000000
2834548	0.200000000
2712974	0.800000000
1591661	0.800000000
2932439	0.800000000
2981393	0.800000000
1634876	0.800000000
162781	0.800000000
608681	0.800000000
2079335	0.800000000
2797905	0.800000000
25564	0.800000000
2438517	0.600000000
3031958	0.800000000
1025797	0.800000000
979087	0.800000000
3017375	0.200000000
1420745	0.800000000
16427	0.800000000
1349854	0.100000000
24083	0.800000000
3153666	0.400000000
772042	0.800000000
2075917	0.800000000
2666549	0.800000000
784657	0.800000000
15619	0.400000000
904382	0.800000000
387839	0.800000000
1851947	0.600000000
3180729	0.300000000
493240	0.100000000
1569887	0.800000000
623134	0.800000000
2707121	0.800000000
3284245	0.800000000
2605083	0.100000000
73066	0.800000000
373588	0.800000000
1777299	0.800000000
1656346	0.800000000
2982073	0.800000000
3049019	0.800000000
2022754	0.800000000
2570816	0.800000000
649285	0.800000000
896266	0.300000000
1017979	0.800000000
519327	0.800000000
2622719	0.500000000
237600	0.800000000
1752205	0.200000000
2173909	0.800000000
2930821	0.800000000
724038	0.800000000
2068617	0.800000000
174942	0.800000000
2879675	0.800000000
1401464	0.100000000
322091	0.200000000
2113118	0.600000000
2869814	0.800000000
849861	0.800000000
2466105	0.300000000
1835459	0.300000000
2440267	0.300000000
2844164	0.800000000
3023783	0.800000000
2865386	0.500000000
71034	0.800000000
2941772	0.800000000
2494656	0.800000000
639653	0.800000000
2720549	0.800000000
1716358	0.800000000
3026448	0.800000000
2823999	0.800000000
3092602	0.800000000
24594	0.800000000
1518032	0.800000000
3619	0.100000000
1763551	0.600000000
2290047	0.300000000
2276926	0.200000000
2614594	0.800000000
122045	0.800000000
3142991	0.800000000
202080	0.800000000
2697861	0.800000000
1324171	0.800000000
540820	0.800000000
541937	0.800000000
2260525	0.800000000
3044643	0.800000000
2835188	0.200000000
781296	0.200000000
18662	0.800000000
3085674	0.300000000
405357	0.800000000
124249	0.800000000
2025289	0.200000000
1097662	0.800000000
392274	0.400000000
266710	0.800000000
1442424	0.400000000
2789890	0.800000000
784810	0.800000000
1731871	0.800000000
2900414	0.800000000
3281405	0.300000000
1478625	0.800000000
3133084	0.300000000
426716	0.800000000
1380257	0.600000000
57347	0.800000000
1714530	0.100000000
2935236	0.800000000
1930200	0.800000000
24018	0.800000000
1022190	0.500000000
1923146	0.800000000
93520	0.800000000
184995	0.800000000
2640829	0.800000000
1532830	0.800000000
1538932	0.200000000
3122200	0.800000000
2367560	0.300000000
281839	0.800000000
2917749	0.800000000
1055537	0.800000000
2978926	0.200000000
768425	0.800000000
953962	0.500000000
247845	0.800000000
24971	0.800000000
2010179	0.300000000
1661596	0.800000000
3040768	0.800000000
1100460	0.800000000
671381	0.800000000
919521	0.800000000
1148870	0.800000000
1487067	0.800000000
724088	0.300000000
288886	0.700000000
1271173	0.800000000
2724294	0.300000000
3249154	0.800000000
211834	0.800000000
2837614	0.800000000
2939743	0.800000000
1711229	0.800000000
2973761	0.800000000
550186	0.500000000
1586454	0.800000000
465215	0.800000000
1829675	0.800000000
1063580	0.800000000
521478	0.800000000
2328053	0.100000000
140393	0.500000000
1589316	0.800000000
3190037	0.800000000
2219952	0.300000000
1280240	0.800000000
2159086	0.300000000
448542	0.800000000
3039681	0.800000000
1287305	0.100000000
129362	0.800000000
1162807	0.800000000
206862	0.800000000
259264	0.800000000
11795	0.800000000
2648556	0.800000000
2963997	0.800000000
127328	0.200000000
2337147	0.800000000
2824761	0.800000000
2080302	0.300000000
33483	0.800000000
2697348	0.300000000
728053	0.300000000
2718640	0.300000000
935513	0.800000000
2587299	0.400000000
3051436	0.700000000
3044739	0.300000000
3169823	0.200000000
1607568	0.800000000
3073459	0.800000000
2074699	0.300000000
3000689	0.800000000
1565059	0.800000000
2359005	0.800000000
3045045	0.800000000
2217135	0.800000000
389590	0.100000000
20322	0.800000000
1802432	0.300000000
175690	0.800000000
1256839	0.300000000
3540825	0.200000000
635875	0.100000000
1179845	0.400000000
2569570	0.800000000
2483572	0.800000000
2136376	0.800000000
1970174	0.800000000
2715564	0.300000000
258707	0.800000000
2977193	0.800000000
1756502	0.800000000
3153	0.800000000
2337311	0.800000000
1801984	0.800000000
3085148	0.300000000
2363402	0.800000000
1134083	0.800000000
2626382	0.800000000
2232608	0.800000000
3024673	0.800000000
962971	0.800000000
1582354	0.600000000
1714866	0.600000000
318354	0.800000000
2550324	0.800000000
235822	0.300000000
1967747	0.200000000
972229	0.800000000
951567	0.800000000
1879508	0.800000000
3045486	0.800000000
1587682	0.300000000
157040	0.800000000
37574	0.800000000
928095	0.800000000
2838461	0.800000000
1306144	0.800000000
2358361	0.300000000
2546288	0.800000000
2574207	0.200000000
3776	0.800000000
2721791	0.800000000
1484847	0.700000000
3085002	0.700000000
3419064	0.100000000
224099	0.800000000
2849122	0.800000000
3185451	0.800000000
2941639	0.100000000
158829	0.800000000
151499	0.800000000
2147726	0.800000000
2029504	0.800000000
905993	0.800000000
750883	0.800000000
1088656	0.300000000
2677928	0.800000000
3575625	0.800000000
22247	0.800000000
2341851	0.800000000
1317991	0.800000000
1958190	0.800000000
2959593	0.300000000
3114206	0.300000000
2201598	0.800000000
818596	0.800000000
422904	0.800000000
823219	0.800000000
1869304	0.800000000
24318	0.800000000
3884	0.800000000
3009068	0.800000000
291956	0.800000000
2997811	0.100000000
900503	0.800000000
752296	0.800000000
3318950	0.800000000
1671984	0.300000000
3096415	0.800000000
923857	0.400000000
510862	0.800000000
2958605	0.800000000
1518942	0.800000000
3970	0.800000000
1146469	0.800000000
883069	0.800000000
2073888	0.100000000
1865865	0.800000000
2356228	0.200000000
1940305	0.800000000
1923041	0.800000000
2178707	0.800000000
1968257	0.300000000
2031449	0.800000000
1571429	0.800000000
705741	0.800000000
825329	0.800000000
2496585	0.600000000
3353625	0.800000000
1006357	0.800000000
1662294	0.800000000
894949	0.800000000
2160668	0.400000000
8261	0.800000000
1471349	0.800000000
3003877	0.800000000
2464729	0.300000000
3073345	0.100000000
1229672	0.800000000
3086715	0.800000000
1870232	0.800000000
1405874	0.300000000
1148236	0.800000000
954627	0.800000000
322670	0.800000000
2928857	0.100000000
90048	0.800000000
2203853	0.800000000
36557	0.800000000
2807055	0.800000000
3066617	0.800000000
3063226	0.800000000
2074266	0.800000000
478400	0.300000000
1927599	0.800000000
2261225	0.800000000
2307550	0.800000000
75252	0.800000000
1930437	0.800000000
3052350	0.300000000
1997609	0.200000000
844755	0.800000000
3611125	0.200000000
2295927	0.300000000
1257537	0.800000000
2687706	0.600000000
866721	0.800000000
314322	0.800000000
2833533	0.100000000
2790078	0.800000000
3009976	0.800000000
793813	0.800000000
1363995	0.800000000
2676869	0.600000000
329901	0.800000000
1691691	0.800000000
1022112	0.300000000
2099428	0.800000000
919927	0.400000000
783962	0.800000000
3013241	0.200000000
2263713	0.800000000
83292	0.300000000
762900	0.800000000
2002771	0.800000000
3058512	0.800000000
646893	0.800000000
3006309	0.300000000
1868733	0.800000000
117435	0.800000000
62039	0.800000000
23889	0.700000000
2431646	0.800000000
2029231	0.800000000
3111853	0.800000000
1081567	0.800000000
1566837	0.800000000
2108403	0.800000000
3468638	0.100000000
634915	0.300000000
49602	0.800000000
1576357	0.800000000
950474	0.800000000
286796	0.800000000
774750	0.800000000
3081640	0.800000000
2107725	0.800000000
2863491	0.200000000
1973597	0.800000000
34443	0.300000000
3037984	0.200000000
1779445	0.800000000
53878	0.800000000
1603075	0.800000000
2141046	0.300000000
1876190	0.800000000
2412944	0.100000000
295323	0.100000000
3047413	0.800000000
2113954	0.800000000
2170231	0.300000000
2259480	0.200000000
3473310	0.800000000
2335614	0.800000000
119201	0.800000000
343434	0.800000000
865840	0.800000000
1872431	0.800000000
367938	0.300000000
850251	0.300000000
3157793	0.800000000
114975	0.800000000
2867218	0.800000000
1289536	0.500000000
508850	0.800000000
1615244	0.800000000
297324	0.600000000
5901	0.600000000
2547269	0.800000000
1347536	0.800000000
2376545	0.800000000
884388	0.800000000
2231480	0.800000000
1601777	0.800000000
306440	0.800000000
1228452	0.800000000
1790458	0.800000000
1727626	0.800000000
1700591	0.800000000
2061239	0.800000000
356273	0.500000000
1283123	0.800000000
1067217	0.800000000
937839	0.800000000
2525340	0.300000000
2846083	0.100000000
2229137	0.300000000
1700604	0.800000000
36069	0.800000000
2890734	0.800000000
2169424	0.300000000
2245164	0.300000000
2377434	0.800000000
2554040	0.100000000
822954	0.100000000
996929	0.800000000
3100239	0.100000000
3026383	0.500000000
3008103	0.300000000
465645	0.800000000
1514025	0.800000000
3024965	0.800000000
564738	0.800000000
2640598	0.800000000
2532846	0.800000000
1708129	0.800000000
3127976	0.800000000
2998211	0.600000000
1053437	0.800000000
2650894	0.800000000
1220196	0.800000000
525378	0.500000000
646248	0.800000000
3185002	0.800000000
2042407	0.800000000
1701775	0.800000000
1108925	0.800000000
2966585	0.800000000
2762776	0.800000000
739806	0.800000000
2434254	0.800000000
1915331	0.800000000
2404015	0.800000000
2408785	0.800000000
997894	0.800000000
369227	0.800000000
3144661	0.800000000
2653130	0.800000000
333647	0.800000000
342084	0.800000000
2974483	0.800000000
2955242	0.300000000
1219873	0.800000000
1861340	0.800000000
1745667	0.800000000
609728	0.800000000
2361173	0.700000000
2638503	0.800000000
1748872	0.800000000
3046678	0.800000000
2886975	0.100000000
415463	0.300000000
1234126	0.800000000
3181528	0.800000000
2478578	0.800000000
2284286	0.800000000
3071835	0.800000000
2941731	0.800000000
2296234	0.800000000
3217643	0.800000000
1032728	0.800000000
2204338	0.800000000
731985	0.700000000
1993710	0.800000000
710648	0.800000000
1522218	0.800000000
531987	0.700000000
3084835	0.800000000
2835392	0.100000000
1417851	0.800000000
1223555	0.800000000
2846307	0.800000000
734564	0.800000000
22809	0.800000000
1602363	0.300000000
2178445	0.800000000
1962954	0.300000000
2748349	0.100000000
403913	0.800000000
999180	0.100000000
255538	0.800000000
2755744	0.200000000
2991202	0.800000000
3100189	0.500000000
638325	0.800000000
1239020	0.700000000
235430	0.700000000
1635551	0.800000000
1276806	0.800000000
60838	0.800000000
1907634	0.700000000
2711536	0.500000000
2605423	0.800000000
2663484	0.300000000
1018844	0.800000000
2567068	0.800000000
1235060	0.800000000
14002	0.800000000
2936459	0.800000000
842626	0.800000000
801374	0.800000000
454691	0.800000000
1508097	0.800000000
2695422	0.500000000
2471554	0.800000000
526123	0.800000000
1788733	0.800000000
271207	0.300000000
1441899	0.800000000
1114758	0.800000000
2097299	0.100000000
1765046	0.800000000
47641	0.800000000
2582487	0.200000000
2633958	0.800000000
1653554	0.800000000
243882	0.800000000
2047945	0.800000000
2025357	0.800000000
1163251	0.800000000
3038092	0.800000000
1798853	0.800000000
17941	0.800000000
3012479	0.300000000
2658811	0.800000000
2279719	0.200000000
3041911	0.800000000
8650	0.300000000
2950280	0.800000000
612356	0.800000000
1959368	0.300000000
1946186	0.800000000
1021379	0.800000000
976896	0.800000000
3238214	0.400000000
3075389	0.300000000
630389	0.800000000
1970676	0.800000000
2688451	0.800000000
30832	0.300000000
1258169	0.800000000
2493037	0.800000000
1010994	0.800000000
48704	0.800000000
1156240	0.100000000
1647305	0.200000000
616643	0.800000000
941066	0.800000000
1689801	0.800000000
1955716	0.800000000
2153290	0.100000000
514223	0.800000000
2535588	0.800000000
1393213	0.200000000
1288030	0.800000000
3147616	0.800000000
1317667	0.800000000
799141	0.800000000
1112212	0.800000000
2662042	0.800000000
1018715	0.800000000
278065	0.800000000
401463	0.300000000
2866869	0.300000000
2617705	0.800000000
2652857	0.800000000
50249	0.800000000
3082316	0.300000000
3005839	0.800000000
2260086	0.200000000
3112786	0.800000000
1468518	0.500000000
1692351	0.800000000
2272704	0.800000000
2920589	0.800000000
84645	0.800000000
28761	0.800000000
2623281	0.300000000
1503947	0.800000000
515918	0.800000000
1405314	0.800000000
137539	0.300000000
1858491	0.800000000
2512862	0.100000000
845374	0.800000000
1588308	0.800000000
2914478	0.300000000
527165	0.100000000
2031	0.800000000
1754435	0.600000000
1636847	0.500000000
1079130	0.800000000
2475268	0.800000000
1021573	0.800000000
3058858	0.300000000
2763438	0.300000000
2049709	0.800000000
1847539	0.800000000
2056181	0.800000000
2479817	0.800000000
952043	0.800000000
413098	0.100000000
1669743	0.800000000
2770959	0.800000000
463269	0.800000000
282168	0.500000000
2760561	0.800000000
997699	0.800000000
2630370	0.800000000
3012667	0.800000000
19068	0.800000000
3026659	0.800000000
310219	0.200000000
2977024	0.800000000
2978149	0.800000000
1292461	0.800000000
2690841	0.800000000
1612147	0.300000000
2368966	0.800000000
2603817	0.800000000
11812	0.800000000
1891062	0.800000000
996261	0.800000000
1035746	0.800000000
1985733	0.800000000
83595	0.800000000
25532	0.800000000
2772891	0.800000000
1791738	0.800000000
725264	0.100000000
2810618	0.800000000
3013129	0.800000000
2780216	0.800000000
2488315	0.800000000
1865193	0.800000000
250701	0.800000000
2610685	0.800000000
610230	0.800000000
3010779	0.200000000
1552958	0.800000000
2438997	0.800000000
3050368	0.800000000
2101457	0.800000000
1274716	0.800000000
1966473	0.800000000
870381	0.800000000
11675	0.800000000
3040238	0.800000000
8161	0.700000000
1381745	0.600000000
2984155	0.800000000
1114895	0.800000000
3112803	0.800000000
223376	0.100000000
1438205	0.800000000
145072	0.800000000
8173	0.800000000
1919191	0.800000000
2814862	0.300000000
3220795	0.800000000
2085900	0.800000000
1014273	0.800000000
2146987	0.700000000
2320954	0.800000000
3310014	0.800000000
1914935	0.300000000
665159	0.800000000
1980634	0.800000000
2966577	0.800000000
1963738	0.800000000
1905932	0.200000000
1458691	0.800000000
20445	0.800000000
2889489	0.100000000
1915712	0.800000000
1745691	0.800000000
2414702	0.300000000
397749	0.800000000
905080	0.800000000
2234125	0.800000000
646405	0.800000000
3162807	0.300000000
554347	0.800000000
1247796	0.800000000
2554565	0.300000000
1161619	0.800000000
1149019	0.800000000
3438732	0.800000000
1783344	0.100000000
739636	0.300000000
1041914	0.300000000
1447007	0.800000000
5273	0.800000000
2488724	0.800000000
1140494	0.300000000
1847288	0.800000000
390825	0.800000000
2809701	0.800000000
1155276	0.200000000
2182945	0.800000000
2387114	0.800000000
2699862	0.800000000
1305026	0.200000000
2163799	0.100000000
3338752	0.100000000
12646	0.100000000
2762725	0.800000000
15336	0.800000000
2888923	0.800000000
2401364	0.300000000
7400	0.800000000
2560344	0.800000000
271596	0.800000000
267264	0.800000000
223777	0.800000000
11302	0.300000000
1868325	0.800000000
2452799	0.800000000
1736547	0.800000000
48785	0.300000000
1941085	0.100000000
1543746	0.800000000
1328741	0.800000000
2193879	0.800000000
675449	0.800000000
267044	0.800000000
2838254	0.800000000
2994850	0.800000000
2531768	0.300000000
2499687	0.800000000
1627366	0.800000000
2915832	0.800000000
2140361	0.800000000
17252	0.700000000
460452	0.800000000
2164696	0.800000000
2836119	0.800000000
2705081	0.200000000
19785	0.200000000
3016121	0.200000000
1785603	0.800000000
2135799	0.300000000
1043567	0.800000000
2313822	0.800000000
2388353	0.200000000
3268697	0.800000000
2482520	0.500000000
2248145	0.200000000
2704491	0.800000000
2872285	0.500000000
1735608	0.800000000
267358	0.800000000
511259	0.400000000
2820656	0.300000000
1038658	0.800000000
846567	0.800000000
2271616	0.800000000
2503192	0.800000000
1661472	0.400000000
1302504	0.800000000
1212983	0.100000000
510635	0.800000000
2986835	0.800000000
528332	0.800000000
2654981	0.800000000
2027103	0.800000000
1962845	0.800000000
2547678	0.800000000
1993244	0.300000000
587850	0.800000000
1902126	0.800000000
3363289	0.800000000
1405231	0.800000000
6190	0.800000000
2608318	0.800000000
3561	0.200000000
2184138	0.800000000
3201942	0.800000000
3565573	0.800000000
463282	0.800000000
457897	0.800000000
2955720	0.800000000
3070106	0.100000000
2506429	0.800000000
973701	0.800000000
926032	0.800000000
2246497	0.300000000
1085933	0.200000000
1808504	0.100000000
862846	0.300000000
1290228	0.800000000
637000	0.200000000
2767143	0.800000000
2536883	0.800000000
1938103	0.800000000
28381	0.800000000
1371378	0.800000000
3122518	0.800000000
2963947	0.200000000
1863103	0.100000000
2402136	0.300000000
1295146	0.800000000
2395482	0.800000000
1269916	0.100000000
3148789	0.800000000
548245	0.800000000
1101629	0.800000000
3149081	0.800000000
45526	0.800000000
1160270	0.800000000
560419	0.100000000
2835988	0.800000000
3270066	0.800000000
1932632	0.800000000
1244725	0.200000000
2429680	0.800000000
3125194	0.800000000
917206	0.300000000
1996435	0.800000000
834401	0.800000000
2387620	0.800000000
1044034	0.800000000
226301	0.800000000
114810	0.800000000
3014303	0.500000000
2247020	0.800000000
1484111	0.800000000
1808106	0.800000000
2195929	0.700000000
246372	0.800000000
2902091	0.400000000
599204	0.800000000
2626749	0.800000000
461352	0.800000000
27295	0.400000000
1886838	0.800000000
1828914	0.800000000
2118	0.200000000
1424554	0.800000000
3210119	0.800000000
3024060	0.800000000
21979	0.800000000
116616	0.800000000
1530063	0.300000000
1095934	0.800000000
300632	0.800000000
1434283	0.300000000
1091685	0.200000000
2895910	0.100000000
2951981	0.800000000
2537968	0.800000000
1302217	0.800000000
472953	0.800000000
1942077	0.800000000
2973570	0.400000000
2344176	0.800000000
2120451	0.800000000
2955947	0.800000000
168706	0.800000000
534999	0.800000000
7136	0.800000000
435393	0.800000000
2449388	0.800000000
526121	0.800000000
1126739	0.200000000
1161944	0.800000000
35525	0.100000000
2407767	0.500000000
1008999	0.800000000
935811	0.800000000
3327999	0.800000000
1505814	0.800000000
3107310	0.300000000
1317871	0.800000000
2435930	0.800000000
2208728	0.500000000
671851	0.300000000
753698	0.200000000
450585	0.800000000
2148865	0.800000000
1322108	0.800000000
453511	0.800000000
813075	0.800000000
1031498	0.100000000
951205	0.800000000
831735	0.300000000
2329151	0.800000000
2931441	0.800000000
1848699	0.300000000
10756	0.800000000
1129986	0.800000000
63833	0.800000000
789924	0.800000000
2247269	0.800000000
2299646	0.800000000
1354491	0.300000000
1288732	0.500000000
2220232	0.300000000
389756	0.600000000
154804	0.800000000
1270249	0.800000000
1987324	0.800000000
1567519	0.300000000
2997536	0.800000000
1836101	0.800000000
1951554	0.300000000
2974028	0.300000000
2705753	0.800000000
2814675	0.100000000
564923	0.800000000
1786604	0.100000000
3004097	0.800000000
2716582	0.800000000
1874255	0.300000000
1935975	0.800000000
1330634	0.100000000
3130463	0.800000000
3338370	0.100000000
246560	0.800000000
2439302	0.300000000
1283167	0.300000000
2628465	0.800000000
2439113	0.800000000
1692129	0.800000000
3038190	0.800000000
2430532	0.800000000
3000644	0.800000000
2108932	0.300000000
3237163	0.200000000
343626	0.800000000
1705365	0.800000000
586134	0.800000000
2589894	0.800000000
1761723	0.800000000
3188640	0.300000000
2715169	0.800000000
253200	0.800000000
2454099	0.800000000
3078628	0.300000000
1745256	0.800000000
883891	0.800000000
2076003	0.800000000
783619	0.100000000
1754098	0.800000000
2955454	0.800000000
2645041	0.700000000
194732	0.800000000
291284	0.800000000
656925	0.800000000
3006429	0.800000000
3216843	0.600000000
2181205	0.300000000
36134	0.800000000
1360758	0.800000000
634512	0.800000000
1099791	0.800000000
88164	0.800000000
3025337	0.800000000
1722780	0.800000000
2057790	0.300000000
2114333	0.800000000
1883555	0.800000000
2074540	0.800000000
1834967	0.300000000
2876437	0.800000000
194255	0.800000000
1107679	0.800000000
2443823	0.800000000
149678	0.800000000
2020693	0.800000000
2874108	0.800000000
2169700	0.800000000
2915118	0.500000000
39863	0.800000000
495222	0.800000000
1427067	0.800000000
2234423	0.800000000
2748743	0.700000000
2631354	0.800000000
3046199	0.800000000
983707	0.800000000
2365382	0.800000000
1975438	0.800000000
3089839	0.800000000
1201489	0.600000000
2672627	0.800000000
21589	0.800000000
2803043	0.300000000
2986658	0.800000000
1008366	0.300000000
2949136	0.800000000
3058130	0.800000000
226588	0.300000000
1991838	0.600000000
2274551	0.800000000
756163	0.800000000
1781486	0.800000000
650886	0.600000000
2444992	0.800000000
609625	0.800000000
2136889	0.800000000
108849	0.800000000
2366023	0.800000000
1217750	0.800000000
928971	0.300000000
1465915	0.800000000
1144895	0.800000000
2982638	0.800000000
515493	0.800000000
3293444	0.500000000
3053092	0.800000000
610876	0.800000000
461552	0.200000000
2842755	0.300000000
2451473	0.100000000
635278	0.800000000
2224412	0.300000000
1768741	0.300000000
466224	0.800000000
2216216	0.600000000
936874	0.800000000
817122	0.800000000
1915832	0.800000000
3000468	0.800000000
143832	0.800000000
1867195	0.300000000
3033320	0.700000000
2295069	0.800000000
2647256	0.600000000
206829	0.800000000
2227481	0.800000000
2937185	0.800000000
653857	0.800000000
3180680	0.800000000
322721	0.800000000
961320	0.800000000
1489222	0.800000000
1192636	0.800000000
2686693	0.800000000
2049410	0.800000000
1044968	0.800000000
3039999	0.800000000
2898238	0.800000000
1782417	0.800000000
585148	0.100000000
2594774	0.100000000
3121345	0.800000000
22005	0.800000000
1411063	0.800000000
1025733	0.800000000
508104	0.800000000
2995440	0.800000000
2163877	0.300000000
681470	0.800000000
2944004	0.800000000
457518	0.800000000
676818	0.800000000
1823742	0.800000000
972948	0.100000000
2898496	0.200000000
2025919	0.800000000
2464450	0.800000000
518913	0.800000000
147266	0.800000000
2449661	0.800000000
2653370	0.400000000
3043438	0.700000000
2196319	0.800000000
3131769	0.800000000
564506	0.800000000
2952816	0.800000000
1879190	0.800000000
1385210	0.800000000
247161	0.800000000
1651438	0.800000000
3051834	0.800000000
378914	0.300000000
1748709	0.300000000
728790	0.800000000
2982176	0.800000000
1966714	0.800000000
1103891	0.800000000
1708919	0.800000000
507119	0.800000000
2900087	0.800000000
1063093	0.800000000
2144463	0.800000000
3077395	0.800000000
2921634	0.800000000
3122133	0.800000000
3027101	0.200000000
8128	0.800000000
14992	0.800000000
802943	0.800000000
48161	0.800000000
2621741	0.100000000
1658631	0.800000000
350159	0.300000000
2862006	0.400000000
2301163	0.300000000
2182455	0.800000000
543439	0.800000000
2514172	0.800000000
1391946	0.600000000
469084	0.800000000
2889130	0.800000000
2263436	0.800000000
1430997	0.800000000
1325007	0.800000000
580677	0.800000000
1947995	0.300000000
620238	0.700000000
762912	0.800000000
1765861	0.600000000
2962965	0.800000000
2988480	0.800000000
2996586	0.200000000
1341999	0.800000000
1475182	0.300000000
2000944	0.300000000
1764995	0.800000000
387833	0.800000000
3023353	0.200000000
2541672	0.800000000
3049225	0.800000000
245760	0.800000000
1724148	0.400000000
1381230	0.800000000
3096557	0.800000000
2246209	0.300000000
1695194	0.800000000
1710023	0.100000000
2946117	0.800000000
1385645	0.800000000
925081	0.800000000
667505	0.800000000
23072	0.800000000
1020414	0.800000000
1934282	0.800000000
663760	0.800000000
1254756	0.800000000
2872318	0.800000000
2701307	0.300000000
3966	0.800000000
3201971	0.800000000
1243696	0.800000000
467174	0.300000000
3113318	0.800000000
3056907	0.800000000
3035739	0.800000000
71094	0.700000000
484435	0.100000000
2655852	0.800000000
2252137	0.800000000
1045330	0.800000000
761038	0.800000000
1535748	0.300000000
532032	0.300000000
2673063	0.600000000
1199372	0.800000000
1226258	0.800000000
1945839	0.800000000
2480999	0.800000000
502497	0.300000000
2738698	0.800000000
2893059	0.800000000
1830150	0.800000000
1707185	0.300000000
2436820	0.800000000
911456	0.100000000
1831949	0.300000000
372635	0.800000000
2279141	0.800000000
3042996	0.800000000
3114120	0.800000000
3036052	0.500000000
1433983	0.500000000
1054404	0.200000000
1458066	0.800000000
2436939	0.800000000
2791163	0.800000000
2659768	0.800000000
2237144	0.800000000
2642921	0.800000000
612659	0.800000000
739991	0.800000000
1322447	0.800000000
2355387	0.800000000
574819	0.800000000
2559979	0.800000000
2695404	0.800000000
313915	0.800000000
1406399	0.100000000
2119075	0.800000000
3081715	0.200000000
2740433	0.800000000
2682012	0.300000000
2601830	0.800000000
110379	0.800000000
2673643	0.800000000
1122695	0.800000000
2974225	0.800000000
968848	0.800000000
151246	0.800000000
399295	0.800000000
3081729	0.300000000
604811	0.800000000
578169	0.300000000
2950834	0.800000000
2926116	0.500000000
2621926	0.800000000
2623974	0.800000000
10755	0.300000000
456591	0.800000000
964504	0.800000000
173851	0.800000000
1697720	0.800000000
2774445	0.800000000
570530	0.800000000
2167122	0.800000000
3061657	0.200000000
1514747	0.800000000
255514	0.800000000
1216930	0.800000000
2744943	0.800000000
591144	0.800000000
2462532	0.800000000
1517424	0.800000000
401852	0.800000000
1399676	0.800000000
2260664	0.800000000
40189	0.800000000
1931980	0.500000000
2027217	0.500000000
2913240	0.800000000
590275	0.800000000
1815830	0.800000000
1798255	0.800000000
1655553	0.200000000
782066	0.800000000
3021129	0.800000000
1279458	0.400000000
1816222	0.800000000
473235	0.300000000
1843321	0.800000000
2403352	0.200000000
1930084	0.700000000
1006261	0.800000000
2898336	0.200000000
1567003	0.300000000
1887222	0.100000000
443885	0.100000000
2763346	0.800000000
772850	0.800000000
1944599	0.300000000
3115657	0.100000000
2163711	0.200000000
1561043	0.800000000
7696	0.800000000
497589	0.800000000
456585	0.800000000
2915319	0.800000000
3010651	0.800000000
1028305	0.800000000
1692500	0.300000000
1751735	0.800000000
2645228	0.100000000
976602	0.800000000
2993329	0.800000000
1996368	0.800000000
444419	0.800000000
1970482	0.800000000
18935	0.800000000
2057142	0.200000000
2359066	0.800000000
717981	0.800000000
764571	0.800000000
2622388	0.800000000
647907	0.100000000
1502537	0.800000000
2791445	0.800000000
1874300	0.200000000
542530	0.800000000
2875711	0.800000000
1152260	0.800000000
2379112	0.300000000
523881	0.800000000
1277776	0.800000000
1910546	0.800000000
1130566	0.800000000
2362685	0.200000000
171941	0.800000000
2541470	0.500000000
1837982	0.800000000
2495078	0.800000000
914196	0.800000000
2658344	0.200000000
1854178	0.800000000
3070571	0.800000000
590857	0.800000000
2012677	0.100000000
3001656	0.800000000
752527	0.800000000
111051	0.800000000
15765	0.800000000
2953113	0.800000000
1874856	0.200000000
716193	0.800000000
998953	0.800000000
3384795	0.400000000
296071	0.300000000
1533342	0.800000000
676568	0.300000000
497116	0.800000000
529748	0.800000000
1374561	0.100000000
497788	0.800000000
12890	0.400000000
741894	0.800000000
2591129	0.800000000
1948112	0.100000000
1713699	0.800000000
976139	0.800000000
831592	0.800000000
1881544	0.800000000
2900577	0.800000000
3072378	0.100000000
2811350	0.600000000
2563804	0.800000000
1866017	0.800000000
2712439	0.800000000
2482564	0.800000000
533845	0.100000000
227383	0.800000000
1244991	0.100000000
2872560	0.800000000
1348689	0.800000000
2500081	0.800000000
131751	0.800000000
2945970	0.800000000
2102241	0.800000000
1421002	0.100000000
1620220	0.800000000
659289	0.600000000
3171786	0.800000000
1096189	0.800000000
472188	0.800000000
2959513	0.800000000
27835	0.800000000
1410131	0.300000000
17743	0.800000000
2101917	0.800000000
2343219	0.800000000
633818	0.800000000
156428	0.800000000
1667603	0.700000000
896455	0.300000000
448161	0.800000000
2954562	0.800000000
2279063	0.800000000
1800665	0.800000000
237218	0.800000000
2563819	0.400000000
664661	0.800000000
2899	0.300000000
1313387	0.800000000
3059220	0.500000000
3131968	0.100000000
1687462	0.300000000
642705	0.800000000
2747535	0.800000000
3057026	0.800000000
1708621	0.800000000
982079	0.800000000
294106	0.300000000
2368882	0.800000000
632785	0.800000000
442474	0.800000000
2470780	0.800000000
397072	0.200000000
3049504	0.800000000
2030541	0.800000000
632527	0.800000000
1829008	0.200000000
805588	0.500000000
1186296	0.800000000
1163415	0.800000000
1313990	0.300000000
2429232	0.800000000
2132772	0.800000000
964346	0.800000000
2896484	0.100000000
1801016	0.700000000
2873741	0.800000000
60747	0.800000000
2645537	0.800000000
583100	0.800000000
1962295	0.800000000
1715384	0.800000000
3106417	0.800000000
2985822	0.800000000
50579	0.800000000
1816204	0.100000000
1302945	0.800000000
264091	0.800000000
807822	0.800000000
1103187	0.800000000
767394	0.100000000
3153694	0.800000000
1070812	0.800000000
1015315	0.800000000
3105671	0.800000000
1735863	0.800000000
784859	0.300000000
368951	0.800000000
515677	0.800000000
1367233	0.800000000
3035967	0.100000000
2856603	0.200000000
2258800	0.800000000
744107	0.800000000
118308	0.800000000
2320294	0.800000000
675314	0.800000000
753889	0.800000000
269278	0.800000000
2620711	0.800000000
2180536	0.800000000
2221053	0.800000000
103698	0.200000000
2682098	0.800000000
2210954	0.800000000
1089736	0.800000000
1524997	0.800000000
2177101	0.800000000
2910538	0.300000000
2899900	0.800000000
244293	0.800000000
1867642	0.600000000
2322108	0.300000000
1725884	0.300000000
852560	0.800000000
3042203	0.800000000
2523137	0.800000000
2288495	0.800000000
1005161	0.800000000
3118630	0.800000000
43137	0.800000000
718660	0.800000000
53906	0.800000000
1497718	0.800000000
2059109	0.800000000
1758141	0.800000000
1969004	0.700000000
1206608	0.200000000
3376640	0.300000000
2569296	0.300000000
128015	0.800000000
2864092	0.100000000
2176260	0.800000000
2069481	0.800000000
51553	0.100000000
9849	0.800000000
2566540	0.100000000
640807	0.800000000
464118	0.800000000
2893586	0.800000000
2079429	0.300000000
2201236	0.800000000
2201545	0.800000000
3070995	0.300000000
805869	0.300000000
20046	0.800000000
170591	0.800000000
3087500	0.800000000
3023110	0.800000000
3030956	0.300000000
1110954	0.300000000
1527950	0.800000000
2135105	0.800000000
982885	0.800000000
2382467	0.800000000
2166173	0.800000000
1832211	0.800000000
323884	0.800000000
1569885	0.800000000
13644	0.800000000
56909	0.300000000
3007384	0.800000000
832135	0.800000000
1161204	0.800000000
2251579	0.800000000
2586898	0.500000000
455757	0.800000000
104238	0.800000000
2896370	0.100000000
2664943	0.800000000
3036045	0.800000000
59246	0.800000000
2157053	0.800000000
2782488	0.800000000
605716	0.800000000
408605	0.800000000
1379210	0.800000000
3065458	0.800000000
1093954	0.800000000
1169668	0.800000000
18506	0.600000000
2704966	0.800000000
2195362	0.800000000
65169	0.300000000
1409927	0.800000000
3008485	0.300000000
1292768	0.800000000
562124	0.800000000
2439021	0.800000000
3098794	0.800000000
3012701	0.800000000
769402	0.100000000
274823	0.800000000
2965693	0.800000000
842313	0.800000000
1737248	0.500000000
2447280	0.800000000
2211358	0.800000000
618540	0.800000000
1613904	0.800000000
1852806	0.300000000
2739941	0.800000000
3489201	0.800000000
59794	0.300000000
612588	0.800000000
1429421	0.800000000
1115531	0.800000000
61870	0.800000000
435387	0.800000000
808531	0.800000000
163422	0.300000000
1098590	0.800000000
2915758	0.800000000
3360002	0.800000000
1794213	0.800000000
1634016	0.700000000
2994482	0.700000000
2066786	0.800000000
1063397	0.800000000
3058845	0.800000000
488695	0.800000000
1456766	0.800000000
2760217	0.800000000
2012040	0.800000000
1729034	0.800000000
1291484	0.800000000
2371417	0.500000000
486230	0.200000000
2023725	0.800000000
2073472	0.800000000
1206212	0.300000000
1560823	0.800000000
1710849	0.100000000
634107	0.800000000
2722776	0.300000000
54416	0.800000000
971462	0.800000000
1700237	0.800000000
3166651	0.800000000
284880	0.800000000
3039837	0.800000000
1702392	0.800000000
2942341	0.800000000
2976316	0.800000000
3115576	0.800000000
2085920	0.800000000
3239568	0.200000000
3047408	0.800000000
814284	0.800000000
601869	0.800000000
2453249	0.200000000
2085228	0.800000000
920037	0.100000000
1805067	0.800000000
2848746	0.800000000
964918	0.800000000
793436	0.800000000
2984556	0.800000000
1084966	0.300000000
3037215	0.800000000
319770	0.800000000
1863822	0.800000000
1444775	0.800000000
1645313	0.800000000
1438030	0.800000000
294190	0.800000000
2625477	0.800000000
3039662	0.800000000
2721235	0.800000000
1348330	0.800000000
1447385	0.800000000
2544621	0.800000000
1406497	0.800000000
977516	0.800000000
2183204	0.200000000
2434785	0.300000000
3051135	0.200000000
681677	0.800000000
2636400	0.800000000
3038637	0.300000000
3012699	0.300000000
2684249	0.800000000
3150534	0.800000000
1006400	0.800000000
1242678	0.100000000
2977033	0.800000000
2718587	0.300000000
70237	0.800000000
973801	0.800000000
2728267	0.800000000
1172278	0.800000000
977144	0.800000000
1780085	0.800000000
2712970	0.800000000
1207900	0.400000000
74127	0.800000000
1969391	0.300000000
3094831	0.800000000
665761	0.300000000
3007455	0.700000000
1432452	0.500000000
1973603	0.800000000
1280291	0.800000000
2457882	0.800000000
3072611	0.100000000
37480	0.800000000
2764912	0.200000000
765838	0.800000000
1316816	0.800000000
1266282	0.800000000
3022671	0.300000000
3603	0.800000000
534715	0.800000000
1005682	0.800000000
3013585	0.800000000
2203808	0.800000000
180025	0.800000000
2056832	0.800000000
1571192	0.800000000
410100	0.800000000
5264	0.800000000
1336873	0.800000000
1688006	0.800000000
1709528	0.800000000
8212	0.800000000
511299	0.200000000
798610	0.100000000
1130241	0.200000000
1157903	0.800000000
731299	0.800000000
1055849	0.800000000
2878507	0.800000000
1500771	0.800000000
2794022	0.700000000
2704428	0.800000000
1200812	0.800000000
1710064	0.800000000
2861	0.800000000
748193	0.500000000
2223162	0.800000000
1299939	0.800000000
3147625	0.800000000
2705634	0.800000000
2467358	0.800000000
2170722	0.800000000
2770429	0.800000000
859379	0.800000000
772752	0.800000000
2423033	0.800000000
3518844	0.500000000
1345882	0.800000000
509929	0.800000000
2188837	0.800000000
2844196	0.300000000
1699097	0.100000000
1002591	0.800000000
1615876	0.800000000
1263303	0.800000000
3125291	0.300000000
350920	0.800000000
3321835	0.300000000
2641754	0.500000000
87448	0.800000000
2190279	0.800000000
3058131	0.800000000
1203897	0.800000000
876815	0.800000000
2301274	0.800000000
1780785	0.800000000
1538007	0.300000000
1576548	0.800000000
451393	0.100000000
2898992	0.800000000
686609	0.800000000
3050570	0.800000000
1271579	0.800000000
561859	0.800000000
2162144	0.800000000
551985	0.800000000
1754707	0.800000000
1029182	0.800000000
1524807	0.700000000
437036	0.800000000
529845	0.800000000
966850	0.100000000
708162	0.600000000
1227096	0.300000000
981192	0.800000000
2281726	0.800000000
11217	0.300000000
1984910	0.100000000
162563	0.800000000
136189	0.800000000
1586751	0.600000000
992014	0.800000000
18380	0.800000000
514216	0.800000000
970594	0.800000000
2747985	0.200000000
2475937	0.800000000
1262966	0.400000000
870514	0.800000000
2031045	0.600000000
3141995	0.800000000
3087576	0.800000000
3145702	0.800000000
1611029	0.100000000
213115	0.100000000
2659547	0.200000000
2785678	0.500000000
740188	0.800000000
689876	0.800000000
2056141	0.800000000
3237660	0.200000000
112810	0.800000000
213797	0.800000000
3749	0.800000000
1519876	0.800000000
495839	0.800000000
634363	0.800000000
1753021	0.800000000
259116	0.800000000
707689	0.800000000
494863	0.800000000
1007766	0.800000000
2772046	0.300000000
2168241	0.800000000
291412	0.800000000
2873903	0.300000000
2229262	0.800000000
1422318	0.800000000
2435754	0.300000000
2593198	0.800000000
508986	0.800000000
3034050	0.300000000
2028037	0.800000000
1525810	0.800000000
1752659	0.800000000
2637353	0.100000000
1361539	0.800000000
3038626	0.100000000
155822	0.800000000
2798134	0.800000000
1957056	0.800000000
2962101	0.200000000
2942718	0.800000000
1004341	0.800000000
1604604	0.800000000
3011707	0.800000000
2269381	0.800000000
2698605	0.800000000
2024679	0.800000000
778156	0.200000000
2055352	0.800000000
284855	0.800000000
965441	0.800000000
1729210	0.800000000
2367671	0.800000000
2447121	0.800000000
1804318	0.300000000
3542	0.800000000
2056588	0.800000000
1808600	0.800000000
1025981	0.800000000
137778	0.800000000
3024168	0.300000000
1474297	0.800000000
1755236	0.800000000
195012	0.800000000
2254242	0.800000000
66660	0.800000000
1649251	0.800000000
735644	0.800000000
2656321	0.800000000
1309005	0.300000000
2694732	0.800000000
2870932	0.800000000
1867218	0.100000000
1765280	0.800000000
2568745	0.800000000
1498454	0.800000000
697961	0.800000000
3072073	0.300000000
2468825	0.800000000
2209006	0.800000000
36631	0.800000000
2856922	0.800000000
2974842	0.800000000
1271916	0.800000000
2705387	0.800000000
968882	0.800000000
1129469	0.800000000
2221393	0.200000000
2611936	0.800000000
130621	0.800000000
276059	0.800000000
139812	0.800000000
979155	0.100000000
825320	0.800000000
2758450	0.800000000
2523925	0.500000000
2801335	0.800000000
318615	0.800000000
902545	0.800000000
2565676	0.800000000
24408	0.800000000
961180	0.800000000
2566415	0.800000000
2295559	0.800000000
1634440	0.800000000
2748499	0.800000000
1323499	0.800000000
3006359	0.800000000
89867	0.800000000
320675	0.800000000
3023709	0.800000000
2125765	0.400000000
1268441	0.800000000
2362668	0.200000000
2820416	0.800000000
1121647	0.800000000
3083225	0.300000000
2474517	0.300000000
2878052	0.100000000
2740810	0.300000000
2756583	0.100000000
479885	0.800000000
3044686	0.400000000
710875	0.800000000
2207024	0.800000000
242403	0.600000000
294946	0.800000000
2434502	0.400000000
1294232	0.800000000
3181511	0.100000000
2492479	0.100000000
1383062	0.800000000
2187697	0.800000000
1532333	0.800000000
2896013	0.300000000
2622211	0.800000000
178430	0.800000000
1813516	0.700000000
1235482	0.300000000
3134140	0.100000000
2113839	0.800000000
1434710	0.800000000
211707	0.800000000
2686898	0.100000000
1858638	0.800000000
1022937	0.500000000
8287	0.800000000
2211476	0.800000000
1592420	0.800000000
2941972	0.300000000
3205638	0.100000000
2079977	0.800000000
11212	0.800000000
349814	0.800000000
2215520	0.800000000
3369858	0.800000000
2751258	0.800000000
1281752	0.300000000
1908535	0.300000000
972945	0.800000000
823268	0.800000000
2247982	0.600000000
10774	0.800000000
2370956	0.800000000
340864	0.300000000
917216	0.800000000
2651114	0.800000000
2426220	0.800000000
1670419	0.800000000
1326634	0.800000000
2129575	0.800000000
971478	0.600000000
2703943	0.800000000
1838375	0.800000000
2673143	0.800000000
2919013	0.800000000
1372536	0.800000000
1319355	0.800000000
3003910	0.300000000
2935887	0.600000000
548724	0.800000000
2932984	0.800000000
2267467	0.800000000
2048877	0.800000000
1963740	0.800000000
1483399	0.800000000
3036091	0.400000000
99320	0.400000000
810300	0.800000000
2767913	0.600000000
1203788	0.500000000
388471	0.800000000
2918880	0.800000000
956538	0.800000000
2208329	0.800000000
257442	0.700000000
2264067	0.300000000
427218	0.800000000
2431418	0.500000000
2065085	0.300000000
1429539	0.800000000
434095	0.800000000
2066219	0.800000000
646419	0.800000000
800303	0.800000000
2362554	0.800000000
1011405	0.500000000
2281033	0.100000000
567326	0.800000000
1298046	0.800000000
655426	0.800000000
331761	0.800000000
2338104	0.800000000
2841761	0.800000000
1924850	0.300000000
280469	0.100000000
2595207	0.800000000
2216896	0.800000000
2086147	0.800000000
940192	0.800000000
336459	0.800000000
1265177	0.800000000
478825	0.800000000
2234783	0.800000000
3050224	0.800000000
697005	0.800000000
3118675	0.400000000
2521075	0.800000000
1869109	0.200000000
1739247	0.300000000
2183542	0.800000000
2137148	0.800000000
299610	0.600000000
2050872	0.300000000
2333740	0.800000000
319918	0.800000000
3078203	0.300000000
2421410	0.200000000
2989088	0.800000000
2966451	0.800000000
3128726	0.800000000
2125066	0.800000000
3099191	0.800000000
2901519	0.800000000
1355107	0.800000000
2291169	0.800000000
3067135	0.300000000
1420326	0.800000000
540011	0.800000000
1351133	0.800000000
3005279	0.800000000
128831	0.200000000
2056008	0.800000000
1313680	0.800000000
987693	0.800000000
1843078	0.500000000
2421026	0.800000000
2791036	0.800000000
3102501	0.800000000
1640938	0.100000000
1748578	0.800000000
981112	0.100000000
1284080	0.800000000
2038512	0.800000000
1075915	0.800000000
2614322	0.800000000
1105657	0.800000000
2931026	0.800000000
558365	0.800000000
2940698	0.800000000
5916	0.800000000
310187	0.800000000
2899725	0.300000000
818682	0.700000000
2053512	0.800000000
895467	0.800000000
461045	0.300000000
2576777	0.800000000
422460	0.800000000
492893	0.100000000
29475	0.100000000
243333	0.800000000
2951880	0.800000000
2423758	0.800000000
731397	0.800000000
2666128	0.800000000
2040116	0.100000000
250053	0.200000000
2671457	0.800000000
87053	0.800000000
2152833	0.200000000
325186	0.800000000
1981785	0.300000000
3285896	0.100000000
2461518	0.800000000
843628	0.800000000
3062400	0.100000000
228871	0.800000000
1883701	0.800000000
1950412	0.800000000
69653	0.800000000
2936674	0.300000000
1514694	0.800000000
1675535	0.800000000
2094460	0.200000000
1407152	0.800000000
3146001	0.800000000
479646	0.300000000
254730	0.800000000
1807671	0.800000000
94930	0.800000000
3102541	0.800000000
3132932	0.300000000
2534681	0.300000000
3320052	0.800000000
3114973	0.700000000
1233123	0.800000000
2401224	0.800000000
2538393	0.200000000
1240850	0.300000000
2791301	0.800000000
3238521	0.300000000
395096	0.800000000
2971557	0.800000000
923467	0.800000000
2448406	0.800000000
2518562	0.800000000
3317457	0.800000000
1077494	0.800000000
960301	0.800000000
1650056	0.800000000
2835445	0.800000000
832233	0.300000000
3020555	0.800000000
1987609	0.800000000
1948560	0.800000000
3007708	0.800000000
632220	0.800000000
2791728	0.600000000
2696252	0.300000000
2330734	0.800000000
1891434	0.800000000
1932101	0.300000000
777541	0.800000000
1965072	0.800000000
820360	0.800000000
2752	0.800000000
1706629	0.800000000
1285091	0.800000000
825418	0.800000000
3156741	0.400000000
1259155	0.800000000
3456755	0.100000000
2880038	0.800000000
3111260	0.700000000
3122611	0.800000000
1674001	0.800000000
1422867	0.600000000
1146385	0.800000000
1097310	0.500000000
2822009	0.800000000
386847	0.800000000
14805	0.800000000
589245	0.800000000
3281730	0.100000000
10193	0.800000000
3236937	0.800000000
5222	0.800000000
913455	0.800000000
2346892	0.800000000
2769664	0.600000000
2764620	0.300000000
1297171	0.800000000
2184290	0.800000000
1761777	0.100000000
88402	0.800000000
2762533	0.800000000
1862426	0.100000000
2575063	0.800000000
1414299	0.800000000
2079845	0.800000000
3042460	0.200000000
2709264	0.100000000
247635	0.800000000
2688624	0.300000000
2114271	0.800000000
2668407	0.300000000
2698325	0.200000000
1213316	0.800000000
143275	0.800000000
1050709	0.800000000
342176	0.800000000
1910671	0.500000000
2979099	0.800000000
2633613	0.800000000
2986442	0.700000000
864363	0.800000000
1086496	0.300000000
3033047	0.800000000
633443	0.800000000
1912064	0.800000000
3173995	0.300000000
1930221	0.800000000
2688256	0.200000000
538902	0.800000000
2862634	0.800000000
2055745	0.800000000
973044	0.300000000
254150	0.800000000
229015	0.800000000
1016095	0.800000000
2860804	0.800000000
2259274	0.800000000
2993489	0.800000000
3127042	0.600000000
946281	0.800000000
568262	0.200000000
2171678	0.800000000
2796528	0.300000000
89988	0.800000000
2114132	0.800000000
2384397	0.500000000
1436609	0.800000000
2208981	0.800000000
2880233	0.800000000
136752	0.800000000
1525640	0.800000000
2665090	0.800000000
2563307	0.800000000
1984137	0.800000000
5171	0.800000000
1905507	0.800000000
3243228	0.800000000
1980508	0.500000000
2558833	0.800000000
2914992	0.400000000
1274477	0.800000000
1337837	0.800000000
2913071	0.300000000
2855569	0.800000000
1867271	0.800000000
2602228	0.800000000
204792	0.300000000
2213104	0.800000000
6353	0.800000000
3120931	0.800000000
1832471	0.800000000
3048345	0.800000000
180948	0.800000000
527862	0.800000000
175528	0.300000000
958705	0.100000000
1844242	0.800000000
107328	0.800000000
501836	0.500000000
2574792	0.200000000
1436213	0.800000000
922931	0.800000000
3054858	0.800000000
443190	0.800000000
659803	0.800000000
1023316	0.800000000
1748100	0.800000000
3086357	0.100000000
1769367	0.800000000
3209776	0.500000000
1775376	0.800000000
1753134	0.800000000
243819	0.800000000
544684	0.100000000
754494	0.500000000
507467	0.100000000
925562	0.800000000
3150094	0.300000000
1813988	0.800000000
844260	0.800000000
2023951	0.800000000
2559658	0.800000000
2131342	0.800000000
2331301	0.800000000
6932	0.800000000
3019830	0.800000000
322934	0.100000000
997326	0.300000000
708043	0.800000000
3019847	0.200000000
1849922	0.800000000
1185295	0.800000000
1183723	0.300000000
3063667	0.600000000
2934961	0.800000000
2990427	0.800000000
2051472	0.300000000
289176	0.800000000
1984432	0.800000000
529936	0.800000000
750066	0.300000000
1236623	0.800000000
655834	0.800000000
1565638	0.800000000
3129710	0.100000000
3224740	0.100000000
808776	0.800000000
3082860	0.200000000
3075731	0.800000000
1282869	0.800000000
2593235	0.300000000
172059	0.800000000
2522763	0.100000000
2915771	0.800000000
73926	0.800000000
1089848	0.800000000
3082458	0.700000000
2387276	0.800000000
1002975	0.800000000
1933986	0.800000000
2597252	0.800000000
2061768	0.300000000
440432	0.800000000
538326	0.800000000
83795	0.800000000
1466186	0.800000000
811367	0.800000000
672043	0.300000000
2030625	0.800000000
1278074	0.800000000
1886805	0.800000000
1878810	0.100000000
1944166	0.200000000
2458508	0.300000000
1380627	0.800000000
1908920	0.800000000
2796540	0.800000000
2264092	0.800000000
2976609	0.200000000
2860666	0.800000000
2639236	0.800000000
1621685	0.800000000
1680692	0.800000000
385876	0.300000000
530075	0.800000000
2667644	0.800000000
66094	0.100000000
763175	0.800000000
71805	0.800000000
1064200	0.800000000
636373	0.100000000
3133288	0.800000000
2971730	0.800000000
2834063	0.300000000
3156276	0.800000000
2070586	0.800000000
1853315	0.800000000
523780	0.100000000
1146714	0.800000000
1698803	0.800000000
2839961	0.800000000
315035	0.800000000
2939808	0.800000000
2937094	0.800000000
1292781	0.800000000
2118530	0.800000000
577687	0.700000000
2990074	0.800000000
1489263	0.800000000
2608976	0.800000000
420603	0.800000000
1414006	0.800000000
45929	0.100000000
2746700	0.800000000
362948	0.800000000
11874	0.800000000
2333607	0.800000000
1015316	0.300000000
1069278	0.800000000
650915	0.300000000
1917815	0.800000000
452892	0.800000000
1007796	0.500000000
1441594	0.800000000
2146899	0.800000000
1853643	0.800000000
2733312	0.800000000
2503975	0.800000000
1815497	0.800000000
505897	0.800000000
774927	0.800000000
3017081	0.200000000
3002779	0.600000000
240462	0.100000000
2247984	0.300000000
2411532	0.800000000
2768911	0.700000000
508089	0.800000000
27628	0.800000000
651625	0.300000000
1509540	0.100000000
71257	0.300000000
1412678	0.800000000
812464	0.500000000
1631973	0.800000000
2370806	0.300000000
3018556	0.800000000
2220687	0.800000000
4112	0.400000000
2744093	0.800000000
558671	0.800000000
2943342	0.800000000
2669535	0.100000000
3105586	0.100000000
1264860	0.800000000
2976593	0.800000000
2271080	0.800000000
130150	0.800000000
949406	0.800000000
2122166	0.800000000
749635	0.800000000
1157682	0.800000000
3294248	0.100000000
2070864	0.800000000
24903	0.800000000
2240784	0.800000000
2289796	0.800000000
2170258	0.800000000
1739015	0.200000000
1975985	0.800000000
1394240	0.500000000
1661026	0.800000000
2316176	0.100000000
1631857	0.800000000
1082640	0.800000000
466904	0.800000000
1326850	0.300000000
2780719	0.800000000
3259413	0.800000000
560971	0.800000000
286107	0.800000000
534876	0.800000000
35617	0.800000000
3019238	0.100000000
313673	0.800000000
1900175	0.500000000
3071838	0.800000000
2069518	0.800000000
2676655	0.800000000
3028544	0.800000000
2508290	0.800000000
2001953	0.800000000
3097466	0.800000000
3312443	0.800000000
423852	0.800000000
1570574	0.300000000
1613113	0.800000000
1568240	0.800000000
2145281	0.100000000
81182	0.800000000
2543218	0.800000000
904544	0.800000000
940592	0.800000000
1516518	0.800000000
684142	0.800000000
3024803	0.800000000
2690509	0.800000000
16382	0.800000000
2445813	0.300000000
1968547	0.800000000
2046054	0.800000000
2893145	0.300000000
438232	0.800000000
1764600	0.800000000
2920110	0.300000000
1076908	0.800000000
1069734	0.800000000
1715443	0.800000000
785241	0.800000000
3121935	0.800000000
1887209	0.800000000
2761381	0.100000000
2452049	0.800000000
1095662	0.800000000
2071753	0.800000000
2858344	0.800000000
177830	0.800000000
52995	0.800000000
3084057	0.800000000
2149953	0.400000000
7478	0.800000000
2651881	0.100000000
2716415	0.800000000
2013031	0.200000000
3132867	0.800000000
3047794	0.800000000
2090565	0.800000000
2885071	0.800000000
949470	0.800000000
1534846	0.500000000
3213750	0.600000000
483645	0.800000000
3076918	0.800000000
1760166	0.800000000
3065119	0.400000000
2682170	0.800000000
30473	0.800000000
1326541	0.800000000
2837970	0.800000000
553662	0.800000000
1457263	0.200000000
3029879	0.500000000
3033557	0.300000000
1649300	0.800000000
389284	0.800000000
1065395	0.800000000
2480909	0.800000000
2038281	0.800000000
445466	0.800000000
2235434	0.800000000
474034	0.800000000
2916285	0.200000000
3052267	0.800000000
366143	0.800000000
2060242	0.800000000
132347	0.200000000
1375215	0.100000000
707390	0.800000000
627617	0.800000000
972230	0.500000000
1164903	0.800000000
2282615	0.300000000
2288462	0.800000000
3025004	0.800000000
2868954	0.800000000
1886492	0.800000000
1632986	0.800000000
2375090	0.800000000
1120726	0.700000000
1686421	0.800000000
1622659	0.800000000
689396	0.800000000
452913	0.800000000
766104	0.500000000
1039161	0.300000000
1406379	0.800000000
829955	0.800000000
2888431	0.800000000
67527	0.800000000
1815536	0.100000000
1528511	0.800000000
15403	0.100000000
1414771	0.100000000
2787584	0.800000000
2257743	0.800000000
2914860	0.300000000
32742	0.800000000
2687180	0.800000000
1148336	0.400000000
1174584	0.800000000
2697398	0.800000000
2177059	0.800000000
684028	0.800000000
1483584	0.800000000
3158363	0.100000000
1157098	0.800000000
2054164	0.800000000
3150606	0.800000000
1354384	0.100000000
3048697	0.700000000
121043	0.800000000
1977277	0.800000000
40303	0.800000000
1567808	0.800000000
1161103	0.800000000
3160926	0.200000000
491216	0.300000000
2784799	0.300000000
356071	0.800000000
1207130	0.800000000
2726386	0.800000000
1615116	0.800000000
2590050	0.800000000
1586846	0.100000000
1417337	0.300000000
125092	0.200000000
28390	0.800000000
2369864	0.800000000
2768071	0.800000000
731109	0.800000000
32020	0.800000000
493602	0.800000000
1778475	0.300000000
2418918	0.300000000
2665749	0.800000000
45381	0.800000000
3145650	0.600000000
104529	0.800000000
177833	0.800000000
2684301	0.800000000
1968575	0.500000000
3070590	0.300000000
1820298	0.800000000
2436463	0.300000000
2935891	0.300000000
3029253	0.800000000
1907550	0.300000000
1874239	0.800000000
2926412	0.200000000
2851923	0.800000000
3432342	0.400000000
1444223	0.800000000
3078145	0.800000000
3040701	0.800000000
257412	0.800000000
753606	0.800000000
2250943	0.100000000
2985098	0.800000000
813777	0.800000000
3143063	0.800000000
1533502	0.800000000
2030695	0.800000000
693894	0.500000000
260380	0.800000000
1212908	0.800000000
2029709	0.800000000
2648087	0.100000000
1701238	0.800000000
7675	0.800000000
994476	0.800000000
282582	0.800000000
2322241	0.800000000
2650410	0.800000000
293659	0.800000000
2297988	0.500000000
2883121	0.100000000
492663	0.100000000
249699	0.800000000
494069	0.800000000
2745769	0.200000000
339155	0.800000000
1730180	0.300000000
1195002	0.800000000
4822	0.800000000
3250679	0.800000000
2345762	0.800000000
1842713	0.800000000
2911583	0.400000000
2952507	0.800000000
267175	0.800000000
2217124	0.800000000
1979954	0.800000000
419353	0.500000000
2386493	0.800000000
1357034	0.200000000
1676633	0.800000000
2399800	0.800000000
2663964	0.800000000
2092585	0.800000000
3077988	0.300000000
1342386	0.800000000
231023	0.800000000
2883446	0.800000000
928526	0.800000000
2472336	0.200000000
1663922	0.800000000
2839719	0.300000000
1861031	0.800000000
822191	0.800000000
1645848	0.800000000
3529123	0.800000000
2166637	0.300000000
1251569	0.800000000
2012236	0.800000000
2303187	0.800000000
1187903	0.200000000
1915648	0.800000000
482818	0.800000000
2012667	0.800000000
3065022	0.200000000
579263	0.800000000
2840939	0.800000000
43264	0.700000000
454603	0.800000000
2829371	0.800000000
506176	0.800000000
2989673	0.800000000
2982235	0.300000000
49395	0.800000000
1392972	0.400000000
2995608	0.800000000
2069961	0.300000000
2075647	0.800000000
2124118	0.800000000
2878333	0.800000000
8146	0.300000000
2409157	0.800000000
2675513	0.300000000
2745701	0.800000000
3168573	0.800000000
104225	0.800000000
1978188	0.800000000
1019840	0.300000000
1777985	0.800000000
3461166	0.800000000
2072563	0.800000000
992697	0.300000000
2638613	0.800000000
1582	0.800000000
1847481	0.800000000
2196811	0.300000000
1212237	0.800000000
2068625	0.200000000
864672	0.800000000
1144107	0.800000000
521451	0.800000000
2575947	0.100000000
1545685	0.800000000
1831381	0.800000000
1202195	0.800000000
158380	0.800000000
571598	0.800000000
2726780	0.600000000
193128	0.800000000
1253478	0.100000000
2805321	0.300000000
3414837	0.800000000
3583646	0.800000000
2683865	0.800000000
2269868	0.800000000
1831916	0.800000000
2817326	0.300000000
466617	0.200000000
1077096	0.800000000
1143626	0.800000000
611665	0.800000000
3456680	0.800000000
2096434	0.800000000
366999	0.300000000
2966120	0.800000000
2486252	0.800000000
2713826	0.300000000
733114	0.300000000
3196256	0.800000000
2682941	0.800000000
2439528	0.800000000
1548042	0.800000000
2999706	0.800000000
497829	0.800000000
2561541	0.800000000
814917	0.700000000
2517549	0.500000000
2930898	0.800000000
426450	0.800000000
2388787	0.800000000
2277987	0.800000000
2606747	0.800000000
1265915	0.800000000
180177	0.800000000
2840719	0.300000000
1564663	0.800000000
1220360	0.800000000
2092377	0.300000000
2194787	0.800000000
64085	0.800000000
975596	0.800000000
2134636	0.300000000
422103	0.300000000
1147168	0.800000000
736877	0.800000000
46256	0.800000000
965594	0.500000000
1161328	0.300000000
1403297	0.100000000
654215	0.800000000
1495791	0.800000000
1154428	0.800000000
1982218	0.800000000
244103	0.800000000
32239	0.800000000
2548999	0.800000000
851357	0.800000000
2076903	0.800000000
904199	0.800000000
2409841	0.800000000
1256455	0.800000000
1859953	0.800000000
2186301	0.800000000
717458	0.200000000
111886	0.800000000
3043730	0.800000000
2832590	0.800000000
731503	0.800000000
2964589	0.800000000
656185	0.800000000
2118118	0.400000000
1888779	0.800000000
782698	0.800000000
2984221	0.800000000
497040	0.800000000
966449	0.100000000
465997	0.200000000
95547	0.200000000
2150726	0.800000000
2964087	0.300000000
2354904	0.800000000
985419	0.800000000
2919820	0.800000000
1814172	0.800000000
1441883	0.800000000
284262	0.300000000
2886079	0.700000000
1429319	0.100000000
2324552	0.800000000
2955057	0.800000000
1446236	0.800000000
112376	0.800000000
3027783	0.800000000
64759	0.800000000
514628	0.800000000
1660439	0.800000000
2968161	0.800000000
2244223	0.800000000
2481152	0.800000000
755306	0.800000000
1990329	0.100000000
1610637	0.300000000
2182721	0.400000000
2954636	0.800000000
2621256	0.800000000
595656	0.800000000
1830770	0.800000000
23158	0.800000000
1270494	0.500000000
2420118	0.800000000
1062231	0.200000000
281375	0.800000000
186483	0.800000000
2282539	0.800000000
29583	0.800000000
1344175	0.500000000
1309887	0.800000000
415559	0.800000000
1619895	0.800000000
2544867	0.800000000
2405184	0.800000000
2358568	0.800000000
3192469	0.500000000
99580	0.800000000
839747	0.800000000
2934494	0.800000000
2648341	0.800000000
1074505	0.800000000
1924300	0.800000000
3122124	0.300000000
1897751	0.800000000
853631	0.800000000
99739	0.800000000
1840043	0.800000000
3084002	0.300000000
798590	0.800000000
14956	0.800000000
2109364	0.800000000
2508876	0.100000000
3010192	0.300000000
713832	0.800000000
314972	0.600000000
1643689	0.800000000
1107159	0.300000000
805381	0.800000000
2636504	0.800000000
2671372	0.800000000
2953341	0.800000000
272230	0.300000000
498193	0.800000000
2473225	0.300000000
1839604	0.800000000
2957372	0.300000000
2858809	0.800000000
3140007	0.100000000
1456039	0.800000000
380231	0.100000000
1129774	0.800000000
18970	0.800000000
170432	0.800000000
3035676	0.800000000
2111206	0.800000000
622899	0.500000000
1942524	0.800000000
3120861	0.800000000
3263283	0.300000000
308078	0.800000000
2335139	0.300000000
2999876	0.800000000
776876	0.800000000
3073975	0.300000000
2281883	0.800000000
2876352	0.800000000
644160	0.800000000
300198	0.800000000
1102657	0.800000000
2743327	0.800000000
1909129	0.100000000
3070201	0.800000000
2209844	0.100000000
2423347	0.200000000
3390104	0.800000000
3125683	0.800000000
970512	0.800000000
2862036	0.400000000
958117	0.800000000
2215616	0.800000000
1882285	0.800000000
834809	0.200000000
2112762	0.300000000
3185036	0.200000000
2837573	0.100000000
2385950	0.800000000
73881	0.800000000
3093601	0.800000000
3136710	0.300000000
1655225	0.500000000
1828073	0.800000000
2761222	0.300000000
821763	0.800000000
1929319	0.800000000
1612262	0.800000000
2326249	0.400000000
1614892	0.800000000
1161029	0.800000000
2104884	0.200000000
1787280	0.800000000
2041954	0.800000000
3043099	0.800000000
2298283	0.100000000
1733327	0.800000000
1646966	0.800000000
1850777	0.800000000
1205115	0.300000000
3078600	0.800000000
931066	0.800000000
1394807	0.800000000
2957422	0.800000000
948299	0.400000000
560280	0.500000000
533910	0.800000000
633981	0.800000000
1142781	0.300000000
1900407	0.800000000
1309734	0.300000000
74475	0.800000000
263434	0.800000000
3115694	0.400000000
1608835	0.700000000
1062015	0.800000000
7240	0.800000000
798419	0.800000000
3227230	0.800000000
264645	0.800000000
3035460	0.300000000
1775831	0.800000000
2117721	0.800000000
972089	0.800000000
1055263	0.800000000
2806857	0.800000000
1523665	0.800000000
166470	0.800000000
1796343	0.800000000
2903	0.800000000
3247679	0.800000000
2696939	0.800000000
950217	0.800000000
2067847	0.800000000
1331569	0.300000000
767971	0.800000000
3084759	0.100000000
1504252	0.800000000
2117431	0.600000000
1271134	0.300000000
2120561	0.800000000
658802	0.800000000
2739030	0.200000000
2983811	0.800000000
58642	0.800000000
64322	0.800000000
1501572	0.800000000
2407194	0.100000000
2740941	0.800000000
1114618	0.800000000
27993	0.800000000
928984	0.800000000
2789185	0.300000000
795373	0.800000000
2068301	0.800000000
2636173	0.300000000
2979271	0.300000000
1125550	0.800000000
2031306	0.300000000
2837335	0.800000000
3066359	0.800000000
2729906	0.800000000
