1589	0.916666666
1631	0.916666666
2375	0.916666666
2505	0.916666666
3637	0.916666666
4289	0.916666666
4821	0.916666666
5880	0.916666666
5896	0.916666666
6372	0.916666666
6927	0.416666666
7153	0.916666666
7160	0.916666666
7165	0.916666666
7997	0.916666666
8212	0.916666666
8267	0.916666666
8433	0.916666666
9824	0.916666666
14051	0.416666666
14313	0.416666666
14505	0.916666666
14704	0.916666666
15647	0.916666666
16858	0.916666666
17167	0.916666666
19068	0.916666666
24083	0.916666666
27051	0.916666666
30737	0.333333333
35991	0.916666666
37014	0.916666666
40886	0.916666666
40925	0.916666666
43215	0.916666666
43257	0.916666666
45345	0.916666666
51627	0.916666666
51813	0.916666666
53143	0.916666666
53669	0.916666666
53781	0.916666666
56552	0.916666666
56801	0.916666666
59159	0.916666666
62528	0.916666666
63517	0.916666666
64085	0.916666666
68303	0.833333333
68666	0.833333333
69402	0.916666666
71779	0.583333333
74352	0.916666666
74778	0.916666666
83706	0.583333333
84218	0.916666666
86545	0.916666666
88402	0.916666666
90016	0.916666666
93520	0.916666666
94285	0.916666666
95356	0.916666666
95889	0.916666666
104706	0.916666666
104751	0.916666666
107924	0.916666666
111602	0.916666666
114212	0.916666666
114310	0.916666666
114698	0.916666666
117850	0.916666666
118680	0.916666666
120148	0.916666666
120153	0.666666666
120363	0.916666666
121478	0.916666666
126003	0.916666666
126335	0.916666666
130102	0.916666666
130364	0.916666666
132492	0.916666666
133372	0.416666666
133550	0.916666666
135977	0.916666666
138838	0.916666666
141572	0.916666666
147624	0.916666666
152481	0.916666666
153581	0.250000000
158231	0.916666666
160564	0.916666666
160579	0.916666666
165334	0.916666666
169079	0.916666666
171612	0.916666666
171951	0.916666666
172942	0.666666666
191019	0.916666666
197067	0.916666666
203255	0.916666666
216962	0.166666666
218677	0.916666666
227851	0.916666666
231056	0.916666666
234006	0.916666666
234504	0.916666666
235321	0.916666666
235367	0.916666666
235484	0.916666666
238948	0.916666666
240210	0.916666666
245593	0.166666666
247243	0.916666666
247580	0.166666666
248189	0.916666666
248655	0.916666666
251670	0.916666666
259489	0.916666666
265873	0.916666666
267044	0.916666666
273069	0.916666666
273305	0.583333333
275266	0.916666666
277286	0.916666666
277530	0.583333333
278096	0.916666666
278412	0.916666666
279553	0.916666666
279665	0.916666666
280878	0.916666666
281114	0.916666666
281584	0.916666666
283512	0.916666666
286366	0.916666666
286881	0.916666666
286890	0.916666666
291392	0.916666666
293455	0.916666666
293871	0.916666666
296984	0.916666666
299001	0.916666666
299600	0.916666666
299610	0.833333333
302592	0.916666666
305112	0.916666666
308101	0.916666666
310088	0.916666666
310521	0.166666666
311269	0.916666666
314231	0.500000000
315386	0.916666666
315641	0.916666666
316871	0.916666666
317022	0.916666666
317903	0.916666666
318119	0.916666666
318548	0.916666666
319192	0.916666666
325086	0.916666666
326201	0.333333333
326914	0.916666666
327275	0.916666666
328429	0.916666666
330155	0.916666666
330481	0.916666666
331553	0.916666666
333094	0.916666666
334354	0.916666666
334482	0.916666666
337462	0.916666666
339155	0.916666666
342021	0.916666666
343187	0.916666666
344002	0.916666666
346109	0.916666666
347093	0.083333333
356208	0.083333333
358931	0.916666666
362390	0.916666666
366109	0.916666666
370730	0.916666666
373052	0.916666666
375470	0.916666666
378471	0.916666666
379116	0.916666666
379785	0.916666666
381532	0.916666666
386874	0.916666666
388332	0.916666666
390350	0.916666666
390386	0.416666666
390583	0.916666666
395373	0.916666666
395676	0.916666666
396035	0.916666666
396304	0.916666666
396368	0.916666666
396578	0.916666666
400291	0.916666666
401010	0.833333333
403203	0.916666666
403401	0.916666666
405854	0.916666666
407054	0.916666666
408322	0.916666666
410321	0.916666666
411067	0.916666666
412197	0.083333333
412406	0.916666666
414902	0.916666666
415344	0.916666666
416676	0.916666666
417385	0.916666666
426720	0.916666666
429054	0.916666666
429398	0.916666666
436401	0.916666666
437845	0.916666666
442171	0.916666666
442217	0.916666666
442530	0.916666666
444315	0.166666666
444556	0.916666666
445293	0.083333333
446725	0.916666666
447739	0.916666666
448100	0.916666666
448938	0.916666666
449045	0.916666666
449109	0.916666666
449633	0.916666666
454998	0.916666666
455543	0.916666666
456348	0.916666666
457319	0.916666666
457616	0.916666666
459511	0.916666666
461416	0.916666666
462337	0.916666666
464002	0.916666666
464581	0.916666666
467491	0.916666666
468574	0.916666666
468973	0.916666666
469080	0.916666666
469792	0.916666666
471232	0.916666666
472389	0.916666666
473235	0.916666666
474994	0.916666666
478310	0.916666666
478395	0.916666666
479106	0.916666666
480817	0.916666666
482394	0.916666666
482520	0.416666666
484137	0.916666666
484326	0.916666666
489276	0.500000000
491933	0.833333333
492554	0.666666666
495705	0.416666666
498341	0.916666666
500497	0.916666666
500949	0.916666666
504741	0.916666666
505101	0.916666666
507434	0.916666666
508452	0.916666666
509559	0.916666666
509832	0.666666666
510381	0.916666666
512334	0.916666666
512426	0.916666666
514265	0.916666666
514979	0.916666666
516310	0.916666666
518361	0.916666666
518554	0.916666666
519083	0.333333333
519417	0.916666666
519423	0.916666666
519780	0.916666666
521944	0.333333333
523935	0.916666666
526510	0.916666666
529485	0.916666666
535356	0.916666666
537370	0.916666666
543459	0.166666666
544602	0.916666666
544862	0.916666666
548962	0.916666666
548992	0.250000000
549093	0.916666666
552917	0.916666666
554043	0.916666666
554347	0.916666666
554628	0.583333333
564738	0.916666666
567259	0.916666666
569364	0.916666666
572172	0.916666666
572369	0.916666666
575640	0.916666666
578181	0.916666666
580178	0.083333333
580677	0.916666666
580978	0.500000000
581640	0.916666666
582046	0.916666666
584166	0.916666666
586250	0.916666666
587549	0.333333333
588465	0.916666666
591504	0.916666666
592039	0.916666666
593227	0.916666666
593315	0.416666666
595418	0.750000000
595586	0.916666666
596018	0.916666666
599658	0.916666666
599875	0.750000000
602673	0.916666666
605342	0.916666666
605644	0.833333333
605955	0.916666666
607859	0.916666666
609314	0.916666666
609506	0.583333333
610276	0.916666666
610481	0.916666666
613486	0.916666666
614343	0.916666666
617252	0.916666666
617658	0.916666666
618403	0.083333333
620968	0.916666666
623678	0.916666666
625566	0.916666666
628167	0.916666666
628266	0.083333333
629030	0.916666666
629283	0.916666666
630016	0.916666666
630690	0.916666666
631173	0.916666666
631265	0.916666666
631351	0.083333333
632635	0.916666666
632890	0.916666666
633781	0.916666666
635768	0.916666666
637418	0.916666666
638297	0.916666666
638837	0.750000000
641489	0.916666666
641970	0.333333333
643221	0.916666666
647892	0.916666666
648061	0.500000000
648958	0.916666666
651061	0.916666666
652238	0.916666666
652247	0.583333333
653054	0.333333333
655317	0.916666666
655566	0.916666666
655834	0.916666666
655999	0.916666666
656387	0.916666666
661613	0.916666666
661722	0.916666666
661906	0.916666666
662393	0.916666666
663013	0.916666666
665926	0.916666666
666147	0.666666666
668647	0.916666666
668827	0.916666666
671170	0.916666666
671704	0.916666666
673719	0.916666666
674533	0.916666666
674763	0.916666666
675227	0.166666666
676476	0.916666666
681267	0.916666666
682071	0.916666666
689194	0.916666666
693642	0.916666666
694610	0.333333333
696687	0.916666666
696831	0.916666666
700741	0.916666666
703106	0.916666666
703174	0.916666666
706858	0.916666666
708001	0.916666666
708880	0.916666666
709063	0.916666666
710493	0.916666666
712110	0.750000000
713185	0.916666666
716912	0.916666666
717900	0.916666666
720555	0.916666666
725758	0.916666666
726409	0.916666666
730862	0.916666666
731144	0.916666666
733040	0.750000000
736498	0.833333333
737053	0.916666666
737128	0.916666666
737457	0.916666666
737969	0.916666666
738482	0.916666666
738633	0.916666666
740414	0.916666666
740975	0.916666666
741007	0.916666666
743145	0.916666666
744305	0.916666666
748012	0.916666666
749408	0.916666666
749669	0.916666666
749980	0.916666666
752722	0.916666666
753313	0.916666666
754000	0.916666666
754127	0.916666666
754431	0.916666666
756360	0.916666666
756642	0.916666666
758696	0.916666666
760144	0.916666666
761513	0.416666666
765814	0.916666666
765843	0.583333333
766420	0.916666666
767356	0.416666666
769513	0.916666666
771714	0.916666666
773066	0.916666666
776606	0.916666666
777904	0.916666666
780925	0.916666666
782008	0.916666666
782368	0.916666666
782611	0.916666666
782859	0.916666666
784165	0.916666666
784810	0.916666666
785475	0.916666666
786388	0.666666666
786440	0.916666666
787026	0.916666666
787132	0.666666666
789959	0.916666666
790358	0.916666666
791573	0.916666666
791662	0.916666666
793859	0.916666666
794810	0.083333333
798525	0.916666666
799465	0.916666666
800953	0.916666666
802279	0.416666666
802548	0.916666666
803681	0.916666666
804019	0.916666666
805883	0.916666666
805931	0.916666666
806635	0.916666666
807897	0.916666666
809897	0.916666666
810608	0.166666666
811230	0.916666666
811329	0.916666666
812438	0.916666666
812939	0.916666666
813266	0.916666666
813564	0.916666666
813706	0.916666666
814930	0.916666666
816775	0.916666666
820019	0.583333333
820671	0.916666666
820941	0.916666666
821592	0.916666666
822909	0.916666666
822915	0.916666666
825418	0.916666666
829344	0.916666666
830625	0.916666666
831648	0.916666666
832616	0.916666666
834286	0.916666666
834288	0.916666666
836235	0.916666666
838186	0.916666666
840345	0.916666666
841929	0.916666666
842707	0.916666666
843519	0.916666666
843666	0.916666666
844055	0.500000000
845906	0.916666666
846216	0.916666666
847088	0.916666666
849420	0.916666666
851317	0.916666666
856506	0.916666666
859185	0.916666666
859767	0.916666666
860513	0.916666666
863229	0.916666666
864544	0.916666666
866721	0.916666666
866896	0.916666666
867040	0.916666666
867633	0.916666666
868486	0.916666666
868705	0.916666666
869932	0.916666666
870314	0.916666666
873056	0.916666666
873446	0.916666666
874617	0.916666666
877234	0.833333333
880922	0.916666666
884198	0.333333333
885950	0.916666666
889098	0.916666666
891540	0.916666666
893815	0.500000000
898374	0.916666666
899422	0.916666666
900886	0.083333333
900963	0.166666666
902404	0.916666666
903029	0.916666666
903394	0.916666666
903783	0.916666666
904444	0.916666666
904770	0.916666666
905276	0.083333333
906270	0.916666666
906829	0.916666666
906905	0.916666666
910312	0.916666666
911145	0.916666666
912353	0.916666666
914561	0.083333333
915365	0.166666666
918743	0.416666666
920644	0.916666666
921231	0.416666666
922443	0.916666666
923386	0.916666666
923792	0.916666666
924192	0.916666666
924265	0.916666666
924632	0.916666666
929010	0.916666666
929854	0.916666666
929949	0.416666666
930720	0.500000000
932589	0.916666666
935802	0.916666666
936002	0.916666666
936874	0.916666666
937898	0.916666666
939360	0.416666666
941801	0.333333333
943900	0.916666666
943931	0.916666666
945272	0.916666666
947632	0.916666666
948275	0.916666666
948459	0.916666666
949525	0.916666666
949592	0.916666666
950098	0.916666666
951551	0.916666666
952347	0.916666666
954513	0.916666666
956297	0.916666666
958818	0.916666666
961718	0.166666666
962696	0.916666666
964224	0.916666666
964419	0.916666666
965324	0.250000000
967913	0.916666666
968848	0.916666666
970942	0.916666666
976139	0.916666666
976149	0.916666666
976720	0.916666666
977885	0.916666666
979446	0.916666666
979921	0.916666666
982327	0.916666666
982649	0.916666666
982785	0.916666666
985048	0.916666666
987713	0.083333333
989086	0.916666666
989288	0.916666666
989895	0.916666666
990115	0.916666666
990744	0.916666666
997149	0.916666666
1000428	0.833333333
1002143	0.916666666
1002506	0.916666666
1006649	0.916666666
1006884	0.500000000
1007649	0.916666666
1007724	0.916666666
1008289	0.916666666
1008615	0.083333333
1010969	0.916666666
1011103	0.916666666
1012046	0.916666666
1013955	0.916666666
1014569	0.916666666
1017491	0.916666666
1020827	0.916666666
1021146	0.916666666
1021591	0.916666666
1023701	0.916666666
1025097	0.916666666
1025640	0.916666666
1025701	0.916666666
1025752	0.916666666
1025768	0.916666666
1026484	0.916666666
1026886	0.083333333
1027933	0.916666666
1033929	0.916666666
1034613	0.916666666
1038280	0.916666666
1039644	0.916666666
1040666	0.916666666
1044266	0.916666666
1044673	0.916666666
1045060	0.916666666
1045295	0.916666666
1046543	0.916666666
1048484	0.916666666
1050421	0.916666666
1051447	0.916666666
1053367	0.916666666
1053949	0.916666666
1054253	0.916666666
1057054	0.916666666
1057388	0.750000000
1058246	0.916666666
1058251	0.916666666
1058404	0.916666666
1059587	0.916666666
1059655	0.916666666
1060204	0.916666666
1060840	0.583333333
1061423	0.166666666
1061726	0.916666666
1061798	0.916666666
1062333	0.916666666
1064005	0.916666666
1064695	0.916666666
1065012	0.916666666
1065297	0.916666666
1066395	0.916666666
1067217	0.916666666
1067634	0.916666666
1067681	0.916666666
1070372	0.916666666
1072060	0.916666666
1072900	0.916666666
1073456	0.916666666
1073527	0.916666666
1073534	0.916666666
1073758	0.916666666
1073849	0.916666666
1075083	0.916666666
1076797	0.416666666
1076976	0.166666666
1078645	0.916666666
1079391	0.916666666
1080210	0.916666666
1084091	0.916666666
1084945	0.083333333
1086986	0.916666666
1087641	0.916666666
1089259	0.916666666
1091590	0.916666666
1092534	0.916666666
1093797	0.916666666
1094084	0.916666666
1094112	0.916666666
1096234	0.916666666
1096805	0.916666666
1097180	0.916666666
1099961	0.916666666
1102629	0.916666666
1102739	0.916666666
1102870	0.916666666
1102873	0.916666666
1105347	0.916666666
1106117	0.333333333
1107168	0.916666666
1107193	0.916666666
1108050	0.916666666
1108577	0.916666666
1109420	0.916666666
1111249	0.916666666
1112217	0.916666666
1114606	0.250000000
1115200	0.916666666
1117845	0.916666666
1119090	0.916666666
1119244	0.916666666
1121338	0.916666666
1123609	0.916666666
1125904	0.916666666
1126113	0.916666666
1126198	0.833333333
1126616	0.916666666
1128130	0.916666666
1129773	0.916666666
1131719	0.500000000
1137016	0.916666666
1138701	0.916666666
1140340	0.333333333
1141367	0.916666666
1144143	0.833333333
1145332	0.916666666
1145840	0.916666666
1147302	0.916666666
1151715	0.916666666
1152373	0.916666666
1153045	0.916666666
1153058	0.916666666
1155963	0.083333333
1156229	0.916666666
1158737	0.916666666
1163250	0.916666666
1167904	0.916666666
1169466	0.916666666
1169518	0.916666666
1169661	0.916666666
1171008	0.083333333
1171396	0.416666666
1172551	0.916666666
1173206	0.916666666
1174335	0.916666666
1177038	0.916666666
1177353	0.916666666
1180501	0.916666666
1180836	0.916666666
1180862	0.916666666
1183723	0.916666666
1189155	0.916666666
1189170	0.416666666
1189519	0.916666666
1191734	0.916666666
1192944	0.916666666
1193418	0.250000000
1193533	0.916666666
1194529	0.916666666
1195106	0.083333333
1195333	0.916666666
1200459	0.916666666
1202048	0.916666666
1204564	0.916666666
1207430	0.666666666
1207801	0.916666666
1209274	0.916666666
1211270	0.916666666
1214424	0.916666666
1214484	0.916666666
1215275	0.916666666
1215433	0.916666666
1216596	0.583333333
1217950	0.416666666
1218484	0.916666666
1218526	0.500000000
1219466	0.916666666
1219816	0.666666666
1220786	0.916666666
1221181	0.916666666
1221260	0.916666666
1221384	0.416666666
1222353	0.833333333
1223545	0.250000000
1223823	0.916666666
1224375	0.916666666
1225463	0.250000000
1226664	0.916666666
1226894	0.083333333
1227501	0.916666666
1228425	0.916666666
1229470	0.916666666
1230371	0.916666666
1230408	0.916666666
1231468	0.916666666
1231986	0.916666666
1237563	0.916666666
1237597	0.916666666
1237654	0.916666666
1238479	0.916666666
1238480	0.916666666
1238556	0.916666666
1238596	0.916666666
1241730	0.083333333
1243306	0.916666666
1243977	0.166666666
1244608	0.333333333
1244991	0.916666666
1246472	0.500000000
1247869	0.916666666
1250792	0.916666666
1250997	0.916666666
1251528	0.916666666
1251862	0.916666666
1252218	0.916666666
1252535	0.916666666
1256137	0.916666666
1256258	0.916666666
1257247	0.916666666
1265357	0.916666666
1266191	0.916666666
1266243	0.916666666
1266301	0.916666666
1266373	0.916666666
1267756	0.083333333
1268409	0.500000000
1268940	0.916666666
1269163	0.916666666
1270260	0.916666666
1271783	0.500000000
1272787	0.916666666
1273120	0.916666666
1273901	0.916666666
1273968	0.916666666
1274073	0.916666666
1275370	0.916666666
1277908	0.916666666
1283212	0.916666666
1284171	0.916666666
1286776	0.083333333
1286927	0.916666666
1288266	0.916666666
1289171	0.916666666
1289517	0.916666666
1292377	0.500000000
1293770	0.083333333
1294003	0.916666666
1294618	0.083333333
1295844	0.916666666
1296603	0.916666666
1296745	0.916666666
1298287	0.916666666
1299151	0.916666666
1299296	0.916666666
1303480	0.916666666
1304278	0.916666666
1304462	0.916666666
1306129	0.916666666
1307691	0.916666666
1309426	0.916666666
1309703	0.916666666
1309725	0.916666666
1311103	0.916666666
1313680	0.916666666
1313760	0.666666666
1314441	0.916666666
1314732	0.916666666
1315394	0.916666666
1318367	0.916666666
1320848	0.166666666
1321491	0.833333333
1321498	0.083333333
1322184	0.916666666
1322609	0.916666666
1323489	0.083333333
1324377	0.916666666
1324417	0.916666666
1324483	0.916666666
1325096	0.916666666
1326843	0.166666666
1327686	0.916666666
1328382	0.916666666
1330063	0.916666666
1330718	0.916666666
1330898	0.416666666
1331534	0.083333333
1333846	0.083333333
1333915	0.916666666
1333922	0.916666666
1334913	0.916666666
1337479	0.916666666
1338128	0.916666666
1338246	0.916666666
1339102	0.833333333
1339465	0.083333333
1339681	0.916666666
1340351	0.500000000
1341574	0.916666666
1346955	0.916666666
1347186	0.583333333
1348858	0.916666666
1349084	0.916666666
1349644	0.916666666
1352085	0.916666666
1353493	0.916666666
1353825	0.083333333
1353858	0.083333333
1357790	0.916666666
1359620	0.916666666
1361006	0.916666666
1363374	0.916666666
1363375	0.333333333
1365685	0.916666666
1365957	0.916666666
1366212	0.833333333
1367783	0.916666666
1368514	0.916666666
1368524	0.916666666
1372351	0.916666666
1373094	0.916666666
1374650	0.916666666
1378998	0.916666666
1380278	0.916666666
1380475	0.916666666
1382193	0.916666666
1382274	0.916666666
1382442	0.916666666
1383982	0.916666666
1387646	0.916666666
1387666	0.916666666
1391049	0.416666666
1392462	0.916666666
1392619	0.916666666
1397738	0.916666666
1398072	0.916666666
1401760	0.916666666
1403297	0.916666666
1403510	0.666666666
1404494	0.916666666
1408619	0.916666666
1409599	0.916666666
1409749	0.916666666
1410145	0.333333333
1410523	0.916666666
1413816	0.916666666
1414072	0.916666666
1416505	0.916666666
1417206	0.916666666
1419021	0.916666666
1419394	0.916666666
1419496	0.916666666
1421064	0.416666666
1422274	0.916666666
1423456	0.916666666
1424656	0.916666666
1426286	0.916666666
1426397	0.916666666
1429208	0.916666666
1429250	0.583333333
1430241	0.916666666
1432457	0.916666666
1433088	0.916666666
1435826	0.916666666
1436142	0.916666666
1436208	0.916666666
1438396	0.916666666
1439072	0.916666666
1439085	0.500000000
1440082	0.916666666
1440160	0.916666666
1441377	0.916666666
1441621	0.916666666
1442657	0.916666666
1442737	0.916666666
1442780	0.916666666
1443123	0.500000000
1444334	0.916666666
1444791	0.916666666
1444923	0.916666666
1445018	0.916666666
1445720	0.416666666
1445750	0.916666666
1446346	0.750000000
1447308	0.916666666
1447647	0.916666666
1447683	0.916666666
1448971	0.916666666
1450174	0.916666666
1450613	0.916666666
1451293	0.166666666
1451850	0.916666666
1451943	0.916666666
1452539	0.916666666
1452922	0.916666666
1452971	0.916666666
1453807	0.916666666
1453809	0.916666666
1456527	0.916666666
1456739	0.916666666
1457524	0.916666666
1458130	0.916666666
1463626	0.833333333
1464408	0.916666666
1465721	0.583333333
1466420	0.916666666
1467004	0.916666666
1469031	0.166666666
1472168	0.916666666
1472524	0.916666666
1472538	0.916666666
1474251	0.916666666
1475196	0.583333333
1475910	0.083333333
1477171	0.916666666
1480389	0.916666666
1481494	0.916666666
1481698	0.916666666
1481775	0.916666666
1483562	0.416666666
1486618	0.916666666
1487847	0.916666666
1489788	0.916666666
1490088	0.916666666
1490680	0.833333333
1491128	0.916666666
1491854	0.916666666
1491999	0.916666666
1492188	0.916666666
1494859	0.083333333
1495574	0.916666666
1496889	0.916666666
1496895	0.916666666
1497278	0.916666666
1498279	0.916666666
1500353	0.916666666
1500816	0.916666666
1502122	0.916666666
1503037	0.916666666
1503947	0.916666666
1504042	0.916666666
1506092	0.916666666
1506372	0.916666666
1507046	0.916666666
1507912	0.916666666
1510153	0.750000000
1510690	0.916666666
1510848	0.916666666
1510912	0.750000000
1511001	0.666666666
1511453	0.916666666
1512318	0.916666666
1514708	0.916666666
1514747	0.916666666
1514835	0.916666666
1514996	0.916666666
1515702	0.666666666
1516787	0.916666666
1520078	0.916666666
1520151	0.916666666
1520604	0.916666666
1523775	0.916666666
1525568	0.916666666
1527654	0.916666666
1527901	0.916666666
1528119	0.916666666
1529770	0.916666666
1530225	0.916666666
1530440	0.916666666
1530961	0.916666666
1532000	0.916666666
1538848	0.250000000
1539029	0.916666666
1539787	0.916666666
1542667	0.916666666
1544573	0.916666666
1546794	0.916666666
1547529	0.916666666
1548272	0.916666666
1548316	0.916666666
1549170	0.916666666
1549776	0.750000000
1549858	0.916666666
1551867	0.916666666
1551879	0.916666666
1552617	0.916666666
1553819	0.916666666
1556778	0.916666666
1557735	0.916666666
1558531	0.916666666
1559028	0.916666666
1559473	0.083333333
1559851	0.916666666
1560593	0.833333333
1560825	0.916666666
1561029	0.916666666
1562773	0.916666666
1563755	0.250000000
1564544	0.916666666
1566830	0.916666666
1567599	0.916666666
1567664	0.916666666
1567841	0.416666666
1569041	0.916666666
1570161	0.916666666
1570362	0.916666666
1570386	0.916666666
1570573	0.500000000
1571110	0.916666666
1573088	0.916666666
1575690	0.916666666
1577388	0.916666666
1577445	0.916666666
1579618	0.916666666
1579708	0.916666666
1579867	0.916666666
1582048	0.916666666
1582150	0.833333333
1583441	0.166666666
1584056	0.916666666
1584844	0.916666666
1587293	0.666666666
1587671	0.916666666
1588541	0.916666666
1588727	0.916666666
1588870	0.916666666
1589200	0.916666666
1589882	0.833333333
1591299	0.916666666
1593193	0.916666666
1593816	0.916666666
1596131	0.916666666
1597637	0.166666666
1598216	0.916666666
1598433	0.916666666
1598439	0.416666666
1600447	0.833333333
1600766	0.916666666
1601269	0.916666666
1604327	0.916666666
1604961	0.916666666
1605125	0.916666666
1605396	0.916666666
1605996	0.916666666
1607834	0.916666666
1608255	0.083333333
1609717	0.916666666
1609747	0.916666666
1610057	0.916666666
1610100	0.916666666
1610238	0.916666666
1610536	0.916666666
1612126	0.916666666
1614021	0.083333333
1614766	0.916666666
1615100	0.916666666
1616087	0.916666666
1616698	0.916666666
1617291	0.916666666
1617615	0.916666666
1617833	0.916666666
1618077	0.916666666
1618169	0.083333333
1618734	0.916666666
1619584	0.916666666
1620220	0.916666666
1621736	0.916666666
1622964	0.916666666
1623117	0.083333333
1623324	0.916666666
1623587	0.916666666
1623855	0.916666666
1624715	0.916666666
1625272	0.916666666
1626709	0.916666666
1628749	0.166666666
1629970	0.083333333
1631368	0.916666666
1634305	0.916666666
1635550	0.916666666
1636318	0.916666666
1636608	0.916666666
1636873	0.916666666
1637102	0.916666666
1638396	0.916666666
1639179	0.916666666
1644648	0.916666666
1644862	0.666666666
1647990	0.916666666
1648858	0.916666666
1649506	0.916666666
1649890	0.916666666
1649960	0.916666666
1651381	0.583333333
1652829	0.916666666
1654707	0.916666666
1654751	0.916666666
1658825	0.916666666
1659244	0.916666666
1659640	0.916666666
1661538	0.916666666
1661750	0.916666666
1662704	0.916666666
1664030	0.916666666
1664062	0.916666666
1664741	0.916666666
1668534	0.916666666
1668798	0.916666666
1669434	0.916666666
1669852	0.083333333
1669947	0.916666666
1671196	0.666666666
1671500	0.916666666
1671924	0.916666666
1671984	0.916666666
1672574	0.916666666
1673247	0.666666666
1674621	0.916666666
1674873	0.583333333
1674883	0.916666666
1676351	0.583333333
1676427	0.916666666
1676528	0.916666666
1676956	0.833333333
1677829	0.916666666
1678180	0.916666666
1679005	0.916666666
1679761	0.916666666
1680047	0.916666666
1683896	0.916666666
1683971	0.916666666
1684438	0.916666666
1684580	0.916666666
1685192	0.916666666
1685878	0.916666666
1685882	0.916666666
1686159	0.916666666
1692351	0.916666666
1692554	0.916666666
1693543	0.916666666
1695605	0.916666666
1697124	0.916666666
1698047	0.916666666
1698087	0.750000000
1698238	0.916666666
1698523	0.916666666
1699340	0.083333333
1704005	0.916666666
1704087	0.916666666
1706002	0.916666666
1707000	0.166666666
1708093	0.916666666
1708389	0.333333333
1709780	0.916666666
1710059	0.500000000
1710184	0.416666666
1711005	0.166666666
1711034	0.916666666
1713753	0.916666666
1714184	0.916666666
1714745	0.916666666
1715496	0.916666666
1716236	0.916666666
1716771	0.833333333
1718019	0.916666666
1720908	0.916666666
1721495	0.916666666
1721800	0.916666666
1722832	0.916666666
1725152	0.916666666
1725582	0.916666666
1726223	0.916666666
1729327	0.083333333
1730664	0.916666666
1731241	0.916666666
1732299	0.916666666
1733257	0.916666666
1734320	0.500000000
1735958	0.916666666
1736992	0.916666666
1737053	0.916666666
1741552	0.916666666
1741567	0.833333333
1742882	0.916666666
1743762	0.416666666
1744321	0.916666666
1746114	0.916666666
1746879	0.083333333
1747755	0.916666666
1748084	0.916666666
1750799	0.916666666
1750806	0.416666666
1752178	0.500000000
1753120	0.916666666
1754014	0.916666666
1755221	0.916666666
1758115	0.916666666
1758192	0.916666666
1758198	0.916666666
1758205	0.916666666
1758789	0.916666666
1760356	0.916666666
1763050	0.916666666
1763513	0.916666666
1764259	0.916666666
1765301	0.916666666
1766719	0.916666666
1766797	0.916666666
1766881	0.666666666
1767892	0.916666666
1769504	0.916666666
1769719	0.916666666
1771654	0.916666666
1772177	0.083333333
1773085	0.083333333
1775204	0.916666666
1775372	0.916666666
1776675	0.916666666
1777458	0.916666666
1777746	0.416666666
1778611	0.500000000
1778892	0.916666666
1779498	0.916666666
1779682	0.916666666
1783318	0.916666666
1783322	0.916666666
1784321	0.916666666
1784597	0.916666666
1785033	0.083333333
1786105	0.083333333
1786952	0.916666666
1788024	0.916666666
1788150	0.833333333
1788596	0.833333333
1788720	0.916666666
1788832	0.083333333
1788930	0.916666666
1790427	0.916666666
1791840	0.916666666
1792725	0.916666666
1794169	0.833333333
1794243	0.916666666
1796500	0.916666666
1796542	0.916666666
1796776	0.916666666
1797742	0.666666666
1797986	0.916666666
1798023	0.916666666
1799516	0.916666666
1799527	0.583333333
1800426	0.916666666
1801984	0.916666666
1802457	0.916666666
1803388	0.916666666
1803589	0.916666666
1803655	0.916666666
1804418	0.916666666
1805651	0.916666666
1806707	0.916666666
1807358	0.916666666
1807558	0.916666666
1808341	0.333333333
1808542	0.916666666
1808854	0.500000000
1810383	0.833333333
1811046	0.250000000
1811931	0.916666666
1812272	0.916666666
1812442	0.916666666
1812637	0.916666666
1813037	0.833333333
1813683	0.916666666
1813689	0.916666666
1813988	0.916666666
1815093	0.916666666
1815401	0.916666666
1816844	0.916666666
1817335	0.916666666
1817417	0.916666666
1819599	0.916666666
1819905	0.916666666
1821254	0.916666666
1821603	0.916666666
1821737	0.916666666
1821752	0.916666666
1822156	0.916666666
1822266	0.916666666
1823870	0.916666666
1826641	0.916666666
1827239	0.916666666
1828238	0.916666666
1829871	0.916666666
1830287	0.833333333
1831277	0.916666666
1836252	0.916666666
1841533	0.916666666
1843314	0.916666666
1844242	0.916666666
1844552	0.416666666
1845088	0.916666666
1845342	0.916666666
1846751	0.916666666
1847252	0.916666666
1849243	0.916666666
1849585	0.916666666
1850433	0.916666666
1851452	0.916666666
1852377	0.916666666
1853643	0.916666666
1853870	0.166666666
1855074	0.916666666
1855526	0.916666666
1856512	0.916666666
1856990	0.916666666
1857332	0.916666666
1857466	0.916666666
1857648	0.583333333
1857867	0.916666666
1858489	0.083333333
1859666	0.416666666
1860755	0.916666666
1861207	0.916666666
1862227	0.916666666
1863315	0.916666666
1864192	0.916666666
1864285	0.083333333
1865177	0.916666666
1865329	0.916666666
1865358	0.916666666
1867383	0.916666666
1870082	0.916666666
1870829	0.916666666
1872216	0.916666666
1872458	0.916666666
1873116	0.916666666
1874061	0.916666666
1877055	0.916666666
1877245	0.916666666
1877534	0.916666666
1877908	0.083333333
1879547	0.916666666
1880520	0.583333333
1880826	0.916666666
1881276	0.916666666
1881442	0.250000000
1882757	0.500000000
1882961	0.666666666
1883583	0.083333333
1884380	0.916666666
1884485	0.916666666
1884903	0.916666666
1885902	0.250000000
1886004	0.916666666
1886151	0.916666666
1886474	0.833333333
1887209	0.916666666
1888009	0.916666666
1888547	0.916666666
1889348	0.916666666
1889820	0.916666666
1892081	0.916666666
1892289	0.916666666
1892923	0.916666666
1898652	0.916666666
1899256	0.916666666
1899417	0.416666666
1899926	0.916666666
1900231	0.916666666
1900962	0.916666666
1902615	0.916666666
1904531	0.916666666
1907794	0.750000000
1907825	0.916666666
1909143	0.916666666
1909176	0.916666666
1911240	0.083333333
1911550	0.916666666
1912379	0.916666666
1912414	0.916666666
1912592	0.416666666
1912617	0.916666666
1912940	0.916666666
1914646	0.916666666
1915310	0.916666666
1915773	0.916666666
1916050	0.916666666
1916799	0.916666666
1917014	0.916666666
1919118	0.916666666
1919940	0.916666666
1921964	0.916666666
1922100	0.750000000
1923201	0.916666666
1925875	0.916666666
1926189	0.916666666
1926351	0.916666666
1926666	0.916666666
1926816	0.916666666
1927399	0.916666666
1928174	0.916666666
1928458	0.916666666
1928576	0.916666666
1928761	0.916666666
1928828	0.916666666
1929170	0.916666666
1930131	0.916666666
1930839	0.916666666
1930970	0.916666666
1931566	0.916666666
1932441	0.916666666
1934134	0.916666666
1934253	0.083333333
1934591	0.916666666
1934760	0.916666666
1936086	0.916666666
1936198	0.916666666
1936672	0.916666666
1937453	0.916666666
1938103	0.916666666
1938210	0.916666666
1938228	0.916666666
1939523	0.916666666
1942715	0.916666666
1943546	0.916666666
1944103	0.916666666
1944852	0.916666666
1946019	0.916666666
1946022	0.916666666
1946515	0.916666666
1946944	0.916666666
1947013	0.833333333
1947460	0.916666666
1947512	0.916666666
1947762	0.750000000
1948472	0.916666666
1949298	0.583333333
1949400	0.916666666
1950506	0.916666666
1952845	0.916666666
1953341	0.916666666
1954998	0.916666666
1958331	0.083333333
1958624	0.166666666
1959258	0.916666666
1959654	0.166666666
1960153	0.666666666
1960173	0.916666666
1960497	0.916666666
1960824	0.916666666
1962651	0.916666666
1962761	0.916666666
1962943	0.916666666
1963586	0.500000000
1963686	0.916666666
1964049	0.916666666
1964795	0.083333333
1965451	0.750000000
1967506	0.916666666
1968547	0.916666666
1969034	0.916666666
1969046	0.916666666
1969059	0.916666666
1969607	0.916666666
1969900	0.916666666
1969982	0.916666666
1972027	0.916666666
1972513	0.916666666
1972862	0.916666666
1974522	0.916666666
1975457	0.916666666
1976654	0.916666666
1979478	0.916666666
1979980	0.916666666
1980210	0.916666666
1980300	0.916666666
1980508	0.083333333
1980723	0.916666666
1980737	0.916666666
1981318	0.916666666
1982171	0.916666666
1982360	0.916666666
1986596	0.916666666
1987815	0.916666666
1988390	0.916666666
1988853	0.916666666
1990370	0.500000000
1991011	0.916666666
1991564	0.916666666
1991837	0.916666666
1993614	0.500000000
1993645	0.916666666
1995102	0.916666666
1997989	0.916666666
1998710	0.916666666
2000443	0.916666666
2000528	0.916666666
2001139	0.916666666
2001141	0.916666666
2002312	0.916666666
2003233	0.916666666
2005495	0.916666666
2006978	0.916666666
2007486	0.916666666
2008046	0.916666666
2009083	0.916666666
2010919	0.916666666
2011480	0.916666666
2012421	0.916666666
2012653	0.916666666
2014325	0.916666666
2014507	0.916666666
2014709	0.916666666
2015437	0.916666666
2015584	0.916666666
2017267	0.916666666
2017512	0.916666666
2018223	0.916666666
2018489	0.916666666
2019233	0.916666666
2020077	0.083333333
2020223	0.916666666
2021763	0.916666666
2022134	0.583333333
2022901	0.916666666
2025717	0.916666666
2025804	0.916666666
2026237	0.916666666
2028595	0.916666666
2029693	0.916666666
2029995	0.166666666
2030039	0.916666666
2030382	0.916666666
2031960	0.916666666
2033427	0.916666666
2033876	0.916666666
2036311	0.916666666
2036421	0.916666666
2037768	0.583333333
2038068	0.916666666
2039207	0.916666666
2041284	0.916666666
2042126	0.500000000
2042226	0.916666666
2042534	0.916666666
2042794	0.916666666
2043617	0.500000000
2043667	0.916666666
2043741	0.166666666
2044195	0.916666666
2044357	0.500000000
2044727	0.916666666
2044840	0.583333333
2047550	0.916666666
2049761	0.083333333
2050255	0.916666666
2050921	0.916666666
2051099	0.916666666
2051580	0.916666666
2052046	0.916666666
2052079	0.916666666
2052653	0.916666666
2053535	0.750000000
2053857	0.916666666
2054555	0.916666666
2055054	0.916666666
2056966	0.916666666
2059048	0.250000000
2059109	0.916666666
2059393	0.916666666
2059709	0.916666666
2059798	0.916666666
2059826	0.916666666
2060101	0.916666666
2062847	0.916666666
2063144	0.916666666
2063558	0.916666666
2064737	0.916666666
2065459	0.916666666
2066165	0.916666666
2067038	0.916666666
2067663	0.916666666
2067912	0.916666666
2068223	0.916666666
2068496	0.916666666
2068585	0.916666666
2069339	0.916666666
2069398	0.916666666
2070175	0.916666666
2071818	0.916666666
2072320	0.916666666
2072699	0.916666666
2072943	0.833333333
2073803	0.916666666
2074124	0.916666666
2074180	0.916666666
2074211	0.916666666
2074545	0.916666666
2075807	0.916666666
2077393	0.916666666
2077908	0.916666666
2079562	0.916666666
2080653	0.916666666
2080791	0.916666666
2081243	0.916666666
2082349	0.916666666
2083280	0.916666666
2085803	0.916666666
2086544	0.916666666
2086845	0.916666666
2087583	0.916666666
2089674	0.083333333
2090177	0.750000000
2090409	0.916666666
2090416	0.916666666
2093689	0.750000000
2094736	0.916666666
2095054	0.916666666
2096217	0.416666666
2096785	0.916666666
2097257	0.916666666
2099177	0.916666666
2099334	0.416666666
2099773	0.916666666
2100770	0.916666666
2101353	0.916666666
2101457	0.916666666
2101913	0.916666666
2102420	0.916666666
2103097	0.916666666
2103353	0.916666666
2103780	0.916666666
2104421	0.916666666
2104596	0.916666666
2105876	0.916666666
2106513	0.916666666
2107763	0.666666666
2107807	0.916666666
2107816	0.916666666
2108639	0.916666666
2108736	0.833333333
2108832	0.916666666
2108932	0.916666666
2108994	0.916666666
2110630	0.833333333
2111442	0.916666666
2111697	0.916666666
2113420	0.916666666
2113727	0.916666666
2114171	0.916666666
2114509	0.916666666
2114567	0.916666666
2114585	0.916666666
2116400	0.916666666
2116558	0.416666666
2116903	0.500000000
2117427	0.916666666
2117986	0.916666666
2118817	0.916666666
2119609	0.916666666
2121039	0.916666666
2121399	0.916666666
2122170	0.916666666
2123397	0.916666666
2124225	0.916666666
2125230	0.583333333
2126021	0.916666666
2127748	0.916666666
2128257	0.916666666
2128817	0.916666666
2129764	0.916666666
2130006	0.916666666
2131277	0.083333333
2132013	0.916666666
2132168	0.916666666
2132547	0.916666666
2133029	0.916666666
2134511	0.916666666
2134761	0.833333333
2135294	0.083333333
2136557	0.916666666
2137251	0.916666666
2137606	0.916666666
2137920	0.916666666
2138962	0.916666666
2140423	0.916666666
2140931	0.916666666
2142012	0.916666666
2142349	0.916666666
2143288	0.916666666
2143396	0.916666666
2143904	0.083333333
2144182	0.916666666
2144432	0.916666666
2144849	0.916666666
2144871	0.916666666
2145025	0.916666666
2146121	0.916666666
2146189	0.916666666
2146774	0.916666666
2147276	0.916666666
2147956	0.916666666
2149460	0.916666666
2149779	0.916666666
2151203	0.916666666
2151769	0.916666666
2153330	0.916666666
2154583	0.916666666
2155694	0.916666666
2155934	0.916666666
2156326	0.916666666
2157022	0.916666666
2158585	0.916666666
2161994	0.916666666
2163360	0.916666666
2163828	0.916666666
2164103	0.833333333
2164635	0.916666666
2165756	0.916666666
2166061	0.916666666
2166621	0.916666666
2168348	0.500000000
2169044	0.916666666
2169719	0.416666666
2170099	0.916666666
2171074	0.916666666
2171136	0.500000000
2171895	0.916666666
2172161	0.083333333
2173106	0.916666666
2173264	0.083333333
2173563	0.916666666
2174718	0.916666666
2175407	0.916666666
2175973	0.083333333
2178833	0.916666666
2179101	0.916666666
2181361	0.916666666
2181799	0.083333333
2184148	0.916666666
2186987	0.916666666
2187023	0.916666666
2189562	0.916666666
2189568	0.916666666
2189916	0.916666666
2190204	0.666666666
2190676	0.916666666
2192228	0.916666666
2192755	0.916666666
2194650	0.083333333
2194771	0.916666666
2194941	0.916666666
2194973	0.416666666
2195133	0.916666666
2195442	0.916666666
2196372	0.916666666
2196987	0.916666666
2197276	0.916666666
2197568	0.916666666
2198122	0.916666666
2198810	0.916666666
2199205	0.916666666
2200017	0.916666666
2200224	0.416666666
2200313	0.916666666
2201926	0.916666666
2201946	0.916666666
2202551	0.083333333
2203884	0.916666666
2204036	0.916666666
2204791	0.916666666
2205050	0.916666666
2206042	0.916666666
2206149	0.916666666
2206684	0.916666666
2207823	0.916666666
2209448	0.250000000
2209602	0.916666666
2210788	0.583333333
2210954	0.916666666
2211616	0.083333333
2212291	0.916666666
2214438	0.916666666
2214829	0.916666666
2215056	0.916666666
2215143	0.916666666
2215587	0.916666666
2216412	0.916666666
2219430	0.916666666
2219463	0.083333333
2219584	0.916666666
2219952	0.916666666
2220271	0.916666666
2220648	0.916666666
2222101	0.166666666
2222343	0.916666666
2223214	0.916666666
2223922	0.916666666
2227501	0.916666666
2228839	0.916666666
2230274	0.916666666
2232269	0.916666666
2233667	0.416666666
2234893	0.916666666
2235212	0.916666666
2235315	0.916666666
2239313	0.916666666
2239388	0.916666666
2239589	0.916666666
2240718	0.916666666
2241776	0.916666666
2242897	0.916666666
2243293	0.916666666
2246777	0.916666666
2247384	0.916666666
2248481	0.916666666
2248491	0.916666666
2248864	0.916666666
2249839	0.916666666
2250307	0.916666666
2251022	0.916666666
2251209	0.500000000
2251621	0.916666666
2253291	0.916666666
2254304	0.916666666
2255217	0.583333333
2255367	0.916666666
2255589	0.916666666
2257266	0.916666666
2257554	0.916666666
2259961	0.166666666
2260625	0.916666666
2260879	0.916666666
2261560	0.916666666
2263301	0.916666666
2263841	0.916666666
2265332	0.916666666
2267002	0.916666666
2267938	0.916666666
2268595	0.916666666
2270977	0.916666666
2271093	0.916666666
2271277	0.916666666
2271311	0.083333333
2271688	0.916666666
2271788	0.916666666
2271957	0.916666666
2272792	0.916666666
2273416	0.916666666
2274288	0.916666666
2274639	0.083333333
2274652	0.916666666
2274756	0.916666666
2276136	0.666666666
2276300	0.916666666
2276832	0.416666666
2278423	0.916666666
2278562	0.916666666
2280499	0.916666666
2280777	0.916666666
2281253	0.916666666
2282899	0.916666666
2284045	0.916666666
2284292	0.916666666
2286080	0.916666666
2286353	0.916666666
2286629	0.916666666
2287404	0.916666666
2287618	0.833333333
2287976	0.916666666
2289204	0.916666666
2290380	0.916666666
2291521	0.083333333
2292228	0.916666666
2292432	0.916666666
2293860	0.916666666
2294029	0.916666666
2294030	0.916666666
2294437	0.916666666
2295069	0.916666666
2295349	0.916666666
2296942	0.166666666
2298749	0.916666666
2299293	0.916666666
2299634	0.916666666
2299671	0.916666666
2300769	0.416666666
2303435	0.750000000
2304122	0.916666666
2305776	0.916666666
2306837	0.916666666
2307107	0.916666666
2307462	0.916666666
2309305	0.916666666
2310298	0.916666666
2310842	0.916666666
2313342	0.916666666
2314199	0.916666666
2315159	0.916666666
2315631	0.916666666
2317387	0.916666666
2317572	0.666666666
2317642	0.916666666
2317816	0.916666666
2318222	0.916666666
2319772	0.166666666
2320467	0.833333333
2321922	0.916666666
2322008	0.083333333
2322047	0.916666666
2322150	0.916666666
2323024	0.916666666
2323838	0.916666666
2325235	0.916666666
2325738	0.916666666
2325751	0.916666666
2327126	0.916666666
2328269	0.916666666
2328626	0.916666666
2329493	0.916666666
2330119	0.916666666
2330563	0.916666666
2330726	0.916666666
2330816	0.500000000
2332256	0.916666666
2332689	0.916666666
2333840	0.833333333
2334003	0.916666666
2334523	0.916666666
2336779	0.916666666
2336960	0.916666666
2337085	0.916666666
2337106	0.916666666
2337288	0.916666666
2338815	0.416666666
2339809	0.916666666
2340690	0.916666666
2341023	0.916666666
2342271	0.916666666
2342569	0.916666666
2342690	0.916666666
2342784	0.916666666
2342849	0.916666666
2342988	0.916666666
2342998	0.250000000
2343794	0.083333333
2343933	0.916666666
2344217	0.916666666
2344379	0.916666666
2344636	0.916666666
2345573	0.916666666
2345819	0.916666666
2346200	0.916666666
2346662	0.833333333
2347426	0.916666666
2348004	0.916666666
2349785	0.916666666
2349863	0.916666666
2349931	0.916666666
2351219	0.916666666
2352602	0.500000000
2353442	0.916666666
2353928	0.916666666
2354018	0.916666666
2355891	0.916666666
2356336	0.833333333
2357206	0.416666666
2357984	0.916666666
2358701	0.916666666
2358934	0.916666666
2359131	0.916666666
2359866	0.916666666
2359939	0.916666666
2360754	0.916666666
2360966	0.916666666
2361393	0.416666666
2364898	0.916666666
2365159	0.916666666
2366564	0.916666666
2367287	0.916666666
2369067	0.916666666
2369712	0.916666666
2369826	0.916666666
2370125	0.500000000
2370666	0.916666666
2372997	0.916666666
2373455	0.916666666
2373842	0.916666666
2375790	0.916666666
2378526	0.916666666
2378801	0.916666666
2380544	0.916666666
2381442	0.916666666
2382646	0.916666666
2382974	0.916666666
2383880	0.916666666
2386105	0.916666666
2386927	0.416666666
2387462	0.833333333
2389036	0.916666666
2389523	0.916666666
2389648	0.916666666
2390082	0.916666666
2390686	0.916666666
2394306	0.916666666
2394919	0.916666666
2395129	0.916666666
2395556	0.916666666
2396700	0.083333333
2397356	0.916666666
2398168	0.916666666
2398974	0.916666666
2399372	0.916666666
2400477	0.916666666
2400675	0.916666666
2400838	0.916666666
2404649	0.916666666
2404941	0.250000000
2405239	0.250000000
2405263	0.916666666
2406208	0.916666666
2406633	0.916666666
2407660	0.916666666
2408087	0.833333333
2408553	0.500000000
2409482	0.916666666
2409781	0.916666666
2410744	0.916666666
2411226	0.916666666
2412267	0.916666666
2415228	0.083333333
2415339	0.250000000
2418299	0.916666666
2421535	0.916666666
2421993	0.916666666
2422498	0.416666666
2422851	0.916666666
2423093	0.916666666
2423275	0.916666666
2423406	0.916666666
2424777	0.916666666
2425954	0.916666666
2426666	0.416666666
2427364	0.916666666
2428671	0.833333333
2428708	0.916666666
2428841	0.916666666
2428912	0.916666666
2430628	0.916666666
2431695	0.916666666
2433052	0.333333333
2433937	0.916666666
2434058	0.416666666
2434469	0.083333333
2434508	0.916666666
2434517	0.916666666
2435393	0.916666666
2435885	0.250000000
2436037	0.916666666
2437282	0.416666666
2437373	0.166666666
2437931	0.916666666
2438574	0.916666666
2439137	0.916666666
2439236	0.083333333
2440432	0.916666666
2440890	0.916666666
2441335	0.083333333
2441402	0.916666666
2441491	0.916666666
2441763	0.916666666
2443915	0.916666666
2444141	0.916666666
2444343	0.916666666
2445824	0.916666666
2445904	0.916666666
2446004	0.916666666
2446119	0.916666666
2447090	0.916666666
2447744	0.500000000
2447800	0.916666666
2447954	0.916666666
2450540	0.916666666
2450577	0.916666666
2452981	0.916666666
2453244	0.916666666
2453556	0.916666666
2455269	0.916666666
2455473	0.916666666
2455616	0.916666666
2455810	0.083333333
2455903	0.416666666
2458278	0.583333333
2458305	0.916666666
2458457	0.583333333
2458483	0.916666666
2459012	0.166666666
2459679	0.916666666
2461952	0.916666666
2463204	0.916666666
2464354	0.916666666
2464606	0.916666666
2465125	0.916666666
2465424	0.916666666
2467192	0.916666666
2467624	0.916666666
2467662	0.916666666
2470885	0.916666666
2471219	0.916666666
2473371	0.916666666
2473638	0.916666666
2474264	0.166666666
2475455	0.083333333
2475511	0.916666666
2476015	0.083333333
2477461	0.916666666
2477773	0.916666666
2478764	0.916666666
2478851	0.916666666
2479602	0.916666666
2480255	0.916666666
2480410	0.916666666
2480561	0.916666666
2482247	0.916666666
2482968	0.916666666
2487130	0.916666666
2488107	0.166666666
2488819	0.916666666
2489615	0.916666666
2489686	0.916666666
2490086	0.916666666
2490092	0.916666666
2490388	0.916666666
2491050	0.916666666
2491326	0.916666666
2492353	0.916666666
2492763	0.916666666
2493368	0.916666666
2493744	0.916666666
2493858	0.916666666
2495144	0.500000000
2499672	0.916666666
2500924	0.916666666
2501704	0.916666666
2502197	0.916666666
2503113	0.916666666
2503435	0.916666666
2503442	0.083333333
2503698	0.916666666
2503760	0.916666666
2503849	0.916666666
2504119	0.916666666
2505183	0.833333333
2505567	0.916666666
2506799	0.916666666
2506982	0.916666666
2507661	0.916666666
2507858	0.916666666
2508464	0.916666666
2508626	0.916666666
2509330	0.916666666
2509443	0.916666666
2510193	0.916666666
2510973	0.916666666
2511247	0.916666666
2511283	0.916666666
2512090	0.916666666
2513431	0.083333333
2513773	0.916666666
2513992	0.916666666
2514186	0.916666666
2516146	0.916666666
2517076	0.916666666
2517889	0.916666666
2518245	0.916666666
2518498	0.916666666
2518609	0.666666666
2518769	0.916666666
2519553	0.916666666
2520205	0.916666666
2521701	0.916666666
2522702	0.916666666
2524175	0.916666666
2525555	0.916666666
2527175	0.916666666
2527514	0.750000000
2528250	0.916666666
2528898	0.916666666
2529986	0.916666666
2530756	0.250000000
2531798	0.916666666
2532009	0.916666666
2533014	0.916666666
2533358	0.916666666
2533702	0.916666666
2534524	0.916666666
2534639	0.916666666
2534692	0.916666666
2534912	0.500000000
2535157	0.916666666
2536714	0.916666666
2538208	0.916666666
2539626	0.416666666
2539678	0.083333333
2539781	0.916666666
2540351	0.166666666
2540352	0.916666666
2542449	0.916666666
2543105	0.916666666
2544017	0.916666666
2544971	0.916666666
2545197	0.916666666
2545599	0.916666666
2545950	0.916666666
2546461	0.916666666
2546501	0.916666666
2546559	0.916666666
2547207	0.583333333
2547541	0.916666666
2548933	0.916666666
2549965	0.916666666
2551665	0.916666666
2552025	0.916666666
2553490	0.166666666
2553852	0.916666666
2556852	0.333333333
2557697	0.916666666
2558040	0.166666666
2558597	0.916666666
2559223	0.916666666
2559409	0.916666666
2559979	0.916666666
2560161	0.916666666
2564327	0.916666666
2564737	0.916666666
2564976	0.583333333
2565559	0.666666666
2566203	0.916666666
2568427	0.916666666
2570415	0.916666666
2570516	0.916666666
2571321	0.916666666
2571916	0.916666666
2572554	0.666666666
2573279	0.416666666
2573324	0.916666666
2574372	0.916666666
2576389	0.083333333
2576932	0.916666666
2577214	0.916666666
2578107	0.916666666
2581838	0.916666666
2583356	0.916666666
2583425	0.250000000
2584003	0.916666666
2584868	0.916666666
2585724	0.083333333
2585943	0.916666666
2586126	0.916666666
2586230	0.583333333
2591295	0.916666666
2591403	0.916666666
2591657	0.916666666
2592889	0.916666666
2594124	0.916666666
2594280	0.916666666
2594398	0.916666666
2595785	0.916666666
2596002	0.916666666
2596303	0.750000000
2596492	0.916666666
2597847	0.916666666
2598131	0.916666666
2598432	0.500000000
2598532	0.916666666
2598733	0.916666666
2600686	0.166666666
2600913	0.916666666
2601279	0.916666666
2604001	0.916666666
2605005	0.916666666
2606831	0.916666666
2606834	0.916666666
2607052	0.166666666
2607324	0.916666666
2607646	0.916666666
2608591	0.916666666
2609928	0.916666666
2610129	0.916666666
2610214	0.916666666
2611306	0.916666666
2612362	0.916666666
2612446	0.833333333
2613264	0.916666666
2614570	0.083333333
2615756	0.916666666
2616517	0.916666666
2616661	0.916666666
2617626	0.916666666
2618058	0.916666666
2618641	0.916666666
2619061	0.916666666
2619478	0.916666666
2619603	0.916666666
2620803	0.583333333
2621690	0.916666666
2622813	0.916666666
2624075	0.416666666
2624744	0.833333333
2625852	0.916666666
2625998	0.916666666
2626016	0.916666666
2626411	0.916666666
2626462	0.916666666
2628477	0.083333333
2629260	0.916666666
2629713	0.916666666
2629862	0.916666666
2630296	0.500000000
2630678	0.916666666
2631074	0.500000000
2631664	0.916666666
2631708	0.916666666
2632060	0.916666666
2632113	0.916666666
2632225	0.916666666
2633021	0.916666666
2634485	0.916666666
2637172	0.333333333
2637284	0.916666666
2638122	0.916666666
2640000	0.916666666
2640037	0.916666666
2645774	0.916666666
2646176	0.916666666
2646222	0.916666666
2647430	0.916666666
2648219	0.916666666
2648556	0.916666666
2649106	0.916666666
2649384	0.916666666
2649484	0.916666666
2649582	0.916666666
2649810	0.916666666
2650321	0.916666666
2650345	0.916666666
2653137	0.916666666
2653568	0.916666666
2653772	0.916666666
2655295	0.750000000
2655435	0.916666666
2655742	0.916666666
2657871	0.916666666
2659202	0.916666666
2659299	0.916666666
2659951	0.916666666
2662301	0.916666666
2663379	0.916666666
2663511	0.416666666
2664043	0.916666666
2665001	0.916666666
2666959	0.916666666
2667252	0.916666666
2667636	0.833333333
2667802	0.916666666
2667926	0.916666666
2668409	0.916666666
2669963	0.916666666
2670056	0.916666666
2670374	0.916666666
2670672	0.916666666
2670727	0.916666666
2671403	0.916666666
2671787	0.916666666
2671959	0.916666666
2672482	0.916666666
2672489	0.916666666
2672634	0.916666666
2672657	0.916666666
2674136	0.916666666
2675179	0.916666666
2677134	0.916666666
2677561	0.916666666
2677826	0.250000000
2678523	0.916666666
2678700	0.916666666
2679835	0.916666666
2681282	0.916666666
2681611	0.916666666
2682476	0.916666666
2682557	0.916666666
2683910	0.916666666
2683982	0.416666666
2686150	0.916666666
2686809	0.916666666
2686851	0.916666666
2687065	0.916666666
2687662	0.583333333
2688713	0.916666666
2688987	0.250000000
2689298	0.916666666
2690728	0.916666666
2690912	0.916666666
2691279	0.916666666
2691415	0.083333333
2692477	0.916666666
2692531	0.916666666
2692821	0.916666666
2693242	0.083333333
2693613	0.916666666
2694309	0.916666666
2694801	0.916666666
2696316	0.750000000
2696669	0.916666666
2697140	0.083333333
2698396	0.916666666
2699544	0.916666666
2700194	0.916666666
2701116	0.083333333
2701422	0.916666666
2701833	0.916666666
2702560	0.916666666
2702798	0.916666666
2702938	0.916666666
2703688	0.916666666
2704493	0.916666666
2705070	0.916666666
2705452	0.916666666
2706654	0.916666666
2707837	0.916666666
2709139	0.083333333
2710259	0.083333333
2712106	0.916666666
2712376	0.916666666
2712873	0.916666666
2713487	0.916666666
2713763	0.916666666
2713920	0.916666666
2714537	0.166666666
2716528	0.666666666
2717019	0.250000000
2717543	0.916666666
2719341	0.916666666
2721210	0.916666666
2721652	0.916666666
2722367	0.916666666
2722741	0.916666666
2724065	0.416666666
2724468	0.916666666
2724805	0.916666666
2725035	0.916666666
2725285	0.166666666
2725477	0.916666666
2725843	0.916666666
2726968	0.250000000
2727386	0.916666666
2728937	0.916666666
2729137	0.916666666
2729186	0.916666666
2730297	0.916666666
2732506	0.916666666
2733311	0.916666666
2733619	0.916666666
2733780	0.916666666
2733810	0.916666666
2734671	0.916666666
2734951	0.916666666
2735310	0.833333333
2735784	0.916666666
2735792	0.416666666
2735910	0.916666666
2736163	0.500000000
2736558	0.666666666
2737883	0.916666666
2737951	0.916666666
2738092	0.916666666
2738924	0.916666666
2739599	0.916666666
2739782	0.916666666
2740197	0.916666666
2740404	0.083333333
2740627	0.916666666
2741575	0.333333333
2742941	0.916666666
2743205	0.916666666
2743377	0.916666666
2744226	0.916666666
2744498	0.916666666
2744633	0.916666666
2745259	0.916666666
2745501	0.916666666
2745717	0.833333333
2746585	0.916666666
2746598	0.916666666
2746642	0.916666666
2746809	0.916666666
2747199	0.916666666
2748160	0.250000000
2748201	0.916666666
2748369	0.916666666
2748966	0.916666666
2750413	0.916666666
2750447	0.916666666
2750791	0.916666666
2751098	0.916666666
2753395	0.916666666
2753681	0.416666666
2753724	0.916666666
2756699	0.916666666
2757102	0.916666666
2757711	0.916666666
2757753	0.916666666
2758681	0.916666666
2761628	0.083333333
2761631	0.916666666
2762227	0.500000000
2762299	0.916666666
2762808	0.916666666
2764497	0.916666666
2764838	0.916666666
2765988	0.916666666
2766310	0.916666666
2767738	0.833333333
2768151	0.916666666
2768238	0.916666666
2768976	0.916666666
2769191	0.416666666
2769261	0.916666666
2772562	0.500000000
2772694	0.916666666
2772990	0.916666666
2773165	0.916666666
2774245	0.916666666
2774629	0.916666666
2775429	0.916666666
2775541	0.916666666
2775552	0.083333333
2776590	0.916666666
2777009	0.916666666
2778187	0.916666666
2778425	0.916666666
2779435	0.916666666
2779738	0.916666666
2780267	0.916666666
2781532	0.916666666
2784081	0.916666666
2784288	0.083333333
2785117	0.916666666
2786349	0.916666666
2787560	0.916666666
2788203	0.916666666
2788291	0.916666666
2788718	0.916666666
2788974	0.416666666
2789241	0.916666666
2789592	0.916666666
2789857	0.916666666
2790293	0.916666666
2790803	0.916666666
2791269	0.916666666
2791829	0.916666666
2792530	0.916666666
2793486	0.916666666
2794032	0.916666666
2794226	0.916666666
2794344	0.916666666
2795454	0.916666666
2795776	0.916666666
2796916	0.916666666
2796996	0.916666666
2797092	0.916666666
2797225	0.916666666
2797889	0.916666666
2798620	0.916666666
2800448	0.916666666
2801323	0.916666666
2803020	0.166666666
2805879	0.500000000
2806561	0.916666666
2806596	0.916666666
2806861	0.916666666
2807141	0.916666666
2808993	0.916666666
2810112	0.916666666
2810997	0.916666666
2812539	0.916666666
2813190	0.916666666
2813555	0.916666666
2813910	0.916666666
2815158	0.916666666
2815323	0.916666666
2815963	0.916666666
2816458	0.916666666
2816920	0.916666666
2819899	0.916666666
2820106	0.916666666
2823086	0.083333333
2825418	0.916666666
2826180	0.916666666
2826339	0.916666666
2827218	0.166666666
2827716	0.916666666
2827717	0.750000000
2827740	0.416666666
2827782	0.916666666
2829456	0.916666666
2830122	0.916666666
2830680	0.916666666
2831684	0.916666666
2831807	0.916666666
2832995	0.500000000
2833574	0.916666666
2833906	0.916666666
2833998	0.916666666
2834459	0.916666666
2835357	0.916666666
2835643	0.916666666
2836465	0.250000000
2836482	0.916666666
2838459	0.916666666
2838683	0.916666666
2839089	0.916666666
2841410	0.916666666
2841776	0.833333333
2842354	0.916666666
2845832	0.916666666
2847124	0.916666666
2847620	0.916666666
2847840	0.916666666
2848216	0.916666666
2848282	0.916666666
2848285	0.916666666
2848901	0.916666666
2849782	0.916666666
2850652	0.916666666
2850784	0.916666666
2851264	0.916666666
2852435	0.916666666
2852881	0.916666666
2852898	0.916666666
2855228	0.916666666
2855573	0.916666666
2856517	0.916666666
2857287	0.916666666
2857643	0.916666666
2859223	0.916666666
2861471	0.916666666
2862880	0.916666666
2863771	0.916666666
2864128	0.916666666
2865465	0.916666666
2866274	0.916666666
2866304	0.916666666
2866589	0.916666666
2867410	0.916666666
2867442	0.916666666
2867769	0.916666666
2867905	0.916666666
2868591	0.916666666
2869925	0.916666666
2870734	0.916666666
2871433	0.916666666
2874541	0.416666666
2875004	0.916666666
2875147	0.250000000
2875534	0.916666666
2876033	0.416666666
2876950	0.916666666
2877038	0.916666666
2877192	0.916666666
2877341	0.916666666
2877914	0.916666666
2878517	0.916666666
2879458	0.916666666
2880101	0.166666666
2880123	0.500000000
2881216	0.916666666
2881450	0.916666666
2881608	0.916666666
2883278	0.916666666
2883964	0.916666666
2884010	0.833333333
2884283	0.750000000
2884330	0.916666666
2885048	0.916666666
2885619	0.166666666
2885643	0.916666666
2886421	0.916666666
2887436	0.916666666
2888275	0.916666666
2888381	0.750000000
2888918	0.916666666
2889470	0.833333333
2890973	0.916666666
2891304	0.916666666
2892153	0.916666666
2892169	0.916666666
2892226	0.416666666
2892481	0.916666666
2892772	0.916666666
2892798	0.916666666
2892873	0.916666666
2895755	0.916666666
2896862	0.916666666
2896945	0.083333333
2897199	0.916666666
2897281	0.916666666
2897940	0.916666666
2898493	0.916666666
2898997	0.500000000
2899192	0.833333333
2899599	0.916666666
2899898	0.916666666
2900947	0.916666666
2901236	0.916666666
2901903	0.916666666
2902032	0.916666666
2902218	0.916666666
2902386	0.750000000
2904482	0.166666666
2904625	0.916666666
2905843	0.916666666
2906577	0.916666666
2907097	0.916666666
2908489	0.916666666
2908982	0.916666666
2910155	0.166666666
2910236	0.916666666
2912697	0.916666666
2914041	0.916666666
2914150	0.916666666
2915210	0.916666666
2915255	0.916666666
2916155	0.916666666
2916483	0.916666666
2917147	0.916666666
2917385	0.916666666
2917561	0.666666666
2917696	0.916666666
2918645	0.916666666
2920923	0.916666666
2921572	0.916666666
2922472	0.916666666
2922792	0.916666666
2923263	0.916666666
2923636	0.750000000
2924648	0.916666666
2925210	0.916666666
2925513	0.250000000
2925517	0.916666666
2925943	0.916666666
2926887	0.916666666
2927082	0.833333333
2927350	0.916666666
2928121	0.916666666
2929171	0.916666666
2929585	0.916666666
2930755	0.916666666
2930779	0.916666666
2930946	0.916666666
2931658	0.916666666
2931689	0.916666666
2931914	0.916666666
2932500	0.916666666
2934036	0.916666666
2934517	0.416666666
2935698	0.916666666
2935734	0.916666666
2935762	0.916666666
2935980	0.916666666
2938033	0.916666666
2938182	0.916666666
2938412	0.916666666
2938512	0.916666666
2938613	0.083333333
2939086	0.916666666
2939189	0.916666666
2939698	0.916666666
2940010	0.916666666
2940693	0.916666666
2940947	0.916666666
2941146	0.916666666
2941292	0.916666666
2941350	0.916666666
2942588	0.916666666
2942683	0.916666666
2943699	0.666666666
2943875	0.916666666
2944377	0.916666666
2944417	0.083333333
2944629	0.916666666
2948281	0.916666666
2948322	0.916666666
2949009	0.916666666
2950914	0.916666666
2952394	0.916666666
2952484	0.916666666
2952986	0.666666666
2953166	0.916666666
2954034	0.083333333
2954678	0.916666666
2955727	0.916666666
2956914	0.916666666
2957524	0.916666666
2958086	0.083333333
2959379	0.833333333
2961349	0.916666666
2961599	0.916666666
2962738	0.916666666
2963730	0.916666666
2964789	0.916666666
2964930	0.916666666
2964973	0.666666666
2965748	0.916666666
2968007	0.916666666
2968142	0.916666666
2969430	0.916666666
2969787	0.916666666
2969977	0.916666666
2971622	0.916666666
2971699	0.916666666
2972079	0.833333333
2973463	0.166666666
2973926	0.916666666
2974083	0.916666666
2975059	0.916666666
2976154	0.916666666
2976167	0.916666666
2976657	0.916666666
2976777	0.416666666
2977717	0.333333333
2978592	0.750000000
2978675	0.916666666
2980938	0.166666666
2981934	0.916666666
2982223	0.916666666
2984129	0.916666666
2985736	0.916666666
2985812	0.916666666
2986666	0.916666666
2986741	0.500000000
2987219	0.916666666
2987367	0.916666666
2987519	0.916666666
2987697	0.916666666
2987752	0.916666666
2988431	0.916666666
2989888	0.916666666
2991395	0.916666666
2992044	0.916666666
2992353	0.916666666
2992464	0.916666666
2992957	0.916666666
2993166	0.916666666
2994574	0.916666666
2995094	0.916666666
2995463	0.916666666
2996206	0.916666666
2996783	0.833333333
2997434	0.916666666
2998243	0.916666666
2998797	0.916666666
2999339	0.916666666
2999398	0.916666666
2999649	0.916666666
2999703	0.916666666
2999969	0.916666666
3000438	0.916666666
3001407	0.916666666
3001428	0.916666666
3003509	0.916666666
3003561	0.916666666
3003580	0.916666666
3003803	0.916666666
3004673	0.916666666
3004992	0.916666666
3005174	0.083333333
3005627	0.833333333
3006295	0.916666666
3006683	0.416666666
3007051	0.916666666
3007558	0.833333333
3008878	0.666666666
3011197	0.916666666
3011214	0.916666666
3011566	0.916666666
3012893	0.500000000
3013224	0.916666666
3014237	0.583333333
3014373	0.916666666
3014426	0.750000000
3014501	0.916666666
3014531	0.916666666
3014626	0.916666666
3014698	0.916666666
3015403	0.916666666
3015503	0.916666666
3016030	0.916666666
3016708	0.833333333
3017098	0.083333333
3017864	0.916666666
3017872	0.916666666
3018131	0.916666666
3018233	0.916666666
3018367	0.083333333
3018426	0.083333333
3018634	0.416666666
3018711	0.916666666
3019790	0.916666666
3019832	0.083333333
3019878	0.916666666
3021660	0.916666666
3021702	0.916666666
3021763	0.916666666
3021949	0.916666666
3022214	0.916666666
3023244	0.916666666
3023410	0.916666666
3023411	0.916666666
3023881	0.916666666
3023936	0.416666666
3024136	0.916666666
3026431	0.916666666
3026499	0.666666666
3031174	0.916666666
3031358	0.916666666
3031790	0.916666666
3031957	0.916666666
3032457	0.750000000
3032537	0.916666666
3034589	0.916666666
3034981	0.916666666
3035117	0.916666666
3035457	0.916666666
3035523	0.166666666
3036046	0.916666666
3036176	0.916666666
3036240	0.083333333
3036445	0.916666666
3036737	0.916666666
3036912	0.916666666
3037612	0.916666666
3038555	0.916666666
3038845	0.916666666
3039965	0.916666666
3039983	0.250000000
3041176	0.916666666
3041949	0.916666666
3042166	0.916666666
3042286	0.916666666
3043042	0.416666666
3043633	0.916666666
3043826	0.916666666
3044266	0.916666666
3044613	0.583333333
3047081	0.083333333
3047587	0.083333333
3049043	0.916666666
3049651	0.916666666
3049675	0.916666666
3050436	0.833333333
3050695	0.666666666
3050830	0.916666666
3050868	0.916666666
3051276	0.916666666
3051295	0.916666666
3051362	0.916666666
3054203	0.916666666
3054945	0.416666666
3055623	0.916666666
3056587	0.916666666
3057127	0.916666666
3057732	0.916666666
3057978	0.916666666
3059567	0.083333333
3060243	0.916666666
3060262	0.583333333
3060391	0.916666666
3060515	0.916666666
3060811	0.916666666
3060970	0.416666666
3061804	0.916666666
3062057	0.416666666
3062184	0.916666666
3062486	0.916666666
3063043	0.916666666
3063531	0.916666666
3065231	0.583333333
3066060	0.916666666
3066283	0.916666666
3066456	0.916666666
3067471	0.916666666
3067946	0.916666666
3068223	0.916666666
3068250	0.916666666
3068343	0.916666666
3068503	0.916666666
3068575	0.250000000
3072098	0.916666666
3072120	0.916666666
3072802	0.916666666
3072944	0.083333333
3073029	0.916666666
3073263	0.666666666
3074431	0.916666666
3074613	0.916666666
3075455	0.916666666
3075654	0.916666666
3075706	0.916666666
3075980	0.083333333
3076201	0.833333333
3076353	0.916666666
3076634	0.916666666
3076689	0.916666666
3077105	0.916666666
3077558	0.916666666
3078437	0.916666666
3078528	0.916666666
3078677	0.916666666
3079131	0.916666666
3079512	0.916666666
3079747	0.416666666
3079782	0.916666666
3079964	0.916666666
3080054	0.416666666
3080125	0.916666666
3080743	0.916666666
3080821	0.916666666
3081733	0.500000000
3082222	0.916666666
3082359	0.916666666
3082361	0.250000000
3082364	0.500000000
3082387	0.916666666
3083098	0.916666666
3083801	0.083333333
3084541	0.916666666
3084991	0.916666666
3085177	0.916666666
3085789	0.916666666
3085902	0.916666666
3086180	0.250000000
3086258	0.916666666
3086733	0.916666666
3087500	0.916666666
3088292	0.916666666
3088767	0.916666666
3089015	0.916666666
3089080	0.916666666
3089104	0.916666666
3089299	0.250000000
3089389	0.916666666
3089633	0.916666666
3089821	0.583333333
3092224	0.916666666
3092741	0.916666666
3093489	0.916666666
3094215	0.916666666
3094216	0.916666666
3096239	0.916666666
3097290	0.916666666
3097338	0.916666666
3097848	0.916666666
3098250	0.916666666
3098675	0.916666666
3098967	0.916666666
3098995	0.916666666
3099539	0.916666666
3099958	0.916666666
3100149	0.916666666
3100158	0.916666666
3100244	0.916666666
3100371	0.916666666
3100463	0.916666666
3100505	0.916666666
3100831	0.916666666
3101452	0.583333333
3101658	0.916666666
3101973	0.916666666
3102060	0.916666666
3102731	0.250000000
3103312	0.416666666
3103513	0.083333333
3103573	0.916666666
3103882	0.500000000
3104801	0.250000000
3105452	0.916666666
3105459	0.916666666
3106184	0.916666666
3106332	0.916666666
3107253	0.916666666
3107951	0.916666666
3108136	0.916666666
3108373	0.916666666
3108496	0.500000000
3109328	0.916666666
3109400	0.083333333
3109744	0.916666666
3109952	0.916666666
3109991	0.916666666
3110154	0.916666666
3111467	0.083333333
3111593	0.833333333
3112461	0.916666666
3112546	0.916666666
3112815	0.916666666
3113551	0.916666666
3113581	0.416666666
3113734	0.916666666
3113979	0.916666666
3114296	0.916666666
3114444	0.916666666
3115790	0.916666666
3117199	0.916666666
3117408	0.916666666
3117617	0.916666666
3118336	0.916666666
3118376	0.916666666
3118379	0.916666666
3118626	0.916666666
3119061	0.916666666
3120192	0.916666666
3120970	0.416666666
3120997	0.916666666
3121502	0.916666666
3121660	0.916666666
3121854	0.916666666
3121928	0.916666666
3122047	0.916666666
3122582	0.916666666
3123010	0.916666666
3123107	0.916666666
3123462	0.916666666
3124148	0.916666666
3124165	0.500000000
3124300	0.916666666
3125031	0.916666666
3125032	0.916666666
3125261	0.916666666
3126108	0.333333333
3126641	0.916666666
3128219	0.916666666
3128727	0.916666666
3129225	0.916666666
3129525	0.416666666
3130076	0.916666666
3130961	0.916666666
3131108	0.916666666
3131800	0.916666666
3132571	0.916666666
3132592	0.916666666
3133255	0.916666666
3133471	0.916666666
3133887	0.416666666
3134421	0.916666666
3134631	0.916666666
3135253	0.916666666
3135936	0.833333333
3138479	0.916666666
3138552	0.916666666
3138874	0.666666666
3139012	0.916666666
3139469	0.916666666
3141188	0.916666666
3142119	0.916666666
3142493	0.500000000
3142983	0.916666666
3143262	0.083333333
3143881	0.916666666
3144296	0.916666666
3144486	0.916666666
3144694	0.916666666
3145097	0.916666666
3148754	0.916666666
3148812	0.916666666
3149127	0.916666666
3149271	0.500000000
3150337	0.916666666
3150514	0.916666666
3150788	0.166666666
3150999	0.083333333
3151162	0.666666666
3151208	0.916666666
3151214	0.916666666
3151932	0.916666666
3152119	0.916666666
3152189	0.916666666
3153051	0.916666666
3153336	0.916666666
3153571	0.416666666
3153751	0.416666666
3154327	0.666666666
3155259	0.583333333
3156164	0.916666666
3157219	0.916666666
3157334	0.916666666
3158011	0.916666666
3160057	0.916666666
3160845	0.916666666
3161511	0.916666666
3161622	0.916666666
3162188	0.916666666
3162377	0.916666666
3162532	0.916666666
3162536	0.416666666
3162745	0.916666666
3162919	0.916666666
3163188	0.916666666
3163363	0.916666666
3163389	0.916666666
3163423	0.916666666
3163484	0.916666666
3164015	0.916666666
3165163	0.833333333
3165357	0.583333333
3165438	0.916666666
3165589	0.916666666
3165604	0.916666666
3165974	0.916666666
3166414	0.916666666
3166651	0.916666666
3167359	0.166666666
3168401	0.916666666
3168505	0.916666666
3168918	0.916666666
3168972	0.916666666
3169412	0.916666666
3169657	0.916666666
3170235	0.916666666
3170805	0.916666666
3170933	0.916666666
3171475	0.916666666
3171495	0.916666666
3171664	0.916666666
3171772	0.916666666
3172093	0.916666666
3172350	0.916666666
3172824	0.916666666
3173273	0.916666666
3173334	0.750000000
3173477	0.916666666
3173523	0.916666666
3173946	0.916666666
3174562	0.416666666
3176447	0.916666666
3177111	0.333333333
3177138	0.916666666
3177802	0.916666666
3177986	0.916666666
3178894	0.916666666
3179452	0.916666666
3179743	0.916666666
3179920	0.916666666
3180047	0.916666666
3180064	0.916666666
3180287	0.916666666
3180493	0.916666666
3180735	0.916666666
3180819	0.916666666
3181067	0.916666666
3181081	0.416666666
3182485	0.583333333
3183214	0.916666666
3183741	0.916666666
3184026	0.083333333
3185478	0.166666666
3185712	0.916666666
3186086	0.916666666
3186488	0.916666666
3188353	0.833333333
3188419	0.916666666
3188619	0.916666666
3189635	0.916666666
3190031	0.916666666
3190032	0.916666666
3190046	0.916666666
3190175	0.916666666
3190487	0.416666666
3190704	0.916666666
3190723	0.916666666
3191712	0.916666666
3194014	0.916666666
3194251	0.083333333
3194720	0.583333333
3194877	0.666666666
3195128	0.916666666
3196243	0.916666666
3196417	0.916666666
3196596	0.916666666
3196921	0.916666666
3196949	0.916666666
3197047	0.916666666
3197843	0.916666666
3197867	0.833333333
3198037	0.916666666
3198865	0.916666666
3199178	0.916666666
3199197	0.916666666
3200106	0.916666666
3200135	0.750000000
3200243	0.916666666
3200271	0.916666666
3200547	0.916666666
3200837	0.916666666
3201251	0.916666666
3201565	0.916666666
3201688	0.916666666
3202220	0.916666666
3202278	0.416666666
3202352	0.916666666
3202502	0.916666666
3203076	0.916666666
3204002	0.250000000
3204018	0.916666666
3204323	0.833333333
3204395	0.916666666
3204493	0.916666666
3204610	0.916666666
3204863	0.916666666
3205372	0.916666666
3206611	0.916666666
3207234	0.916666666
3207253	0.916666666
3207699	0.666666666
3208607	0.916666666
3209056	0.916666666
3210191	0.916666666
3210803	0.416666666
3210855	0.916666666
3211263	0.916666666
3211504	0.916666666
3212080	0.083333333
3212403	0.666666666
3212445	0.916666666
3214979	0.583333333
3215100	0.916666666
3215207	0.916666666
3215774	0.916666666
3215960	0.916666666
3216177	0.916666666
3216367	0.916666666
3216502	0.916666666
3217982	0.916666666
3218127	0.916666666
3218231	0.916666666
3219524	0.916666666
3219781	0.916666666
3219860	0.916666666
3220173	0.916666666
3220954	0.916666666
3221228	0.416666666
3221262	0.916666666
3221301	0.666666666
3221432	0.916666666
3221564	0.916666666
3222275	0.083333333
3222329	0.916666666
3222866	0.916666666
3223390	0.916666666
3223895	0.916666666
3223925	0.916666666
3223964	0.916666666
3224090	0.916666666
3224857	0.916666666
3225647	0.916666666
3226135	0.916666666
3226344	0.916666666
3226677	0.916666666
3226739	0.916666666
3227276	0.916666666
3227684	0.916666666
3228158	0.916666666
3228647	0.916666666
3228974	0.916666666
3229061	0.916666666
3229144	0.916666666
3229492	0.916666666
3229668	0.916666666
3230111	0.083333333
3230380	0.916666666
3230795	0.916666666
3230798	0.250000000
3230799	0.916666666
3231517	0.916666666
3231976	0.916666666
3232424	0.916666666
3232992	0.916666666
3233093	0.916666666
3233758	0.916666666
3233892	0.916666666
3235377	0.916666666
3235585	0.916666666
3236209	0.583333333
3236501	0.916666666
3237386	0.916666666
3240322	0.916666666
3241510	0.916666666
3241892	0.916666666
3242255	0.916666666
3242802	0.916666666
3243017	0.916666666
3243053	0.250000000
3243471	0.416666666
3243653	0.916666666
3244031	0.916666666
3244563	0.083333333
3244808	0.833333333
3244998	0.083333333
3245124	0.916666666
3245128	0.916666666
3245374	0.916666666
3245914	0.916666666
3246468	0.916666666
3246795	0.416666666
3246859	0.666666666
3247052	0.916666666
3247087	0.916666666
3247636	0.666666666
3248595	0.916666666
3248605	0.916666666
3248889	0.916666666
3249376	0.833333333
3249598	0.916666666
3250172	0.500000000
3250826	0.916666666
3251913	0.916666666
3252108	0.916666666
3252548	0.916666666
3252603	0.333333333
3252788	0.916666666
3252915	0.166666666
3252980	0.916666666
3253036	0.916666666
3253269	0.166666666
3253391	0.916666666
3253834	0.250000000
3254566	0.916666666
3254686	0.916666666
3254855	0.916666666
3255098	0.916666666
3255235	0.916666666
3255533	0.916666666
3256564	0.916666666
3256593	0.916666666
3257013	0.750000000
3257021	0.916666666
3257176	0.916666666
3257597	0.916666666
3257951	0.916666666
3258253	0.250000000
3258374	0.916666666
3258439	0.583333333
3258630	0.916666666
3259055	0.916666666
3259089	0.916666666
3259864	0.916666666
3259874	0.916666666
3259986	0.916666666
3260308	0.916666666
3260666	0.916666666
3261295	0.916666666
3261732	0.416666666
3262601	0.916666666
3263147	0.916666666
3263421	0.916666666
3263509	0.916666666
3264255	0.333333333
3265424	0.916666666
3266805	0.916666666
3267240	0.833333333
3267852	0.916666666
3268191	0.916666666
3268207	0.916666666
3268330	0.416666666
3268457	0.916666666
3268532	0.916666666
3268659	0.916666666
3269426	0.416666666
3269728	0.916666666
3269746	0.916666666
3270067	0.916666666
3270333	0.916666666
3270947	0.916666666
3271330	0.166666666
3271742	0.916666666
3272108	0.916666666
3272455	0.416666666
3272555	0.916666666
3272780	0.916666666
3273204	0.916666666
3273780	0.583333333
3273993	0.916666666
3274087	0.916666666
3274319	0.083333333
3274792	0.916666666
3274988	0.916666666
3275235	0.916666666
3275643	0.916666666
3275681	0.916666666
3276003	0.916666666
3276096	0.916666666
3276373	0.083333333
3278082	0.916666666
3278109	0.916666666
3278256	0.916666666
3278348	0.083333333
3278454	0.916666666
3278530	0.916666666
3278699	0.916666666
3279113	0.916666666
3279134	0.916666666
3279300	0.916666666
3279481	0.916666666
3279556	0.916666666
3279936	0.916666666
3279994	0.916666666
3280377	0.083333333
3280494	0.916666666
3280774	0.916666666
3280822	0.250000000
3281282	0.916666666
3281482	0.916666666
3281555	0.916666666
3281641	0.916666666
3282194	0.916666666
3282402	0.916666666
3282579	0.916666666
3283003	0.166666666
3283102	0.916666666
3283481	0.416666666
3283670	0.916666666
3283855	0.916666666
3283921	0.916666666
3284074	0.916666666
3284290	0.916666666
3284509	0.916666666
3285220	0.916666666
3285511	0.916666666
3285552	0.916666666
3285636	0.916666666
3285685	0.916666666
3285800	0.916666666
3285887	0.250000000
3286248	0.916666666
3286876	0.916666666
3286883	0.916666666
3287040	0.916666666
3287215	0.916666666
3287593	0.916666666
3288197	0.916666666
3289035	0.666666666
3289869	0.916666666
3290354	0.416666666
3290812	0.916666666
3290938	0.916666666
3291815	0.916666666
3292335	0.916666666
3292498	0.916666666
3292665	0.916666666
3292897	0.916666666
3292961	0.916666666
3293201	0.916666666
3293302	0.916666666
3293404	0.916666666
3293531	0.916666666
3293743	0.833333333
3293749	0.916666666
3294883	0.916666666
3294930	0.916666666
3295125	0.833333333
3295607	0.916666666
3295893	0.916666666
3296297	0.916666666
3296391	0.916666666
3296486	0.916666666
3296970	0.916666666
3297308	0.916666666
3297809	0.916666666
3298037	0.916666666
3298103	0.916666666
3298135	0.583333333
3298188	0.916666666
3298219	0.916666666
3298929	0.916666666
3298949	0.916666666
3299220	0.916666666
3299386	0.916666666
3299574	0.500000000
3299774	0.916666666
3299817	0.916666666
3300255	0.916666666
3300578	0.916666666
3301018	0.916666666
3301105	0.916666666
3301145	0.916666666
3301419	0.916666666
3301904	0.916666666
3302487	0.916666666
3302594	0.916666666
3302951	0.916666666
3303527	0.083333333
3303964	0.916666666
3304148	0.916666666
3304786	0.500000000
3305721	0.916666666
3306891	0.750000000
3306970	0.916666666
3307021	0.916666666
3307091	0.916666666
3307119	0.916666666
3307132	0.916666666
3307191	0.916666666
3307233	0.916666666
3307732	0.916666666
3308036	0.916666666
3308162	0.916666666
3308639	0.833333333
3308822	0.500000000
3308868	0.916666666
3309014	0.083333333
3309152	0.916666666
3309406	0.416666666
3309879	0.916666666
3310272	0.083333333
3310298	0.250000000
3310445	0.916666666
3310820	0.916666666
3310949	0.916666666
3310976	0.166666666
3311036	0.916666666
3311510	0.916666666
3311668	0.916666666
3311809	0.916666666
3311997	0.916666666
3312184	0.916666666
3312399	0.916666666
3312429	0.916666666
3312584	0.916666666
3313169	0.916666666
3313382	0.916666666
3313997	0.916666666
3314023	0.916666666
3314121	0.916666666
3314145	0.500000000
3314246	0.916666666
3314476	0.916666666
3314658	0.916666666
3314734	0.916666666
3314910	0.916666666
3315367	0.916666666
3315580	0.916666666
3315945	0.833333333
3316011	0.916666666
3316433	0.416666666
3316514	0.416666666
3316621	0.916666666
3317252	0.916666666
3317271	0.416666666
3317781	0.916666666
3317934	0.916666666
3317984	0.166666666
3318845	0.916666666
3319115	0.916666666
3319193	0.916666666
3319245	0.500000000
3319510	0.916666666
3319515	0.416666666
3319905	0.166666666
3319937	0.916666666
3320018	0.916666666
3320283	0.916666666
3320387	0.916666666
3320480	0.916666666
3320603	0.166666666
3320758	0.916666666
3320854	0.833333333
3320984	0.916666666
3321057	0.916666666
3321107	0.916666666
3321199	0.916666666
3321556	0.916666666
3321699	0.916666666
3321825	0.916666666
3321884	0.916666666
3321894	0.916666666
3321913	0.916666666
3322360	0.916666666
3322378	0.916666666
3322518	0.916666666
3322677	0.666666666
3322824	0.916666666
3322931	0.416666666
3323007	0.916666666
3323148	0.750000000
3323427	0.583333333
3323832	0.916666666
3324018	0.916666666
3324100	0.916666666
3324617	0.916666666
3324742	0.916666666
3325445	0.916666666
3325797	0.916666666
3325902	0.916666666
3326317	0.416666666
3327098	0.916666666
3327142	0.916666666
3327373	0.916666666
3327624	0.916666666
3327713	0.916666666
3327919	0.916666666
3327963	0.916666666
3329484	0.916666666
3329886	0.916666666
3329971	0.916666666
3330129	0.916666666
3330583	0.583333333
3330797	0.166666666
3331359	0.416666666
3331589	0.916666666
3331975	0.916666666
3332038	0.916666666
3332148	0.416666666
3332329	0.916666666
3332342	0.083333333
3332493	0.916666666
3333441	0.916666666
3333704	0.916666666
3333951	0.916666666
3334384	0.916666666
3334513	0.166666666
3335295	0.916666666
3335456	0.166666666
3335826	0.916666666
3335855	0.916666666
3336120	0.916666666
3336177	0.916666666
3336373	0.916666666
3336453	0.916666666
3337141	0.916666666
3337732	0.916666666
3338001	0.083333333
3338077	0.083333333
3338457	0.916666666
3339257	0.166666666
3339532	0.583333333
3339908	0.250000000
3340358	0.916666666
3340399	0.916666666
3340417	0.916666666
3340585	0.333333333
3341143	0.916666666
3341798	0.916666666
3341906	0.916666666
3342814	0.916666666
3342843	0.916666666
3342958	0.916666666
3343006	0.416666666
3343113	0.916666666
3343340	0.916666666
3343826	0.916666666
3343881	0.916666666
3344371	0.916666666
3344553	0.083333333
3344824	0.916666666
3345332	0.916666666
3345814	0.583333333
3345869	0.166666666
3345985	0.916666666
3346106	0.916666666
3346295	0.916666666
3346371	0.833333333
3346420	0.916666666
3346822	0.916666666
3346913	0.916666666
3347301	0.916666666
3347388	0.916666666
3347516	0.916666666
3347847	0.916666666
3347849	0.916666666
3348027	0.916666666
3348761	0.333333333
3348780	0.916666666
3348847	0.916666666
3349168	0.916666666
3350417	0.583333333
3350549	0.083333333
3350888	0.916666666
3351014	0.916666666
3351266	0.916666666
3351531	0.916666666
3351785	0.916666666
3351844	0.916666666
3351998	0.916666666
3353495	0.916666666
3353775	0.916666666
3354508	0.916666666
3354652	0.916666666
3354711	0.916666666
3356245	0.916666666
3356743	0.833333333
3358104	0.916666666
3358232	0.916666666
3358572	0.916666666
3360118	0.583333333
3360472	0.916666666
3360756	0.750000000
3360930	0.916666666
3361098	0.916666666
3361257	0.916666666
3361382	0.916666666
3362256	0.250000000
3362983	0.916666666
3363720	0.916666666
3364387	0.916666666
3364404	0.916666666
3364751	0.916666666
3366490	0.916666666
3366896	0.916666666
3366956	0.916666666
3367024	0.166666666
3367699	0.916666666
3368203	0.916666666
3368467	0.916666666
3368598	0.666666666
3368693	0.166666666
3368805	0.083333333
3368831	0.916666666
3369604	0.916666666
3370338	0.916666666
3370423	0.916666666
3370910	0.916666666
3371011	0.916666666
3371227	0.500000000
3371677	0.916666666
3372401	0.916666666
3372932	0.916666666
3373131	0.416666666
3374520	0.916666666
3374685	0.916666666
3376014	0.250000000
3376850	0.666666666
3376970	0.916666666
3377121	0.916666666
3377139	0.916666666
3377722	0.666666666
3377868	0.416666666
3377912	0.916666666
3378131	0.083333333
3378322	0.916666666
3378392	0.916666666
3378612	0.916666666
3378911	0.916666666
3379290	0.666666666
3379718	0.916666666
3380683	0.916666666
3380821	0.916666666
3381358	0.916666666
3381473	0.916666666
3382013	0.916666666
3382193	0.416666666
3383462	0.416666666
3383523	0.916666666
3383732	0.916666666
3384496	0.916666666
3384692	0.916666666
3385721	0.083333333
3385805	0.916666666
3385918	0.916666666
3386080	0.750000000
3388468	0.916666666
3388672	0.916666666
3390278	0.916666666
3391114	0.916666666
3391477	0.250000000
3391510	0.916666666
3392338	0.250000000
3392374	0.916666666
3392575	0.916666666
3392683	0.083333333
3394361	0.416666666
3395089	0.916666666
3395240	0.916666666
3396255	0.916666666
3396516	0.916666666
3396593	0.916666666
3397217	0.166666666
3400241	0.916666666
3400700	0.750000000
3401410	0.916666666
3401730	0.083333333
3401868	0.166666666
3404280	0.916666666
3404320	0.916666666
3406288	0.916666666
3406770	0.916666666
3408501	0.916666666
3409697	0.083333333
3410244	0.916666666
3410431	0.916666666
3411157	0.916666666
3411200	0.916666666
3411716	0.250000000
3412930	0.916666666
3414578	0.500000000
3416477	0.666666666
3418505	0.500000000
3418903	0.916666666
3419040	0.916666666
3421122	0.916666666
3421785	0.916666666
3422456	0.916666666
3424634	0.916666666
3424883	0.916666666
3425234	0.916666666
3426612	0.916666666
3427081	0.916666666
3427201	0.916666666
3427428	0.916666666
3428042	0.166666666
3428881	0.916666666
3430400	0.916666666
3433351	0.916666666
3434199	0.833333333
3436637	0.083333333
3438201	0.583333333
3439843	0.916666666
3439972	0.916666666
3440085	0.583333333
3440601	0.916666666
3442820	0.083333333
3443933	0.916666666
3446739	0.916666666
3448330	0.583333333
3449880	0.833333333
3450034	0.916666666
3450237	0.916666666
3450249	0.916666666
3450290	0.916666666
3451555	0.250000000
3452256	0.916666666
3452326	0.916666666
3453497	0.916666666
3454051	0.083333333
3454921	0.666666666
3455213	0.916666666
3455521	0.916666666
3456049	0.916666666
3457184	0.916666666
3463892	0.166666666
3467219	0.750000000
3468601	0.916666666
3469604	0.916666666
3469735	0.916666666
3477051	0.750000000
3478804	0.916666666
3479825	0.916666666
3484356	0.916666666
3487227	0.916666666
3489076	0.916666666
3491516	0.916666666
3492594	0.083333333
3496465	0.916666666
3503752	0.916666666
3511585	0.916666666
3515469	0.916666666
3519105	0.916666666
3522037	0.916666666
3522860	0.083333333
3524621	0.916666666
3527066	0.916666666
3529386	0.083333333
3533375	0.916666666
3534929	0.916666666
3546423	0.416666666
3546774	0.083333333
3550139	0.916666666
3551952	0.166666666
3557316	0.916666666
3559302	0.916666666
3562740	0.916666666
3566155	0.916666666
3566202	0.916666666
3575832	0.916666666
3588740	0.916666666
3591741	0.916666666
3593641	0.666666666
3596945	0.916666666
3597676	0.916666666
3608195	0.916666666
3617961	0.916666666
3618147	0.833333333
3626455	0.416666666
3627700	0.916666666
3640528	0.916666666
3644458	0.916666666
3652902	0.916666666
3652995	0.916666666
3653010	0.916666666
3658244	0.916666666
3658732	0.916666666
3662812	0.916666666
3664670	0.916666666
3665437	0.083333333
3671094	0.916666666
3671328	0.916666666
3675878	0.166666666
3678494	0.916666666
3683048	0.916666666
3683427	0.916666666
3693483	0.916666666
3696217	0.916666666
3700320	0.916666666
3703253	0.916666666
3705646	0.916666666
3719319	0.916666666
3725125	0.916666666
