2784990	2
395042	2
2241074	2
2043642	2
590994	2
2664911	2
2001309	2
2411799	2
994441	2
2649546	2
2484802	2
1773356	2
2684494	2
1534236	2
2490776	2
2782732	2
2707015	2
2723983	2
2086461	2
2660897	2
221385	2
2492100	2
2696243	2
3068371	2
2046662	2
1245131	2
2086615	2
3278413	2
921231	2
1392443	2
2546255	2
2326791	2
2924315	2
2680286	2
2381642	2
1108635	2
607624	2
2727231	2
2650332	2
2759474	2
2880813	2
756904	2
2418527	2
2053654	2
1152570	2
1535198	2
2787468	2
907857	2
2584991	2
2305724	2
2634615	2
2821747	2
2105010	2
2767662	2
2772248	2
2214206	2
1908428	2
1862364	2
3253531	2
1431816	2
2141790	2
2901501	2
1720523	2
527817	2
2056012	2
3356835	2
3021842	2
2402667	2
3144332	2
387350	2
401635	2
2660574	2
2817715	2
1988408	2
1634343	2
1034240	2
1920901	2
2731945	2
1801199	2
1231005	2
2468600	2
450088	2
2312341	2
1954521	2
3238988	2
2732353	2
2393234	2
1875119	2
509754	2
298763	2
2573558	2
2365111	2
750815	2
2383041	2
2534209	2
1145094	2
1590674	2
2249292	2
2776817	2
873683	2
1321741	2
615836	2
2799231	2
3018268	2
2704812	2
1477389	2
72425	2
2215655	2
1123398	2
2689597	2
2221314	2
2271035	2
1655116	2
1501319	2
1870651	2
601327	2
2687245	2
2865860	2
2335285	2
2986205	2
1154727	2
606644	2
2699404	2
2333367	2
2373940	2
1725584	2
2398465	2
2114266	2
2594812	2
297938	2
2288031	2
1305476	2
2335425	2
2407436	2
2437597	2
2850653	2
2503371	2
2506115	2
2036254	2
2665213	2
685004	2
1056658	2
1901189	2
31063	2
2576289	2
2769396	2
1079920	2
2097341	2
2736107	2
2404301	2
2156954	2
1234552	2
2425338	2
1392703	2
1529971	2
1507061	2
1989287	2
2701957	2
1694522	2
2748275	2
1819562	2
2548552	2
2786957	2
1230088	2
1916609	2
2669165	2
1636566	2
2559263	2
602027	2
2312286	2
887767	2
2039917	2
1527283	2
1276705	2
2658447	2
1892350	2
2012337	2
1985671	2
2761887	2
2602745	2
2862640	2
3128877	2
315454	2
1794586	2
2093064	2
1440082	2
2366606	2
1688000	2
2113520	2
255938	2
23889	2
2558278	2
2392195	2
2449269	2
2586101	2
582766	2
2113330	2
11285	2
1568613	2
1321219	2
2328171	2
2279766	2
1615891	2
1864887	2
2294917	2
2873004	2
1187252	2
89452	2
2646849	2
1501560	2
2729934	2
2235655	2
908726	2
1923518	2
2095123	2
746820	2
2741961	2
2689482	2
824885	2
2509037	2
1997965	2
1773690	2
1237965	2
2424385	2
1771489	2
318115	2
101775	2
2274105	2
2155279	2
1257381	2
2130027	2
2254628	2
251338	2
2722088	2
1743419	2
2634798	2
2756584	2
2683646	2
832870	2
1160775	2
1207866	2
2471286	2
2708388	2
3157670	2
2542778	2
2405091	2
1857555	2
593580	2
1828745	2
1011202	2
1528781	2
2584885	2
582805	2
1826003	2
1397430	2
1966768	2
2309369	2
2643409	2
1004418	2
1742768	2
1329393	2
1258457	2
2468718	2
936060	2
2723221	2
2522949	2
2712116	2
2517160	2
1630417	2
1121586	2
2264866	2
474797	2
373287	2
354465	2
2698024	2
1068039	2
887930	2
777374	2
1995314	2
1532619	2
1290516	2
2760569	2
1693607	2
2084851	2
1276639	2
2276211	2
3138489	2
2006319	2
2125942	2
2361005	2
738393	2
2803807	2
1730315	2
840319	2
2257246	2
2760442	2
2815302	2
1928429	2
2770702	2
2164277	2
1925583	2
2020786	2
748099	2
1391476	2
1882757	2
2583299	2
587397	2
2256091	2
1988404	2
1798329	2
1226847	2
2895268	2
2888511	2
457591	2
604382	2
735819	2
2580046	2
2562711	2
2617879	2
2678362	2
2464837	2
391367	2
256945	2
2572081	2
3020326	2
1752732	2
785012	2
1674270	2
2505307	2
869158	2
2488027	2
955620	2
1334450	2
2971165	2
2108206	2
1817391	2
2440980	2
1264495	2
1915410	2
1889765	2
520326	2
1356612	2
1935068	2
2788842	2
3138974	2
1539921	2
1852501	2
843790	2
2066577	2
685115	2
1725471	2
2076941	2
2118122	2
2889100	2
2638616	2
2579473	2
2619758	2
1935018	2
1876049	2
2863282	2
1046489	2
1982984	2
2734559	2
2527919	2
2222212	2
2675729	2
1789463	2
507534	2
2742404	2
1785509	2
3219842	2
2377383	2
562124	2
2050245	2
743217	2
2017042	2
1523118	2
1977273	2
1168356	2
