5	0.6666666666666666
10	0.4
11	0.5
13	0.0
15	0.25
19	0.5
20	0.0
21	0.4
23	0.3333333333333333
24	0.4
26	0.4
28	0.4
30	0.25
31	0.25
32	0.3333333333333333
33	0.8
37	0.6
38	0.0
40	0.0
41	0.0
42	0.8
43	0.0
45	0.5
47	0.3333333333333333
49	1.0
50	0.0
52	0.0
53	0.6
54	1.0
55	0.3333333333333333
56	0.5
58	0.875
60	0.5
63	0.2
65	0.0
67	0.0
68	0.3333333333333333
69	0.4
70	0.6666666666666666
72	0.6538461538461539
73	0.0
74	0.2857142857142857
75	0.5
77	0.5
78	0.3333333333333333
79	0.0
81	0.5
82	0.7777777777777778
84	0.5
91	0.8
92	0.25
95	1.0
96	0.0
97	0.7
98	0.6666666666666666
99	0.0
100	0.0
101	0.5
102	0.3333333333333333
107	0.0
109	0.3333333333333333
111	0.25
112	0.2
113	0.4
116	0.25
118	0.0
119	0.6
121	0.5
122	0.2
123	1.0
124	1.0
127	0.5714285714285714
128	0.45454545454545453
129	0.4
130	0.3333333333333333
131	1.0
132	0.0
133	0.375
134	0.75
135	0.8571428571428571
138	0.4
139	0.3333333333333333
142	1.0
144	0.4
145	0.8
146	0.4
150	0.25
151	0.3333333333333333
154	0.75
155	0.8
159	0.0
163	0.5
167	0.0
171	0.6666666666666666
172	0.16666666666666666
175	0.0
176	1.0
177	0.42857142857142855
179	0.0
181	0.2857142857142857
182	0.6666666666666666
185	0.5
187	1.0
191	0.3333333333333333
193	1.0
195	0.6
196	1.0
197	0.2
199	1.0
200	0.375
203	0.125
205	0.5
206	0.5813953488372093
210	1.0
211	0.7777777777777778
213	0.6666666666666666
216	0.0
219	1.0
220	1.0
221	0.6666666666666666
223	0.0
227	0.0
228	0.6666666666666666
229	0.4
231	0.0
233	0.5
234	0.6666666666666666
236	1.0
237	0.4
243	0.42857142857142855
245	0.4
246	0.4
247	0.5
248	0.0
249	0.2857142857142857
250	0.6666666666666666
251	0.0
253	0.2
255	0.0
258	1.0
259	0.4
260	0.75
261	0.0
263	0.25
265	0.0
266	0.0
268	0.0
269	0.0
271	0.6666666666666666
272	0.6666666666666666
274	0.8571428571428571
276	0.4
277	0.0
280	0.5
283	0.8
284	0.0
285	1.0
286	0.6666666666666666
287	0.7142857142857143
288	0.14285714285714285
289	0.0
291	0.8
292	0.0
294	1.0
295	0.4
296	0.5
297	0.4
298	0.4
299	0.42857142857142855
301	0.0
302	0.4375
303	0.6666666666666666
306	1.0
307	0.5
308	0.25
311	0.6666666666666666
312	0.6666666666666666
313	0.6666666666666666
314	0.6666666666666666
315	0.6666666666666666
316	0.6666666666666666
317	0.6666666666666666
318	0.6666666666666666
319	0.6666666666666666
320	0.6666666666666666
322	1.0
323	0.5
324	0.0
325	0.5
327	0.7142857142857143
330	0.5
331	0.8571428571428571
332	0.5
333	0.6666666666666666
334	0.5
338	1.0
341	0.8333333333333334
344	0.0
346	0.75
347	0.0
348	0.5
350	0.8333333333333334
352	1.0
353	0.625
354	1.0
356	0.3333333333333333
361	0.3333333333333333
362	0.3333333333333333
364	0.3333333333333333
365	1.0
367	0.25
368	0.0
369	0.0
372	0.75
373	0.6666666666666666
374	1.0
376	0.7142857142857143
377	0.2857142857142857
378	0.5
380	0.2
383	1.0
386	0.3333333333333333
387	0.0
394	0.0
396	0.75
397	0.8
400	0.75
401	1.0
405	0.6666666666666666
406	1.0
408	0.46153846153846156
412	0.5
413	0.0
414	1.0
415	0.5
417	0.6666666666666666
418	0.0
419	0.4
424	0.0
427	0.5555555555555556
430	0.6666666666666666
432	0.5
433	1.0
435	1.0
436	0.75
438	0.5
439	1.0
441	0.42857142857142855
442	0.25
443	0.42857142857142855
445	0.6363636363636364
451	0.8333333333333334
452	0.3333333333333333
453	1.0
454	0.0
455	0.5
456	1.0
457	0.75
461	0.5
463	0.0
470	0.75
472	0.6666666666666666
473	1.0
474	0.375
475	0.3333333333333333
476	0.6666666666666666
480	0.3333333333333333
481	0.5
485	0.0
486	0.7142857142857143
487	0.5
489	0.25
490	0.75
491	0.5714285714285714
492	0.6666666666666666
494	0.25
495	0.0
496	1.0
499	0.2
501	0.6666666666666666
502	1.0
503	1.0
504	0.5714285714285714
506	0.3125
507	1.0
508	1.0
509	0.3
510	0.7142857142857143
511	0.8333333333333334
512	0.3333333333333333
513	1.0
514	0.5
515	1.0
516	0.625
517	0.6666666666666666
519	0.6666666666666666
520	0.8
523	0.5
526	0.0
527	0.4
528	0.4
529	0.42857142857142855
530	0.0
531	0.0
534	0.0
535	1.0
537	0.16666666666666666
547	0.3333333333333333
549	0.4444444444444444
550	0.5
553	0.5
554	1.0
557	0.7
559	1.0
560	0.5
564	0.0
565	0.7142857142857143
568	1.0
569	0.42857142857142855
570	0.2222222222222222
571	1.0
572	0.8
573	0.2857142857142857
579	0.0
581	0.07142857142857142
582	0.5
584	0.0
585	0.0
590	0.4
592	0.0
596	0.75
600	0.6666666666666666
601	0.3333333333333333
603	0.16666666666666666
605	0.4444444444444444
606	0.16666666666666666
611	0.0
615	0.3333333333333333
616	0.3333333333333333
618	0.8
619	0.5
620	0.0
621	0.3333333333333333
623	0.0
626	0.3333333333333333
627	1.0
629	0.75
632	0.5
633	0.625
634	0.0
635	0.875
637	0.4
639	0.4
640	0.6666666666666666
641	0.8333333333333334
643	0.6
645	0.5714285714285714
646	0.0
649	0.6666666666666666
650	0.0
651	0.5
652	0.4
653	1.0
654	0.8
655	0.6666666666666666
657	0.8571428571428571
658	1.0
659	0.75
661	0.0
663	0.6
665	0.0
666	0.0
671	0.6
673	0.0
674	0.0
676	0.42857142857142855
677	0.2857142857142857
678	0.5
680	0.45454545454545453
682	0.6
683	0.42857142857142855
684	0.1111111111111111
685	0.875
686	0.5
687	0.5
688	1.0
689	0.42857142857142855
690	0.6666666666666666
691	0.5
692	0.6666666666666666
693	0.5
698	0.8461538461538461
701	1.0
703	1.0
705	1.0
708	0.5714285714285714
711	0.3333333333333333
713	0.6666666666666666
714	1.0
716	0.2727272727272727
717	1.0
718	0.5714285714285714
719	0.16666666666666666
721	0.6470588235294118
722	0.75
725	0.5
726	0.3333333333333333
730	0.7
732	0.3333333333333333
733	1.0
734	1.0
737	0.5
738	1.0
739	0.8
740	0.5
741	0.75
742	1.0
743	0.0
745	1.0
746	0.625
751	0.8461538461538461
756	0.6666666666666666
757	0.16666666666666666
758	1.0
759	0.5
760	0.75
761	0.25
763	1.0
766	1.0
769	0.6
770	0.5
772	0.5172413793103449
773	0.8
774	0.3333333333333333
777	1.0
778	0.6666666666666666
780	1.0
781	0.5
783	0.6
784	1.0
786	0.8
787	0.8333333333333334
790	0.5
791	0.0
794	0.0
796	0.75
797	0.0
798	1.0
802	0.5
803	0.47058823529411764
804	0.3333333333333333
806	1.0
807	0.0
810	0.3333333333333333
811	0.4
812	1.0
814	0.5
816	0.0
818	0.0
820	0.3333333333333333
821	1.0
824	0.4
825	1.0
828	0.8421052631578947
829	1.0
830	1.0
831	1.0
834	0.0
837	0.625
840	0.6
842	0.45454545454545453
843	0.5
848	0.75
853	0.5
854	0.0
855	0.42857142857142855
856	0.2
857	0.0
858	0.0
859	0.5
861	0.6
862	0.8333333333333334
866	1.0
869	0.0
871	1.0
872	0.625
873	0.7272727272727273
874	0.625
875	0.6666666666666666
876	0.7894736842105263
878	0.625
879	0.14285714285714285
880	0.8
883	0.6666666666666666
885	1.0
887	0.2
890	1.0
891	0.5
892	1.0
896	0.625
897	0.25
898	0.5
899	0.6666666666666666
900	0.0
901	0.5714285714285714
902	0.75
903	0.5
904	0.6666666666666666
905	0.5
907	0.75
908	0.6666666666666666
909	1.0
912	0.6
914	0.5
915	0.6666666666666666
916	1.0
917	0.8181818181818182
918	0.0
924	0.5
925	0.3333333333333333
928	0.25
930	0.25
931	0.0
932	0.4
933	0.5
935	0.2
936	0.0
937	0.2
939	0.5454545454545454
942	0.2857142857142857
943	1.0
945	1.0
946	0.5
949	0.3
951	0.6666666666666666
953	0.0
961	0.5
963	0.6666666666666666
964	1.0
965	0.375
969	0.5
974	1.0
976	0.0
978	0.75
979	1.0
981	1.0
985	0.25
988	0.6363636363636364
990	0.0
991	0.3333333333333333
992	1.0
993	1.0
994	1.0
995	0.0
998	0.0
1000	1.0
1001	0.2857142857142857
1004	0.6
1006	1.0
1007	0.6363636363636364
1009	1.0
1011	0.2727272727272727
1012	0.8333333333333334
1013	0.5
1014	0.5
1015	0.75
1016	0.9
1017	0.8
1019	0.5
1020	0.5
1021	0.0
1022	0.75
1023	0.5
1025	0.75
1026	0.5714285714285714
1028	0.6666666666666666
1030	0.25
1031	1.0
1032	0.9
1033	0.3333333333333333
1034	0.3333333333333333
1035	0.0
1036	0.8
1038	0.4
1040	1.0
1044	0.3333333333333333
1049	0.6
1050	0.0
1052	0.0
1053	0.6923076923076923
1054	0.5
1055	0.6666666666666666
1056	0.8571428571428571
1059	0.0
1060	0.2222222222222222
1062	0.2857142857142857
1063	0.5714285714285714
1065	0.5
1066	0.6666666666666666
1067	1.0
1068	1.0
1069	0.6666666666666666
1070	1.0
1071	1.0
1073	0.0
1074	0.14285714285714285
1075	1.0
1077	0.3333333333333333
1078	0.3333333333333333
1079	1.0
1081	1.0
1087	0.7142857142857143
1088	0.75
1089	0.0
1091	0.6666666666666666
1093	1.0
1094	0.0
1095	1.0
1096	0.8333333333333334
1098	0.75
1099	0.5
1100	0.5
1101	1.0
1104	0.75
1105	1.0
1107	0.3333333333333333
1108	1.0
1111	1.0
1113	0.35714285714285715
1114	0.4
1115	0.9090909090909091
1116	0.5
1117	0.75
1121	0.6
1122	0.6
1123	1.0
1126	0.375
1127	1.0
1128	0.7142857142857143
1129	0.75
1131	0.0
1132	0.8
1136	1.0
1140	0.0
1141	0.7777777777777778
1157	1.0
1158	1.0
1162	0.16666666666666666
1163	1.0
1166	1.0
1167	1.0
1168	0.29411764705882354
1170	0.4
1171	0.8333333333333334
1176	0.8
1177	0.7777777777777778
1179	0.5
1182	1.0
1183	0.5454545454545454
1184	0.25
1185	0.0
1186	0.5
1187	0.0
1188	1.0
1189	1.0
1191	1.0
1192	0.5
1194	1.0
1195	0.5
1197	0.5
1200	0.75
1203	0.8888888888888888
1204	0.2
1207	0.2
1209	0.6666666666666666
1210	0.8571428571428571
1211	0.8
1213	0.5555555555555556
1214	0.6666666666666666
1215	0.4
1216	1.0
1217	0.7777777777777778
1218	0.6666666666666666
1220	0.5
1221	0.6666666666666666
1223	1.0
1224	0.4
1225	0.5
1226	0.3333333333333333
1227	0.0
1228	1.0
1229	0.6666666666666666
1230	0.7777777777777778
1231	0.6
1233	0.8108108108108109
1234	0.5
1235	0.2857142857142857
1236	0.5
1237	0.0
1238	1.0
1239	0.5
1241	0.25
1242	0.75
1244	0.8
1246	0.6666666666666666
1248	1.0
1250	0.0
1251	0.5
1254	0.7142857142857143
1256	0.5
1258	0.3333333333333333
1259	0.5833333333333334
1260	0.7142857142857143
1261	0.4666666666666667
1263	0.7777777777777778
1264	1.0
1265	1.0
1266	0.7777777777777778
1269	0.08333333333333333
1270	0.0
1276	0.0
1277	0.42857142857142855
1278	0.0
1280	1.0
1281	0.2857142857142857
1282	0.6666666666666666
1283	0.5
1286	0.8333333333333334
1287	0.6666666666666666
1288	0.7142857142857143
1289	0.16666666666666666
1290	0.6
1291	0.0
1293	0.48148148148148145
1294	1.0
1295	0.0
1296	0.5
1298	1.0
1300	0.3333333333333333
1301	0.0
1303	0.0
1304	0.2
1305	0.75
1306	0.3
1307	0.0
1309	1.0
1310	0.2
1312	0.6666666666666666
1313	0.8
1316	0.75
1318	0.25
1320	0.0
1321	1.0
1322	0.5
1327	0.25
1328	0.3333333333333333
1331	0.6
1333	1.0
1334	0.3125
1336	0.6
1337	0.2
1341	0.2
1342	0.4
1344	0.6666666666666666
1346	0.75
1348	1.0
1351	0.6666666666666666
1353	0.0
1354	0.6923076923076923
1356	0.8181818181818182
1357	0.8333333333333334
1358	0.6
1361	0.75
1362	0.2
1364	1.0
1365	0.5
1366	1.0
1367	0.5
1372	0.42857142857142855
1373	0.3
1374	0.3333333333333333
1375	0.0
1376	0.6
1381	0.75
1382	0.5
1384	1.0
1386	0.8
1389	0.875
1390	0.3333333333333333
1391	0.2857142857142857
1392	1.0
1393	0.5
1394	0.875
1396	1.0
1397	1.0
1398	0.7777777777777778
1399	0.3333333333333333
1400	0.25
1402	0.0
1403	0.0
1404	1.0
1405	0.42857142857142855
1407	0.6666666666666666
1409	1.0
1411	0.375
1412	1.0
1413	1.0
1414	0.0
1415	0.8
1417	0.55
1419	0.6666666666666666
1421	1.0
1423	0.5
1425	0.3333333333333333
1427	0.75
1432	1.0
1435	0.25
1436	1.0
1437	1.0
1438	0.6153846153846154
1439	0.9
1440	0.6666666666666666
1441	0.6666666666666666
1444	1.0
1445	1.0
1446	1.0
1447	0.6666666666666666
1450	0.6666666666666666
1451	1.0
1452	0.875
1453	0.6666666666666666
1457	0.6666666666666666
1459	0.6
1461	0.75
1462	0.8333333333333334
1463	0.5
1466	1.0
1469	0.6666666666666666
1472	0.3333333333333333
1477	0.5
1478	0.8333333333333334
1479	0.16666666666666666
1480	0.8
1481	0.25
1482	0.5714285714285714
1483	0.5714285714285714
1484	0.8
1485	1.0
1486	1.0
1487	0.5
1490	0.6666666666666666
1494	0.25
1496	0.0
1497	0.0
1498	0.3333333333333333
1499	0.8888888888888888
1501	0.75
1503	0.3333333333333333
1504	0.3333333333333333
1505	0.5
1506	0.875
1509	1.0
1514	0.3
1515	0.6
1516	0.6666666666666666
1517	0.75
1518	0.75
1519	0.5
1520	1.0
1523	0.0
1524	0.5
1525	0.5
1526	0.0
1527	1.0
1530	0.7058823529411765
1532	0.25
1535	1.0
1536	0.2222222222222222
1537	0.5
1540	0.9090909090909091
1541	0.2727272727272727
1542	0.8181818181818182
1544	0.4
1545	0.8888888888888888
1547	0.9090909090909091
1549	0.0
1551	0.75
1553	0.25
1554	0.8
1557	0.0
1558	1.0
1560	0.5
1561	1.0
1563	1.0
1565	0.5
1566	1.0
1567	1.0
1569	0.5
1571	0.8
1575	0.6666666666666666
1576	0.0
1577	0.0
1578	0.3333333333333333
1579	1.0
1580	1.0
1582	0.6
1583	0.5
1584	0.36
1585	0.5
1586	0.5
1587	0.75
1590	0.5
1592	0.75
1593	0.625
1595	0.0
1596	1.0
1597	0.75
1600	1.0
1601	1.0
1602	0.9090909090909091
1606	0.5
1608	0.0
1609	0.5
1610	0.16666666666666666
1611	0.75
1613	0.5
1614	0.3333333333333333
1616	0.6666666666666666
1618	0.6666666666666666
1619	0.6666666666666666
1622	0.18181818181818182
1624	0.5555555555555556
1625	0.5
1626	1.0
1627	0.0
1628	1.0
1633	0.4
1636	0.3333333333333333
1639	1.0
1644	1.0
1646	0.6
1650	1.0
1653	0.6666666666666666
1654	0.2
1656	0.0
1658	1.0
1659	0.5
1660	0.16666666666666666
1668	0.0
1670	0.5
1671	1.0
1673	0.6666666666666666
1675	1.0
1678	0.8
1679	0.5
1680	0.0
1681	1.0
1682	0.5
1683	0.0
1684	1.0
1686	0.42857142857142855
1687	1.0
1688	0.25
1690	0.8333333333333334
1691	0.5
1695	0.6666666666666666
1696	0.6666666666666666
1698	1.0
1699	0.875
1700	0.0
1703	1.0
1704	0.9375
1706	0.5
1707	0.75
1708	0.25
1711	0.2
1712	0.6
1713	1.0
1714	0.46153846153846156
1715	0.5714285714285714
1716	0.75
1717	0.6666666666666666
1718	0.8
1720	0.3333333333333333
1722	0.25
1723	1.0
1725	0.0
1726	1.0
1728	0.5
1729	0.6
1730	0.0
1732	0.9230769230769231
1733	1.0
1735	0.75
1736	0.875
1737	0.8
1738	0.6666666666666666
1743	0.2857142857142857
1746	1.0
1749	0.6666666666666666
1750	0.3333333333333333
1752	1.0
1754	0.0
1755	1.0
1756	1.0
1757	0.4444444444444444
1758	0.6666666666666666
1759	1.0
1760	0.7272727272727273
1761	0.3
1763	1.0
1765	1.0
1767	0.625
1768	0.7142857142857143
1769	0.7142857142857143
1770	1.0
1771	0.23076923076923078
1773	0.0
1775	0.8333333333333334
1778	0.4
1779	0.25
1780	0.5714285714285714
1784	0.25
1785	0.6
1786	0.6
1789	0.8333333333333334
1794	0.5
1797	1.0
1798	1.0
1800	1.0
1801	0.6
1802	1.0
1803	0.8333333333333334
1804	0.5333333333333333
1805	1.0
1806	1.0
1808	1.0
1809	0.6666666666666666
1810	0.6
1816	1.0
1817	0.2857142857142857
1818	0.4
1819	0.8571428571428571
1820	0.0
1821	1.0
1822	0.625
1823	0.8
1825	0.5
1826	0.8181818181818182
1827	0.2857142857142857
1830	1.0
1832	0.8571428571428571
1833	0.6666666666666666
1834	0.0
1835	0.5
1837	1.0
1838	0.0
1839	0.6666666666666666
1841	1.0
1842	0.0
1845	0.3333333333333333
1848	0.0
1849	0.75
1851	0.3125
1852	0.6
1853	0.7142857142857143
1854	0.8333333333333334
1855	1.0
1859	0.5714285714285714
1860	1.0
1861	0.42857142857142855
1862	1.0
1865	0.0
1866	0.7777777777777778
1867	0.25
1868	0.75
1869	0.5
1871	0.75
1875	0.42857142857142855
1877	1.0
1879	0.4
1880	0.6666666666666666
1884	1.0
1885	0.6666666666666666
1887	0.7142857142857143
1888	0.8
1889	0.25
1891	1.0
1892	1.0
1894	0.75
1896	0.6666666666666666
1897	0.5
1898	0.5
1899	0.2857142857142857
1900	1.0
1901	0.0
1902	0.4
1903	1.0
1904	0.75
1905	0.4
1906	0.8
1909	1.0
1910	0.6666666666666666
1913	0.9090909090909091
1915	0.0
1916	0.15584415584415584
1917	0.6666666666666666
1918	0.75
1919	0.0
1921	0.25925925925925924
1923	0.75
1929	1.0
1930	0.5
1932	1.0
1933	0.09259259259259259
1937	0.0
1938	0.8333333333333334
1943	1.0
1944	0.25
1945	0.0
1948	0.7272727272727273
1949	1.0
1950	0.6666666666666666
1951	0.3333333333333333
1959	1.0
1960	1.0
1961	0.42857142857142855
1962	1.0
1968	1.0
1970	0.6666666666666666
1971	0.14285714285714285
1972	0.3333333333333333
1974	1.0
1976	0.25
1980	0.25
1981	1.0
1982	0.5
1983	0.5714285714285714
1984	0.8
1987	0.7142857142857143
1988	0.7777777777777778
1990	0.5333333333333333
1992	1.0
2001	0.4444444444444444
2004	1.0
2005	0.9090909090909091
2009	1.0
2010	0.2
2011	0.3076923076923077
2012	0.8571428571428571
2013	0.3
2015	0.08333333333333333
2016	0.8333333333333334
2017	1.0
2018	0.3333333333333333
2022	0.6666666666666666
2023	0.3333333333333333
2024	1.0
2025	0.5
2026	0.5555555555555556
2027	1.0
2028	0.3333333333333333
2031	0.75
2032	0.5
2034	0.0
2035	0.4666666666666667
2036	0.6
2038	0.6666666666666666
2040	1.0
2041	1.0
2043	0.45
2044	1.0
2046	0.8888888888888888
2048	0.8888888888888888
2050	0.8333333333333334
2051	0.6666666666666666
2053	0.16666666666666666
2054	0.8333333333333334
2055	0.5
2056	0.0
2057	0.3333333333333333
2061	0.6666666666666666
2062	0.5
2064	0.14285714285714285
2065	0.6923076923076923
2068	0.6666666666666666
2069	1.0
2072	0.3333333333333333
2073	0.75
2074	0.1
2076	0.21428571428571427
2079	0.25
2085	0.4
2086	0.75
2087	0.39285714285714285
2088	0.6666666666666666
2090	0.5
2091	0.0
2092	0.0
2093	0.0
2094	0.3333333333333333
2095	0.5
2098	0.0
2102	0.8461538461538461
2103	0.25
2105	0.5
2106	1.0
2107	0.5
2110	0.75
2120	0.0
2121	0.6666666666666666
2124	0.16666666666666666
2131	0.5
2132	1.0
2133	0.75
2134	0.0
2136	0.5714285714285714
2137	0.0
2138	0.3
2139	0.16666666666666666
2140	0.0
2141	0.5
2144	0.42857142857142855
2145	1.0
2146	0.6666666666666666
2148	0.4
2149	1.0
2150	0.7142857142857143
2152	0.0
2153	0.0
2155	0.8333333333333334
2156	1.0
2157	0.0
2158	1.0
2159	0.5
2162	0.6666666666666666
2163	0.0
2164	0.0
2166	1.0
2168	1.0
2169	0.2727272727272727
2170	1.0
2171	1.0
2172	0.5714285714285714
2173	0.25
2174	0.25
2175	1.0
2177	0.8
2181	0.0
2183	1.0
2186	0.5
2188	0.2727272727272727
2189	1.0
2190	0.7857142857142857
2191	0.6153846153846154
2195	0.18518518518518517
2196	1.0
2197	0.625
2198	0.2
2200	0.6
2202	0.375
2204	0.2857142857142857
2205	0.8
2206	0.3333333333333333
2207	1.0
2208	0.625
2209	0.5
2211	1.0
2212	0.5
2214	0.2
2216	0.5
2223	1.0
2225	0.6
2227	0.2
2228	1.0
2229	1.0
2230	0.5
2232	1.0
2237	0.5714285714285714
2239	0.575
2240	0.6666666666666666
2241	0.5
2242	0.8333333333333334
2244	0.0
2247	0.6
2248	0.6206896551724138
2249	0.25
2250	1.0
2251	1.0
2252	1.0
2253	1.0
2254	0.5
2255	0.6363636363636364
2256	0.5
2257	0.5
2258	0.5454545454545454
2259	0.875
2262	1.0
2263	0.08333333333333333
2264	0.5
2266	1.0
2267	1.0
2268	0.8333333333333334
2271	0.5
2272	0.6666666666666666
2273	1.0
2275	0.6363636363636364
2276	0.8
2277	0.5
2279	0.7142857142857143
2280	0.5
2281	0.6
2282	0.125
2284	0.5
2285	0.8
2286	0.6666666666666666
2287	0.2857142857142857
2289	0.4444444444444444
2291	0.6
2292	0.19148936170212766
2293	0.8333333333333334
2295	0.22727272727272727
2296	1.0
2297	0.6666666666666666
2298	0.9333333333333333
2300	1.0
2303	0.7142857142857143
2306	1.0
2307	0.6363636363636364
2308	0.2
2309	0.0
2310	0.25
2311	1.0
2312	0.0
2313	0.25
2314	0.6
2315	1.0
2316	0.2857142857142857
2318	0.5
2320	0.4782608695652174
2321	0.0
2325	1.0
2329	1.0
2330	1.0
2331	0.7777777777777778
2332	1.0
2334	0.14285714285714285
2335	0.5714285714285714
2336	0.5
2337	1.0
2338	0.8
2340	0.5
2342	0.4444444444444444
2346	0.6666666666666666
2347	0.5
2348	0.3157894736842105
2349	0.3333333333333333
2350	0.1
2351	0.9166666666666666
2352	0.25
2354	0.7142857142857143
2356	0.875
2357	0.8181818181818182
2365	0.0
2366	0.25
2367	0.25
2368	0.25
2370	0.5416666666666666
2372	0.6
2374	0.4166666666666667
2375	0.2
2376	0.8
2377	1.0
2378	1.0
2379	1.0
2380	0.4666666666666667
2381	0.75
2382	0.7142857142857143
2383	0.5
2384	0.5
2388	0.0
2389	0.29411764705882354
2391	0.8888888888888888
2393	1.0
2394	1.0
2395	0.42857142857142855
2396	1.0
2398	0.6888888888888889
2399	0.6
2400	0.041666666666666664
2403	0.6363636363636364
2404	0.0
2406	0.8571428571428571
2408	1.0
2409	0.2
2410	0.0
2411	0.75
2412	0.6
2413	0.75
2414	0.6666666666666666
2415	0.6666666666666666
2418	1.0
2419	0.875
2420	0.5454545454545454
2421	1.0
2425	0.3333333333333333
2427	0.75
2428	0.0
2430	1.0
2436	1.0
2437	0.16666666666666666
2438	0.6
2440	0.0
2442	0.0
2443	0.6666666666666666
2444	0.0
2445	0.2222222222222222
2448	0.42857142857142855
2449	0.75
2452	0.358974358974359
2453	0.0
2454	0.3333333333333333
2455	1.0
2457	0.42857142857142855
2458	0.5555555555555556
2459	0.14285714285714285
2461	0.6666666666666666
2464	0.4
2465	1.0
2466	0.25
2467	1.0
2468	0.5263157894736842
2470	0.5714285714285714
2471	0.875
2474	0.5833333333333334
2475	1.0
2481	0.0
2483	0.6666666666666666
2485	0.75
2486	1.0
2487	0.625
2488	1.0
2489	0.5
2491	0.9230769230769231
2492	0.5714285714285714
2494	1.0
2497	0.6666666666666666
2498	0.75
2499	1.0
2500	0.7777777777777778
2501	0.875
2503	0.9
2505	0.14285714285714285
2506	0.6
2507	0.6666666666666666
2510	0.5
2515	1.0
2517	0.5
2518	0.4
2520	0.3333333333333333
2521	1.0
2522	0.75
2523	1.0
2524	1.0
2525	0.6666666666666666
2526	0.2
2527	1.0
2528	0.5
2530	0.6
2531	0.2
2533	0.2708333333333333
2535	0.4
2538	0.75
2539	0.625
2540	0.6
2541	0.8333333333333334
2544	1.0
2545	0.25
2546	0.5
2547	0.47058823529411764
2550	0.6
2552	0.6666666666666666
2553	0.0
2554	0.0
2555	0.3333333333333333
2556	0.0
2558	0.75
2559	0.7142857142857143
2560	0.4
2562	0.0
2563	0.75
2564	0.3333333333333333
2565	0.8
2566	0.0
2568	0.25
2569	0.5555555555555556
2570	0.6
2571	1.0
2577	0.0
2578	0.5
2581	0.5555555555555556
2582	1.0
2583	0.8333333333333334
2584	0.3333333333333333
2585	0.0
2586	0.6
2588	0.9
2590	0.6666666666666666
2591	0.75
2593	0.75
2594	0.4444444444444444
2595	0.6666666666666666
2596	0.75
2598	0.8
2602	0.8518518518518519
2603	0.25
2605	0.0
2606	1.0
2607	0.5
2608	0.0
2610	0.3333333333333333
2614	0.6
2615	0.7777777777777778
2616	1.0
2617	1.0
2619	0.2
2620	0.6666666666666666
2622	0.7142857142857143
2623	0.6666666666666666
2624	1.0
2625	1.0
2626	0.5
2627	1.0
2628	0.6
2629	0.3333333333333333
2630	0.16666666666666666
2633	0.38461538461538464
2634	0.6
2636	0.6666666666666666
2637	0.5
2638	0.0
2639	0.75
2640	0.7777777777777778
2641	0.30303030303030304
2642	0.6666666666666666
2643	1.0
2644	0.6666666666666666
2646	0.5714285714285714
2648	1.0
2649	0.5714285714285714
2651	1.0
2652	1.0
2653	0.6666666666666666
2656	0.0
2657	0.625
2659	0.0
2660	0.6
2662	0.5
2663	0.5
2665	0.6666666666666666
2666	0.7333333333333333
2668	1.0
2670	0.25
2671	0.5
2672	1.0
2674	0.25
2675	0.6
2678	1.0
2679	0.0
2682	0.0
2684	0.6666666666666666
2685	0.7058823529411765
2686	1.0
2687	0.5
2688	1.0
2690	1.0
2691	0.7142857142857143
2692	1.0
2693	0.8
2694	1.0
2696	0.0
2699	0.2857142857142857
2701	0.2727272727272727
2702	1.0
2703	0.7142857142857143
2704	0.6666666666666666
2705	0.9375
2706	0.5333333333333333
2708	0.5
2709	0.6666666666666666
2713	0.5
2716	0.25
2717	0.75
2719	0.4
2720	0.3333333333333333
2721	0.3333333333333333
2722	0.0
2724	0.45
2726	0.45
2727	0.45
2732	0.0
2733	0.45454545454545453
2734	0.0
2736	1.0
2739	1.0
2740	0.625
2742	1.0
2743	0.5
2750	0.5217391304347826
2751	1.0
2755	0.5714285714285714
2761	0.6666666666666666
2763	0.0
2770	0.0
2771	1.0
2773	1.0
2774	0.6
2784	0.4
2785	0.16666666666666666
2786	1.0
2787	0.5
2788	0.0
2790	0.2727272727272727
2793	0.75
2796	0.7857142857142857
2797	0.0
2799	0.6666666666666666
2800	1.0
2802	1.0
2804	0.45454545454545453
2806	0.0
2807	0.5
2808	0.75
2809	0.5
2814	0.8333333333333334
2815	0.5
2816	1.0
2817	0.75
2820	0.8333333333333334
2822	0.8
2823	0.6666666666666666
2824	1.0
2825	1.0
2826	1.0
2827	1.0
2828	0.6666666666666666
2829	0.75
2830	0.75
2831	1.0
2832	0.5
2834	0.25
2835	0.5
2836	0.7777777777777778
2838	0.6
2839	1.0
2840	0.5
2841	0.7142857142857143
2842	0.5
2843	1.0
2844	0.5714285714285714
2845	0.5714285714285714
2846	1.0
2847	1.0
2848	0.0
2849	1.0
2850	1.0
2853	0.3333333333333333
2855	0.6
2856	0.6
2857	1.0
2860	1.0
2861	1.0
2863	0.5555555555555556
2864	0.4
2865	0.7777777777777778
2866	1.0
2867	0.3333333333333333
2868	0.21428571428571427
2871	0.625
2872	1.0
2873	1.0
2874	0.0
2875	0.8333333333333334
2876	0.0
2877	0.8333333333333334
2878	0.8
2879	1.0
2880	1.0
2881	0.5
2882	1.0
2883	0.6
2885	1.0
2886	1.0
2887	0.3333333333333333
2889	0.6
2890	0.8571428571428571
2891	1.0
2892	0.4
2893	0.5714285714285714
2894	0.9047619047619048
2896	0.8333333333333334
2897	0.6666666666666666
2900	0.36363636363636365
2901	0.46153846153846156
2902	0.75
2904	0.75
2905	0.6666666666666666
2908	0.6
2910	0.6666666666666666
2911	0.0
2913	0.125
2918	0.0
2919	1.0
2920	0.5
2921	0.75
2922	1.0
2923	0.5652173913043478
2924	0.5
2926	0.8571428571428571
2928	1.0
2929	1.0
2930	0.35714285714285715
2932	0.8333333333333334
2933	0.8
2934	0.5
2935	1.0
2936	0.6428571428571429
2937	1.0
2938	0.75
2939	0.16666666666666666
2940	1.0
2941	0.5
2944	1.0
2945	0.6666666666666666
2946	0.5
2948	1.0
2949	0.5
2950	0.5
2951	0.6333333333333333
2953	0.6666666666666666
2955	0.6
2956	1.0
2957	0.0
2958	0.0
2959	0.6
2961	0.6153846153846154
2962	0.0
2963	0.3333333333333333
2964	0.38461538461538464
2965	0.0
2966	1.0
2968	0.0
2969	1.0
2971	0.75
2977	0.6666666666666666
2978	1.0
2981	1.0
2982	0.0
2985	0.0
2991	0.42857142857142855
2994	0.6086956521739131
2996	1.0
2997	0.0
2998	1.0
2999	1.0
3000	0.0
3001	0.4
3002	0.0
3003	0.9230769230769231
3004	0.75
3006	1.0
3009	0.5
3011	0.4
3015	0.3333333333333333
3016	0.25
3019	1.0
3024	0.4
3028	0.0
3029	0.7142857142857143
3031	0.3333333333333333
3033	0.3225806451612903
3034	1.0
3035	0.625
3036	0.7
3037	0.6666666666666666
3039	1.0
3040	1.0
3042	1.0
3044	0.0
3047	1.0
3049	0.21212121212121213
3051	0.21212121212121213
3058	0.8888888888888888
3061	1.0
3063	0.25
3064	0.5
3065	0.2
3066	0.13043478260869565
3067	0.8333333333333334
3068	1.0
3072	0.25
3073	0.7142857142857143
3075	0.5
3076	0.5
3077	0.8888888888888888
3078	0.42857142857142855
3079	0.6666666666666666
3080	0.8
3081	1.0
3083	0.8571428571428571
3084	1.0
3087	0.4
3088	0.625
3089	1.0
3090	0.5217391304347826
3091	0.5882352941176471
3092	1.0
3094	1.0
3095	1.0
3096	0.0
3097	0.4444444444444444
3099	0.0
3100	0.3888888888888889
3101	0.8571428571428571
3102	0.0
3105	1.0
3107	0.625
3108	0.0
3109	0.6666666666666666
3110	0.75
3112	0.2857142857142857
3114	0.6666666666666666
3116	0.6923076923076923
3117	0.25
3118	0.6
3120	0.5
3121	1.0
3122	1.0
3123	0.5
3124	0.5
3125	0.3275862068965517
3127	0.5
3128	1.0
3129	0.5
3133	1.0
3134	0.8333333333333334
3135	0.3333333333333333
3137	0.0
3138	0.37362637362637363
3141	1.0
3142	0.8333333333333334
3144	1.0
3145	0.2222222222222222
3148	0.25925925925925924
3149	0.2
3150	0.0
3151	0.3333333333333333
3153	1.0
3154	1.0
3155	1.0
3158	0.23076923076923078
3159	1.0
3160	0.9
3161	0.25
3164	0.0
3167	0.6666666666666666
3169	0.2857142857142857
3170	1.0
3172	0.5
3173	1.0
3174	0.0
3175	1.0
3177	0.6666666666666666
3178	0.2857142857142857
3179	0.8
3180	0.16666666666666666
3181	0.8181818181818182
3182	0.5714285714285714
3184	0.375
3189	0.8461538461538461
3190	1.0
3191	0.7894736842105263
3193	1.0
3194	0.125
3195	0.6153846153846154
3197	1.0
3198	0.8461538461538461
3199	0.25
3200	0.5
3204	0.5333333333333333
3205	0.25
3206	0.6
3208	0.7142857142857143
3209	0.875
3211	0.625
3215	0.4
3216	0.75
3217	0.8
3218	0.5
3219	0.5
3221	0.5
3224	0.45454545454545453
3225	0.25
3226	1.0
3227	1.0
3228	1.0
3229	1.0
3230	0.4444444444444444
3231	1.0
3232	0.5
3233	1.0
3236	1.0
3238	0.6
3239	1.0
3240	0.8
3241	0.125
3243	0.46153846153846156
3244	0.6666666666666666
3245	0.8333333333333334
3246	0.6666666666666666
3248	1.0
3250	0.5
3251	0.1111111111111111
3252	0.6923076923076923
3253	0.0
3254	0.0
3255	1.0
3256	0.0
3264	0.7
3265	0.45454545454545453
3266	0.3333333333333333
3267	0.4166666666666667
3268	0.2857142857142857
3269	0.11764705882352941
3271	1.0
3272	0.8
3273	0.7
3274	0.8571428571428571
3275	0.1875
3276	0.2
3278	1.0
3280	0.5365853658536586
3281	0.09090909090909091
3282	0.6666666666666666
3283	0.7222222222222222
3284	0.8333333333333334
3285	1.0
3286	0.25
3289	1.0
3290	0.7
3291	1.0
3294	1.0
3295	1.0
3297	0.875
3298	1.0
3300	1.0
3302	0.75
3303	0.8235294117647058
3304	0.6666666666666666
3305	0.3
3306	1.0
3307	0.0
3308	0.8571428571428571
3309	1.0
3310	0.3333333333333333
3313	0.6
3314	1.0
3316	1.0
3317	0.75
3318	0.0
3320	0.5
3321	1.0
3322	0.4
3323	0.375
3324	0.0
3326	0.6666666666666666
3327	0.375
3328	0.0
3330	0.5
3331	1.0
3333	0.75
3334	1.0
3335	1.0
3337	0.875
3338	0.0
3339	0.6666666666666666
3341	0.5
3342	0.4444444444444444
3343	0.0
3345	0.6666666666666666
3349	0.8
3350	0.0
3352	0.75
3353	0.3333333333333333
3354	0.0
3355	0.75
3356	1.0
3357	0.2
3359	0.0
3360	0.0
3361	0.8333333333333334
3362	0.0
3364	0.8
3369	0.0
3372	0.8
3373	0.7
3378	0.0
3380	0.5714285714285714
3381	0.0
3384	0.0
3385	0.0
3387	1.0
3388	0.0
3389	0.5
3391	1.0
3393	0.5
3394	1.0
3395	1.0
3397	0.6666666666666666
3398	0.8235294117647058
3399	0.0
3400	0.8
3402	0.75
3403	0.0
3404	0.3333333333333333
3405	0.2
3406	1.0
3409	0.0
3411	0.75
3412	1.0
3413	1.0
3414	0.5
3415	1.0
3417	1.0
3421	1.0
3423	0.875
3424	1.0
3425	0.8
3428	0.5
3429	0.0
3431	1.0
3432	0.5507246376811594
3433	0.4444444444444444
3434	0.6666666666666666
3436	1.0
3437	1.0
3438	1.0
3440	0.3333333333333333
3441	0.8888888888888888
3442	0.6666666666666666
3445	0.25
3446	1.0
3449	1.0
3450	1.0
3451	1.0
3452	0.8823529411764706
3453	1.0
3456	0.0
3457	0.0
3458	1.0
3459	0.7692307692307693
3460	0.7142857142857143
3461	1.0
3464	0.6666666666666666
3468	0.6
3469	1.0
3470	1.0
3471	1.0
3472	1.0
3473	0.6666666666666666
3478	0.6666666666666666
3481	0.8
3482	1.0
3483	0.5416666666666666
3484	1.0
3486	0.75
3489	0.75
3490	0.5833333333333334
3491	0.75
3493	0.75
3494	1.0
3495	0.6666666666666666
3496	0.7777777777777778
3497	0.25
3498	0.2
3499	0.5
3500	0.625
3502	1.0
3503	0.5454545454545454
3508	0.0
3511	0.3888888888888889
3512	1.0
3513	1.0
3514	1.0
3521	0.5
3522	0.8
3523	1.0
3524	0.6666666666666666
3525	1.0
3526	1.0
3527	1.0
3528	1.0
3529	0.5
3530	0.875
3531	0.5
3532	0.0
3536	0.08695652173913043
3537	0.375
3539	0.3333333333333333
3541	0.0
3543	0.6666666666666666
3545	1.0
3548	0.4
3551	0.75
3555	0.2222222222222222
3558	0.0
3559	1.0
3560	0.3333333333333333
3561	0.3333333333333333
3564	1.0
3565	0.6666666666666666
3566	0.0
3567	1.0
3568	1.0
3570	0.6666666666666666
3571	0.6666666666666666
3572	0.0
3573	0.7857142857142857
3574	0.6666666666666666
3582	0.2857142857142857
3583	1.0
3585	0.5
3586	0.6
3587	1.0
3588	0.625
3589	0.5
3590	0.3333333333333333
3591	1.0
3592	0.4
3594	0.6666666666666666
3595	0.0
3598	0.6
3599	0.5714285714285714
3600	0.6666666666666666
3601	0.0
3603	1.0
3604	0.3333333333333333
3605	0.1111111111111111
3606	1.0
3607	0.4
3608	0.75
3609	0.5714285714285714
3610	0.0
3611	0.44
3612	0.0
3613	0.3333333333333333
3616	0.2857142857142857
3618	1.0
3620	1.0
3621	1.0
3622	0.0
3623	1.0
3624	1.0
3625	0.6666666666666666
3626	1.0
3628	1.0
3629	0.9090909090909091
3630	0.75
3631	0.5555555555555556
3632	0.0
3634	0.5
3635	0.6666666666666666
3636	0.0
3639	1.0
3640	1.0
3641	0.5714285714285714
3642	0.75
3643	0.3333333333333333
3645	0.3157894736842105
3646	1.0
3647	0.5
3650	0.6666666666666666
3652	1.0
3653	0.4
3654	0.5
3656	0.25
3657	1.0
3658	1.0
3659	0.0
3660	1.0
3661	0.875
3662	1.0
3663	0.5714285714285714
3666	0.6
3667	0.5
3671	0.5
3675	0.5
3677	0.6
3678	0.5714285714285714
3683	0.3333333333333333
3684	0.25
3688	0.8888888888888888
3689	0.5
3693	0.6666666666666666
3696	0.0
3697	0.0
3698	0.7368421052631579
3699	0.42857142857142855
3700	0.5384615384615384
3701	0.6
3705	0.5
3707	0.5384615384615384
3708	0.3333333333333333
3714	0.3333333333333333
3717	0.625
3718	0.5
3719	0.75
3721	0.25301204819277107
3722	1.0
3723	0.8
3724	1.0
3726	0.17142857142857143
3727	0.3333333333333333
3730	0.0
3731	0.6
3732	0.0
3736	0.5
3737	0.2
3740	0.3333333333333333
3741	1.0
3744	0.0
3745	1.0
3748	0.6666666666666666
3752	0.6666666666666666
3754	0.8333333333333334
3756	1.0
3757	0.5
3758	1.0
3759	1.0
3764	0.25
3766	0.0
3769	0.3333333333333333
3770	1.0
3771	0.75
3772	0.16666666666666666
3776	0.6666666666666666
3777	0.6666666666666666
3778	0.3333333333333333
3779	1.0
3781	0.75
3782	1.0
3787	0.6
3788	0.0
3789	0.25
3791	0.5
3792	0.75
3793	0.08333333333333333
3794	0.5714285714285714
3795	0.5
3796	0.6
3798	1.0
3801	0.5
3803	0.0
3804	0.6666666666666666
3806	0.2
3808	0.0
3813	0.6
3814	0.5
3815	0.3333333333333333
3817	1.0
3818	0.25
3819	0.3333333333333333
3820	0.0
3823	0.6666666666666666
3824	0.7
3825	0.5
3827	1.0
3828	0.2
3829	0.058823529411764705
3830	0.3333333333333333
3833	1.0
3835	0.0
3838	0.75
3839	0.8888888888888888
3841	0.5
3842	0.9285714285714286
3844	1.0
3846	0.0
3847	0.0
3848	0.5
3850	0.75
3853	0.0
3854	0.6
3855	0.0
3856	0.7272727272727273
3857	0.7142857142857143
3859	1.0
3861	0.35714285714285715
3862	0.5
3863	0.25
3866	0.2
3868	0.6666666666666666
3869	0.5
3870	0.3333333333333333
3871	0.8888888888888888
3872	0.0
3873	1.0
3874	1.0
3875	0.9444444444444444
3877	0.1
3882	0.3333333333333333
3885	0.7
3886	0.7272727272727273
3888	1.0
3889	0.5
3890	0.5
3891	0.5
3892	0.5714285714285714
3893	1.0
3894	0.2857142857142857
3895	0.0
3898	0.5
3899	0.3333333333333333
3901	1.0
3902	1.0
3903	0.25
3904	0.6666666666666666
3906	0.0
3907	0.75
3908	0.3333333333333333
3909	1.0
3910	0.5
3912	0.8
3913	1.0
3914	0.6
3915	0.0
3916	1.0
