1607
1620
1633
4269
4273
4290
5278
6389
7136
7140
7415
7753
8156
8157
4626
8358
2163
4553
4557
5351
5353
5356
6642
6646
6647
4319
532
917
2034
2039
5591
5598
6088
7292
7294
7679
7680
7993
7995
7996
8128
2540
4150
4274
4787
4796
6788
7019
1617
1619
132
493
619
957
1186
2217
8121
8122
8123
8176
8178
8179
8180
8181
8182
8183
8184
8243
8244
2111
3929
1794
1804
4316
4857
5592
5596
6391
6392
7025
7026
7921
7927
3338
3375
5579
3721
5754
7442
7965
2305
2308
2310
2313
2315
2320
2323
2328
2329
2331
2332
2869
3196
3197
5293
5766
6505
6506
7468
8070
148
153
1977
3601
3604
4842
4846
4854
5920
5924
6995
7577
7714
2079
1639
4248
4252
4253
479
486
5550
5577
8395
1830
4124
4551
7094
2277
2279
3867
3869
3870
3871
5264
5284
6433
6726
6737
6739
7605
7607
7985
7986
1638
1695
1931
5113
5119
5445
5455
5505
5512
5513
6723
8085
8119
8236
8264
867
1599
1610
1932
2050
2074
2203
3054
3653
3657
5566
7874
7875
8013
8015
8018
8019
8020
8040
8071
8097
8113
3125
3146
8314
8316
8320
8321
8326
8327
8328
8329
8331
8335
8343
8350
8351
1812
1816
1820
1828
4276
4283
4294
4454
6544
7565
7566
7567
8086
8090
8091
8092
8093
8095
8096
8098
289
290
1357
2096
2854
3039
3649
8014
491
659
3933
3935
4271
4603
4605
6848
6849
7257
7258
7964
3894
3895
3897
3900
5270
5273
6074
6075
6193
6418
6502
6503
7270
7280
7281
7899
7900
5702
5712
5731
6210
7176
8145
390
392
396
472
730
1120
1132
1180
2094
2126
3586
3633
4037
4059
4208
4287
5300
5304
280
286
365
367
369
370
1034
1038
1088
3209
4804
4806
5896
5897
6028
6509
6603
6711
7241
7242
8041
8127
1714
7152
8234
2912
2915
2918
2921
3296
3305
3333
3607
4068
4442
4644
7791
8151
8152
372
4825
5081
6724
3208
3214
3564
5231
2365
2366
4492
4493
5768
6011
7330
7333
7334
7696
7698
7699
8166
8168
8262
1685
3620
3629
5239
460
969
3543
3545
3546
4830
2566
2569
2570
3931
4397
4400
195
201
207
891
3188
3189
3198
4516
4517
2883
3219
3816
5507
6967
7505
7626
7954
8275
8313
8319
1214
1228
3777
5786
6472
1914
1930
4164
4165
4171
987
991
3089
3715
3718
3720
3723
3725
3726
3728
3730
3732
3735
3738
3741
3798
3800
5035
5037
5182
5186
5188
5190
6678
6679
6696
6702
6706
1795
1824
3936
2584
2586
2587
3069
3071
3083
5700
6548
7036
2638
1563
1567
3837
3523
3781
4108
5133
6901
215
1900
8158
200
299
303
304
3579
5033
6155
6157
7903
7904
8224
1686
1705
3724
3727
4088
5448
5449
6206
6207
2891
5762
5765
5912
6355
6358
7129
3904
3905
3908
6173
6174
6176
6181
1640
1654
1676
4113
4242
7896
7980
8035
1884
1891
4693
4697
4701
8359
6497
1479
3907
3911
3916
5414
5417
6997
7644
7645
7647
7666
220
258
265
273
285
288
309
310
313
319
324
325
329
409
415
1507
1529
1882
1892
2852
2858
2860
2889
2890
2893
4691
4699
4702
4703
4707
4726
4727
4733
6151
6152
6153
6565
7219
7224
7225
7228
7438
7555
7556
7557
7952
8277
4359
6233
4306
4957
4975
4989
5386
5597
6089
6093
6300
6658
6676
6717
6777
6868
6946
7191
7236
7420
7472
7758
7957
7958
2920
4428
4432
4439
819
837
1351
3327
3876
4958
5144
6062
6673
8004
677
680
688
722
2081
2083
7796
8330
480
482
4873
4875
6196
6197
443
448
474
500
506
513
1198
1543
1545
3772
3877
3878
3913
3920
4127
4200
4205
5451
6449
6823
6943
6948
6978
6994
7196
7199
8053
8054
8167
8169
8171
1509
1515
1211
1500
2851
2853
4547
4548
4567
5947
7799
7803
7863
2131
2134
2273
2281
4518
4520
4521
4522
5514
5516
5523
5524
5525
5574
6187
6237
6242
6415
6659
7116
7119
7166
7169
7473
7489
7490
7493
7675
7822
7823
7824
7825
2147
2149
1702
1709
2986
7374
7532
8301
8361
2409
2414
2422
2727
3289
3295
3308
3359
6420
6424
6425
2369
2389
4226
4390
4391
5560
5561
5782
6434
7737
812
3344
3401
3699
4624
4633
6620
6622
6623
6624
7138
7305
7316
7471
7797
7801
8155
6612
2016
2017
2898
2906
2382
2385
4301
5141
6263
6268
6765
6846
7708
8246
8248
8250
3
4
1380
1387
3744
3749
5465
6435
3487
3488
4986
5517
6340
6809
6880
7209
7354
7731
1137
1140
2954
3277
3300
5253
5552
5780
6357
6836
6916
7277
7373
8072
1811
1814
1818
1819
4527
4529
2214
2729
2939
2945
4925
3204
3227
3236
3237
3240
3826
4785
4807
4809
4813
4815
4823
4828
5235
5898
5902
5905
5911
5915
2356
5537
903
908
3185
3471
4940
4941
4947
3025
517
520
2845
2846
5069
5070
5073
5074
5129
5901
5904
6408
6410
7005
8315
2216
2256
732
741
3675
3677
3681
5371
5374
5991
5992
257
275
276
279
1057
3793
3974
4188
5171
5347
6002
6014
6015
6674
6675
6704
6794
6851
7144
7154
7174
7177
7289
8068
8069
4313
5603
5608
5643
5645
7345
7702
8252
8267
446
447
449
3615
5101
1085
3873
4886
7477
7511
7782
6095
6098
6116
6118
7974
41
53
57
985
988
1030
3091
4177
4178
6035
6036
6038
6236
8059
3183
3128
3973
1193
1456
1465
3632
3978
4069
5569
6262
6939
2082
3381
3419
3428
6186
6654
6657
7248
7418
7421
3040
2742
8375
859
2407
2410
3134
3138
4418
4860
5850
5853
7911
5097
5260
7817
8239
8278
8337
950
953
2678
2681
3968
3969
4073
4581
4593
5942
6756
6760
6842
410
3840
3847
925
4192
4365
7643
8257
1660
5661
5338
5342
5469
5470
33
62
3953
4339
5706
5709
6005
6006
1609
1645
2007
4237
4259
4265
4267
4862
4904
4906
4987
5425
5430
6049
6167
6179
6346
6347
8129
8348
42
2970
2972
7831
2661
2662
2667
2668
2669
2871
7261
8369
863
868
869
872
5168
7530
7811
2739
3385
4883
4887
145
3132
2985
3000
3006
3736
3892
4176
5656
5657
6972
6974
7743
7744
7745
7750
2295
4582
4588
4651
4659
4662
6448
2063
3882
3883
4288
5255
5256
6740
6922
6923
8307
2488
2490
639
4926
4929
398
408
1077
1087
3574
3597
3605
3817
4001
4814
4827
5914
5917
6616
6912
7245
7266
7561
8165
8245
2856
1549
1551
440
1565
1864
1875
4170
4185
6229
889
896
897
902
4160
4505
5348
5827
6021
6580
6690
6692
7212
7267
7578
7942
7945
5769
6526
2671
2674
3268
3273
3294
3298
4863
4871
6351
6352
1573
1589
3606
7894
8294
1838
3490
3995
5244
5640
5641
5642
5734
6156
7052
7730
7778
7793
7978
8258
3109
4771
4778
5873
5877
6689
6693
7352
7355
8140
8143
8144
8221
233
237
247
252
282
283
305
311
315
321
330
335
340
344
347
351
352
361
368
373
377
514
954
956
1018
1454
4357
4896
6027
6031
6032
6034
6270
6273
7014
7015
7016
1133
1655
2697
5174
5726
5974
5996
1857
1867
1869
1871
1873
1877
1883
1887
1898
1899
1904
1908
1912
1918
1921
4474
4475
455
466
2392
2393
2423
3628
3634
3636
3638
3821
3831
4330
4368
4388
4389
5415
5416
5418
5863
5867
5891
6527
6528
6530
6621
7090
7126
7128
7200
8125
8126
1103
1107
3570
3572
5222
5228
6039
6041
6980
6982
7640
7642
7646
2763
3332
3334
2598
4674
5631
6431
1217
1229
2008
4239
5247
6057
6061
6754
6755
6814
8389
665
673
4872
4878
5023
5440
5441
6083
6199
1995
2003
4777
7092
7194
7307
2956
1682
4413
4422
4423
5128
5309
7721
7724
7726
7727
7728
8032
1235
2283
4169
6303
6304
6310
7991
7992
7994
7999
8308
8312
1802
4201
594
601
604
607
613
675
678
3598
3600
3703
3705
4832
4833
4915
4917
5921
5925
5926
5967
6720
7654
7987
7526
2275
2284
3187
8377
8381
501
1233
1239
3388
3391
3405
5107
5111
5962
5965
2343
2348
5422
5423
7068
7069
7080
7767
7813
7815
8075
274
284
292
6549
1837
1858
4488
4507
5715
5718
5724
5725
5729
5733
6523
6553
6582
6583
7096
7748
8175
8177
8185
2793
2794
2795
3154
3155
7380
7515
3701
5307
5315
5985
6203
6864
1976
2317
3282
4803
6522
6525
6609
6918
6919
6981
6159
8322
8324
2888
2980
5007
5015
6004
6677
8273
8274
8298
8299
8340
8344
8354
8356
630
635
1276
1280
4097
4101
4910
4913
4919
4924
5146
6770
6773
7311
7318
7320
7692
7928
8074
8300
2049
2958
3361
8293
5248
6142
6256
6733
6987
7055
7487
7495
538
649
652
657
660
2136
2139
2172
4322
4323
4757
4759
4760
4762
4999
5003
5005
5008
5094
5098
5120
5130
6267
6272
6636
6638
6640
6684
6873
7314
7336
7349
7350
7378
7608
7609
7610
8042
8073
8110
8111
8215
471
839
5143
6247
6343
6913
6914
6915
2015
2020
3223
4018
4021
4023
4214
4215
5384
5538
6344
6416
7247
7475
8033
8034
8036
4602
4649
5063
6637
2263
5026
7394
7533
893
5180
5184
5352
6318
6398
8382
3912
5383
5394
5933
8154
5218
5506
5509
1768
3450
3943
3947
4141
4168
4174
4179
31
703
757
777
828
73
74
78
83
88
2435
4162
4194
4363
5213
5976
5978
6455
7854
8204
8404
744
748
4100
4104
5568
5644
6367
6368
6665
6669
7300
7302
430
3838
4835
5427
6266
7054
7916
754
756
3445
3446
3914
3915
3917
4530
4976
4978
4979
4981
5068
5934
6147
6619
7197
7299
7536
7802
7804
7806
7807
7818
8276
4139
4142
4148
422
425
428
433
2468
2480
2485
4606
4616
4678
5997
6521
6775
7173
2913
2914
2917
3254
3255
355
362
2859
783
3336
8235
3412
8323
559
561
563
571
579
585
1577
5936
5937
5938
5955
5968
6086
6432
3427
3476
3479
3481
3484
6382
7186
7383
7388
8355
4173
4183
6599
6681
6683
6685
7625
7627
7630
7631
7948
1275
3251
3256
5534
5535
6407
6909
7065
7078
7296
7821
7828
8148
8153
1245
1248
5121
5126
6106
6464
6750
6751
6936
6937
6938
7492
7531
8360
4453
4514
4535
6097
2042
2044
2495
2496
3411
3415
3417
4072
5668
7134
7135
7826
8398
8399
385
809
794
2174
2179
4443
1376
1407
1409
2132
2278
5204
5205
5206
5209
5212
166
172
176
1047
1050
3559
6033
6239
6240
6241
7464
7465
7466
7467
7469
7470
7540
7866
7867
7968
7981
7983
7997
8247
8341
8342
8374
2285
2296
2299
2386
4221
2701
2704
4501
4502
5613
5617
6482
7204
7215
7755
7756
8067
841
1094
1095
2947
2948
8290
8318
5421
937
941
4437
4342
4378
5717
5721
5736
6450
6452
6985
6986
7478
7480
7481
8105
8114
8384
5085
5088
5091
5093
5790
2724
2333
2877
2884
3105
3775
4343
5243
6154
6160
6423
6427
6428
6429
6430
6705
6898
6990
6993
7056
7058
7059
7060
7097
7254
7256
7715
7716
7717
8146
90
91
127
131
2228
2767
2770
3492
3497
3500
4312
4314
4318
4382
4483
4750
5576
6559
6562
6567
6789
7182
7183
7184
7553
7633
7704
7705
864
866
5457
5458
6953
7430
7432
8159
1014
1602
1011
6712
6713
2222
2227
5809
5812
5813
1895
2092
2187
2195
4625
7614
7619
7847
7852
8197
822
836
845
850
851
855
856
857
1382
2019
2337
2340
2383
2384
2387
2510
3285
3349
3354
4455
4462
4695
4696
4959
4961
5764
5771
5773
5774
5775
5963
5964
6046
6063
6066
6067
7365
7494
7496
7503
7504
7506
7833
7836
7838
8237
30
43
54
66
606
1850
1851
1859
3325
3328
3329
4447
4449
4775
4783
4784
6080
6081
6085
6087
6115
6899
6900
7024
7167
7271
2071
2311
2925
4816
6264
6511
6903
6905
6908
6973
7061
7246
7516
7777
7872
7873
7972
8269
8270
8271
8400
1431
1435
1441
1442
6495
6687
8017
753
759
765
4348
4349
4362
5687
5857
7082
7439
8057
94
102
4154
4155
4704
4706
6110
6694
6950
6951
7353
7356
7357
429
432
437
438
3246
3592
5080
5084
2248
2252
2428
2439
2442
2448
2102
2103
4379
4380
5456
5460
5994
6205
6213
7940
7941
7951
7955
240
244
250
4583
4585
4599
8304
2204
2206
3946
3949
4082
4225
5600
5602
6383
6386
6942
7020
7700
7703
7710
8104
8309
8311
3751
3756
5344
2116
6326
6327
6328
6330
6335
4565
4574
6259
6261
6979
7658
7660
7671
7673
7676
7678
8232
1252
1281
7529
6129
6130
3131
3133
5776
2286
3689
3696
1909
7732
109
124
1266
1284
1285
1292
1295
1307
2051
3510
3512
3520
4327
4328
5359
6227
6228
7075
7550
7551
1299
5589
5590
5593
5475
3101
4317
758
776
784
793
3290
3311
3501
6188
6189
6223
6459
6945
6964
7142
7178
4523
2640
4228
5752
5755
6282
6372
6928
6930
7688
7742
8037
8038
799
804
4067
5482
5484
5485
6208
6221
7027
7029
7030
7034
7453
7455
8029
8030
8031
374
2327
3568
1590
1960
2372
3650
3888
3889
4053
4577
5127
5240
5400
5402
5429
5438
5439
7372
7396
7623
760
1531
1533
1733
2316
4510
4512
4513
5798
5805
6529
6574
6577
7050
7053
7537
7869
7884
8205
8206
8219
8407
2400
5490
4136
4137
4601
5361
6551
6552
1990
3644
3646
5501
5585
5601
5605
6139
7572
3097
1396
2553
2714
3477
3483
5000
6024
6332
6333
6336
6439
6917
7342
7344
7454
7855
7856
7857
3540
3548
3558
3562
3593
1949
2708
4525
4789
5020
5034
6902
6907
7523
8058
8060
8062
8139
294
4658
4668
4671
4680
4683
4822
5232
6437
2154
2225
3416
5306
5464
6774
6778
6780
2538
2548
2840
4166
8023
52
6743
213
234
515
628
1238
3443
3683
4406
4559
4579
4982
6117
6729
6883
6892
7265
7754
8007
8080
3458
4102
4698
1807
1821
1829
2209
2338
2718
2867
3087
3102
3281
3283
4031
4610
4880
5137
6104
6107
6931
6988
7187
7641
7962
7963
7966
7976
47
1104
1109
1110
5358
2564
2573
6216
6218
6874
2594
2595
2339
554
557
5327
5333
5334
5337
1330
3452
3455
5286
5296
5311
5491
5492
6217
6219
6277
6285
6288
7451
8135
8136
8391
2030
2036
3235
3566
4526
5511
5818
6257
6835
6837
7491
7722
8147
3509
4289
5104
5109
6996
7013
7017
7843
7844
8229
8230
8231
786
800
4755
4761
4763
5531
5612
6289
811
3159
3174
3542
5662
5670
1131
1150
4297
4298
5382
5388
5390
6123
6134
6141
6589
6695
6701
7629
7757
7759
7760
1517
1541
2294
3211
3252
3582
4377
4543
4544
5562
5746
5909
6144
6148
6345
6353
6473
6721
6975
7102
7163
7250
7268
7638
7639
7718
7877
7878
8024
27
573
714
1203
3007
3009
4639
4640
2124
2130
3944
4515
6596
6597
7222
7227
4393
4394
4853
5279
5281
5283
5288
8282
1344
3680
3682
3690
5410
5411
5998
5999
6000
6512
6513
6514
807
820
3956
4119
4130
4145
6135
2205
2208
2210
2503
3016
3030
3107
4381
5147
5154
5607
5826
5828
7064
7066
7067
7070
7072
7179
7587
7931
7932
2580
2590
3783
5496
5862
5868
6792
7213
7118
709
1182
3866
3868
6260
6348
7367
7443
7535
7690
7701
8011
8087
8088
8108
8253
8371
1520
1522
4219
4220
4223
5625
5627
5628
6474
6476
6477
6989
6991
6992
7033
7037
7038
7039
7648
7649
7650
7652
3024
3028
4477
4480
4484
5719
5720
5728
5730
6585
7233
7237
8084
745
6499
6648
6757
6860
7508
8256
3399
4621
238
248
255
259
262
268
270
322
359
402
2628
2649
2844
2855
2873
5246
5249
5250
5251
5252
6050
6055
6058
6342
6817
6819
7113
7114
7908
7909
7910
2336
2375
2381
2388
2879
5053
5922
6496
6719
6983
7115
7120
7559
7560
7712
7713
7747
7789
3070
3072
3259
3271
4634
5442
5443
3854
7656
483
562
702
3093
4476
4478
4482
8286
1662
1535
6610
7043
3901
3910
4032
4034
4036
5757
5758
6421
6422
7046
7049
7251
7255
7259
1860
1865
1868
2255
2257
2260
3976
3979
3981
3985
5193
5196
5197
6393
6394
6395
6396
6397
6956
6959
7456
7457
7458
7460
7549
7632
7709
7943
7944
8118
1923
1929
3206
3407
4765
4768
4774
8120
2824
2826
4591
4594
5888
5889
6604
6605
7221
7223
7226
7770
7771
7772
2605
4350
4353
5503
2792
2868
4550
4713
5556
5707
6535
7787
2797
2808
1665
1666
1669
1670
1674
1680
1684
1690
1711
1717
2471
2472
3893
5494
7603
7611
7618
4020
2419
8266
8333
5254
5297
5586
6749
1712
239
243
3090
4974
622
632
1763
4387
4918
4921
7408
7414
2213
2322
2551
5058
5952
7938
2563
3733
3740
5622
5623
5793
5796
6378
7301
7303
7902
7905
7970
1476
1879
3980
3982
4729
4738
5014
5840
5854
1973
1974
7011
4040
4042
1806
3422
5674
5675
5685
5797
5865
6843
8141
8142
2533
2537
3919
6195
6198
7229
7230
7231
7691
7693
2158
5086
5487
7936
11
317
323
386
509
537
545
598
717
728
1294
1538
1546
1706
2125
2330
2744
3231
3233
3276
3348
3645
3647
4110
4202
4539
4554
4630
4821
4890
4900
4909
5054
5057
5236
5242
5305
5756
5799
6280
6617
8047
8292
8338
4552
2023
2025
2031
3035
4395
4403
4404
4405
4829
4831
5941
5948
6731
6732
6744
7291
7298
7319
7412
7413
7812
7926
314
326
328
331
3560
4587
4805
4812
5050
5059
7521
1375
1378
2097
2112
4122
4123
4859
4864
4891
6096
6100
7274
7279
7915
8362
462
464
467
582
586
615
624
1671
1675
1703
2411
3404
6293
6294
6309
6315
6747
6853
6855
6856
7445
8002
8003
2786
2788
2998
3010
2221
2482
174
175
177
178
179
180
182
199
231
947
960
964
965
966
1365
1366
1368
1369
1370
1436
1438
3927
3932
3986
4780
4781
4963
5829
5830
6761
6764
6766
6767
6768
6769
6779
6781
2076
2350
3608
4044
4973
5079
5959
7897
8160
35
5446
6001
2745
5693
5695
5701
5704
6454
6466
815
827
1273
1288
3863
3864
4580
4667
6190
6192
7010
7012
7376
7377
7880
7881
7882
7883
7885
7886
7887
7888
7890
7891
7892
7893
7923
7924
8291
8306
8334
8372
1269
7689
1213
1809
1810
1813
4158
1534
1536
1539
5779
3531
3535
6404
6405
6586
6591
4641
4643
4648
5474
5478
5479
5480
6312
6379
6380
6381
6390
6451
6456
6564
6566
6569
6570
6886
6887
7018
7083
7084
7085
7165
418
421
691
4213
4216
6626
6627
6639
6725
7252
7253
7433
7479
7775
7776
8288
8365
1322
2150
2960
3669
4087
4545
5343
6745
6763
6833
7073
7185
1316
1328
4184
4190
4285
4293
4295
5738
5741
6524
6531
1592
2048
792
6782
7340
1031
1036
3706
2352
584
596
605
1736
1737
4270
4291
5280
5282
5555
6059
6491
6727
4955
4956
4960
7392
7865
1098
3585
3588
4096
6065
6068
6071
6076
6132
6168
6170
4070
4275
5578
5945
6158
477
485
1111
2651
2652
2766
3444
3937
4056
4057
4058
4620
5324
5329
5708
5710
6251
6252
6258
7528
7795
7895
8336
8339
8345
2600
2603
4062
4401
5166
789
1668
3685
3691
4375
5322
5582
5583
5982
6481
6484
7108
7111
7798
7810
3278
3279
2814
2817
8200
8238
8240
8241
8242
3409
3418
4571
4576
4637
5587
5770
6200
6933
7002
7062
7584
8094
8196
4244
4246
4249
6652
6655
6660
6662
7663
7668
7973
8027
8280
1952
1953
4632
5389
5393
5899
5990
5993
6042
6703
6716
7720
7723
8187
8203
1301
1317
1773
1778
1783
2012
2737
2749
2759
3301
3319
3406
3408
3661
4061
4106
4118
4465
4479
5145
5148
5151
5323
5332
5665
5684
5689
6307
6443
6447
6534
6541
6555
6758
6762
6845
6854
6859
6862
6925
6932
7077
7079
7081
7308
7313
7594
7606
7917
7919
7920
7929
8005
8008
8051
8052
3616
3617
4686
4688
4852
5650
6265
3731
3739
507
2421
2424
2778
3902
5553
5554
6102
7057
2247
2250
2368
2583
4461
5502
5825
5838
5874
5930
6320
6376
7335
7337
8099
2771
2776
2857
7147
7148
7149
7151
7157
7158
7160
7164
1413
1415
1483
5360
6708
6710
7459
7839
8213
8220
8254
8268
8373
8380
8393
8394
1628
7979
2057
2060
2167
2364
3430
4296
5140
5471
6772
6876
7538
7539
7552
7670
8009
8010
2790
2796
3954
3959
3965
4015
2541
2544
2547
4772
4782
5890
5892
5893
6457
6458
6666
6668
7234
7238
587
1215
2176
6453
7137
7156
7161
7162
7315
7440
7441
8385
3136
3147
4766
5164
5302
6400
7202
8281
931
943
1421
1896
2772
2780
3470
3473
3567
4038
5162
5178
5486
5832
6131
6790
7546
7592
7960
8055
451
452
3580
3611
3612
5407
5408
5409
5536
5557
6054
6056
6625
6628
6634
7269
7967
8025
8297
2765
4898
5031
6606
6878
7091
7871
1910
1916
3149
4175
4181
5362
5364
6461
6463
7031
7032
3321
3347
6494
6885
6888
6889
6890
7189
7322
7370
7371
7444
3065
3067
4280
4281
5834
5835
5836
6112
6875
8012
3379
3384
4304
4311
5831
8173
8174
3454
3468
4197
4230
4356
4797
4799
4800
5385
5392
5412
5413
5426
5519
5521
5522
5527
5528
5636
5639
6191
6194
6243
6246
6349
6350
6362
6413
6426
6486
6488
6490
6493
6608
6645
6728
6736
6738
6827
6828
6829
6838
6839
7131
7363
7500
7501
8028
8045
8046
831
835
2095
5163
5339
5340
6224
6225
6274
6550
6554
6558
29
32
45
59
3092
3096
6143
6816
2143
2145
3456
3460
3952
3958
6537
6538
6540
6542
6543
6545
6546
6563
7733
7734
7739
8376
3224
3226
4425
4435
4802
4808
6126
6127
7045
7474
7476
7961
8367
3013
3021
4415
4617
5173
5177
5703
6113
6121
6311
6893
7150
7573
7677
8211
3447
3513
3589
3855
4103
4645
4656
4788
4791
4935
6040
8217
2028
2038
5558
5753
6162
6361
7127
7130
1468
1728
1730
1734
1943
5398
5399
5401
5526
5529
5530
5532
6136
6137
6149
6611
6650
6651
6753
6858
6934
7562
7583
7814
7816
7868
8363
8364
2353
2355
2659
806
810
5016
5817
5823
3486
671
716
719
1808
3702
3708
3710
4966
4968
6406
6409
6411
6412
6783
6784
6785
1603
1604
4937
4938
1560
1562
3250
3576
5233
5237
6146
6161
6824
6830
7662
7975
7977
461
1312
2758
7719
4156
4736
5848
5852
3033
3041
4934
6166
1313
1314
1315
1318
1319
5696
5697
5698
5699
6759
1044
1045
1080
1113
1118
1209
1489
1492
1498
4236
4386
5354
6064
6099
6172
6356
6568
6877
6879
6952
7580
7725
8161
8198
1092
3075
3080
4600
4613
5810
5814
6478
6479
6480
6600
7104
7105
7106
7107
8279
3507
3516
3524
3529
5036
5041
5044
5220
5431
6029
6234
6278
6808
7076
7361
7819
7933
3939
5654
570
577
580
3357
3360
4936
4939
4948
5980
5989
6667
6671
7790
7792
7794
1168
4824
6249
6572
6618
8392
2992
2751
7761
7762
7763
7764
7765
8186
8201
8131
8272
8332
7278
7282
7283
2602
1201
5169
6295
6299
6306
6308
6314
6316
6323
802
1250
1444
3704
3745
5481
6375
6377
715
1136
5331
5461
6150
7738
8265
3098
4770
6771
7028
8063
8064
8065
8353
1983
1986
8284
8366
8368
1641
3569
3573
3575
5149
5155
5160
6369
6370
7159
7171
7672
7674
7711
8049
733
738
743
2725
7707
1196
2324
4086
4091
650
7534
2117
4112
4157
1957
3215
3216
3220
5540
5542
6718
7244
8026
1199
3861
4224
5134
7264
7312
7590
7906
8043
2872
4419
4429
4433
4452
4463
4467
4472
4531
4536
4537
4538
4540
4569
4618
4623
4628
4647
4650
4660
5195
5198
5207
5208
5210
5335
5370
5372
5373
5377
5515
5575
706
7889
2740
3885
5089
5350
7735
5061
5123
6965
6969
8021
