2	0.0
3	0.25
4	0.3333333333333333
5	0.75
10	0.25
15	0.5
18	1.0
23	0.5
27	0.0
29	0.4166666666666667
34	0.4
36	0.5714285714285714
39	0.5
41	1.0
42	0.6666666666666666
49	0.2
54	1.0
64	0.0
66	0.4444444444444444
67	0.0
69	0.2
82	0.0
84	0.0
86	0.0
92	0.2
97	0.8333333333333334
100	1.0
101	0.0
102	0.16666666666666666
103	0.0
105	0.0
109	0.0
110	0.5
111	1.0
115	0.6153846153846154
118	0.3333333333333333
121	0.5
123	0.0
125	0.5
127	0.0
128	0.3333333333333333
131	0.25
138	1.0
139	1.0
143	1.0
145	1.0
146	0.0
147	0.2
148	1.0
153	0.0
156	0.3333333333333333
160	0.5
161	0.0
163	0.6
168	0.5
172	0.0
176	0.2222222222222222
177	0.0
178	0.14285714285714285
181	0.5
186	0.2
187	0.5
191	0.3333333333333333
198	0.2
201	0.0
203	0.0
204	0.5
206	0.5
207	0.3333333333333333
209	0.5
210	0.6
211	0.5
212	0.0
218	0.25
220	0.0
224	0.0
226	0.5
227	0.0
236	0.25
237	0.3333333333333333
239	0.2
242	0.2
243	1.0
244	0.6666666666666666
248	0.3333333333333333
251	0.25
253	0.0
254	0.2222222222222222
256	0.2857142857142857
257	0.25
259	0.0
262	0.5
264	0.0
267	0.42857142857142855
269	0.875
272	0.0
274	0.0
278	0.6666666666666666
280	0.5714285714285714
290	0.8
291	0.5
292	0.75
293	0.5
294	0.0
295	0.6666666666666666
296	0.7692307692307693
302	1.0
305	0.6666666666666666
306	0.14285714285714285
307	1.0
309	0.16666666666666666
314	0.0
324	0.5
329	0.4
333	0.6666666666666666
334	0.2
335	0.0
337	0.2857142857142857
339	1.0
340	0.0
343	0.4
344	0.3333333333333333
349	0.0
351	1.0
356	0.75
358	0.75
359	0.75
360	0.2
366	0.6666666666666666
369	0.4
371	0.0
372	1.0
374	0.5
379	0.0
384	0.0
386	1.0
388	1.0
389	0.5714285714285714
390	0.5
392	0.875
395	0.2857142857142857
398	0.0
403	0.6
404	0.4
405	1.0
408	0.75
410	0.25
415	0.3333333333333333
416	0.0
417	0.75
420	0.0
421	0.3333333333333333
422	0.6666666666666666
425	0.0
426	0.6666666666666666
427	0.6666666666666666
431	0.5
434	1.0
437	0.5
441	0.0
442	0.2
445	0.2
447	1.0
449	0.2727272727272727
461	0.3333333333333333
462	0.0
465	0.0
470	0.3333333333333333
471	0.42857142857142855
472	0.42857142857142855
474	0.3333333333333333
475	0.2222222222222222
476	0.5
478	0.4
479	0.3333333333333333
480	0.0
483	0.0
487	0.6
490	0.5
492	0.0
496	0.6
497	0.375
499	0.4
501	0.0
502	1.0
505	0.6666666666666666
506	0.3333333333333333
507	0.6
509	0.3333333333333333
510	0.25
511	0.0
515	0.0
519	0.6666666666666666
523	0.0
527	0.2
530	0.6
531	0.6666666666666666
532	0.0
538	0.75
539	0.6
540	0.0
541	0.0
542	0.0
544	1.0
545	0.6666666666666666
546	0.25
547	0.2
549	0.6666666666666666
550	0.3333333333333333
553	0.75
555	0.75
556	0.16666666666666666
557	0.2
560	0.0
561	0.6
563	0.4
565	0.3333333333333333
566	1.0
567	0.5
568	0.3333333333333333
569	0.3333333333333333
570	0.5714285714285714
571	0.4
572	0.6666666666666666
573	0.75
574	1.0
578	0.2
581	1.0
584	1.0
585	1.0
587	0.3333333333333333
602	1.0
604	0.5
606	0.3333333333333333
608	0.5
610	0.3333333333333333
614	0.3333333333333333
616	1.0
619	0.5384615384615384
620	1.0
621	1.0
622	0.25
628	0.0
635	0.0
638	0.5
641	0.8333333333333334
642	0.0
645	0.5
646	0.0
648	1.0
649	0.4
651	1.0
653	0.5454545454545454
657	0.0
660	1.0
663	1.0
664	0.6666666666666666
666	1.0
667	0.3333333333333333
668	0.0
669	0.0
670	0.3333333333333333
674	0.5
677	0.0
681	0.5
686	1.0
691	1.0
692	0.5
694	1.0
702	0.0
706	0.0
708	0.3333333333333333
709	1.0
714	0.0
717	0.5
719	0.5
721	0.0
722	0.6666666666666666
734	1.0
740	0.25
742	1.0
743	0.5
748	0.3333333333333333
750	0.4
753	0.25
754	0.15384615384615385
755	0.3333333333333333
760	0.0
761	0.0
765	0.16666666666666666
767	0.0
769	0.5
770	0.75
772	0.2
774	0.2
775	0.0
776	0.8333333333333334
777	0.0
779	1.0
784	0.0
786	1.0
787	0.4
790	0.25
791	0.6666666666666666
794	1.0
796	1.0
798	0.8
800	1.0
801	0.5714285714285714
804	0.0
806	1.0
807	0.0
808	0.0
809	0.8
810	0.38461538461538464
812	1.0
813	0.0
817	0.0
818	1.0
819	1.0
821	0.0
824	0.0
825	0.0
826	0.0
833	0.75
835	1.0
839	0.8
843	0.6
848	0.6666666666666666
856	0.0
862	0.5
867	0.4444444444444444
868	0.7142857142857143
869	0.7142857142857143
870	0.7142857142857143
872	0.7142857142857143
873	0.3333333333333333
877	0.25
887	0.0
889	0.3333333333333333
892	0.3333333333333333
893	0.6666666666666666
895	0.6666666666666666
896	0.8888888888888888
898	0.2
903	1.0
904	0.0
905	0.6666666666666666
907	0.3333333333333333
914	0.6666666666666666
915	1.0
921	0.4
925	0.5
932	0.3333333333333333
935	1.0
936	0.75
937	0.75
938	0.6666666666666666
941	0.75
943	0.6666666666666666
946	0.6666666666666666
947	0.5
949	0.5
950	0.0
954	0.5714285714285714
957	0.16666666666666666
960	0.16666666666666666
963	1.0
966	0.75
970	0.0
972	0.0
973	0.0
974	0.75
975	0.6
977	0.5
978	0.0
979	0.6666666666666666
982	0.6666666666666666
987	0.6666666666666666
989	0.0
990	0.8
992	0.8
995	0.5
996	0.5
998	1.0
1000	0.6
1003	0.3333333333333333
1004	0.5
1007	0.0
1008	0.75
1011	0.5
1014	0.0
1016	0.5
1020	0.0
1022	0.5
1025	0.0
1027	0.6
1028	0.4
1029	0.3333333333333333
1030	0.6666666666666666
1033	0.3333333333333333
1039	0.6666666666666666
1041	0.5714285714285714
1042	1.0
1044	1.0
1045	1.0
1047	0.0
1050	0.4444444444444444
1052	0.3333333333333333
1053	0.75
1055	0.125
1057	0.6666666666666666
1066	0.4
1067	0.0
1071	1.0
1072	0.6
1082	1.0
1083	0.0
1087	0.3333333333333333
1091	0.6666666666666666
1095	0.0
1098	0.4
1099	0.3333333333333333
1100	0.5
1101	0.0
1102	0.25
1103	0.4444444444444444
1107	1.0
1109	0.5
1113	0.7142857142857143
1114	0.3333333333333333
1115	0.5
1117	1.0
1120	0.5
1122	0.0
1124	0.18181818181818182
1125	0.0
1127	0.0
1128	0.0
1129	0.0
1130	0.75
1131	0.0
1132	0.5
1134	0.0
1135	0.0
1138	0.45454545454545453
1140	0.3333333333333333
1142	0.0
1144	0.0
1145	0.6666666666666666
1146	0.3333333333333333
1153	0.35714285714285715
1154	0.5
1156	0.0
1159	0.0
1164	0.3
1165	0.6666666666666666
1166	0.6666666666666666
1168	0.0
1169	1.0
1170	0.0
1171	0.5
1172	1.0
1176	0.6666666666666666
1180	0.0
1182	0.8
1187	0.4
1189	0.3333333333333333
1190	0.6
1191	0.6666666666666666
1192	0.3333333333333333
1195	0.3333333333333333
1198	0.15789473684210525
1204	0.2
1210	0.875
1212	1.0
1215	0.75
1216	1.0
1218	0.0
1223	0.3333333333333333
1229	1.0
1234	0.5
1235	0.4
1236	0.25
1237	0.0
1240	0.0
1248	0.125
1249	0.0
1257	0.0
1258	0.0
1260	1.0
1267	0.0
1268	0.0
1271	0.25
1275	0.8
1277	0.5
1280	0.6666666666666666
1282	0.0
1283	0.0
1290	0.0
1292	0.8571428571428571
1293	0.8
1294	0.25
1296	0.6666666666666666
1297	0.0
1299	0.4
1300	0.3333333333333333
1301	0.0
1302	0.0
1303	0.6666666666666666
1306	0.25
1308	0.3333333333333333
1309	0.0
1312	0.0
1313	0.3333333333333333
1314	0.5714285714285714
1316	0.5
1317	0.25
1319	0.5
1320	0.5454545454545454
1322	0.6666666666666666
1323	0.0
1324	0.5
1327	0.5
1342	0.4
1350	1.0
1352	0.25
1353	0.125
1357	0.5714285714285714
1358	0.42857142857142855
1363	0.5
1365	0.42857142857142855
1370	0.875
1374	1.0
1380	0.0
1385	0.0
1387	0.7857142857142857
1392	0.2
1398	0.25
1399	0.3333333333333333
1401	0.3333333333333333
1402	0.0
1405	0.0
1406	0.75
1408	1.0
1421	0.0
1425	1.0
1427	0.2857142857142857
1430	0.2
1431	1.0
1432	0.4
1433	0.6666666666666666
1435	1.0
1438	0.3333333333333333
1439	0.3333333333333333
1440	0.6
1441	0.2
1442	1.0
1443	0.2631578947368421
1444	0.0
1445	0.5
1446	1.0
1447	0.42857142857142855
1448	0.3333333333333333
1455	0.0
1457	0.6666666666666666
1460	0.125
1462	0.0
1463	0.0
1464	0.6
1468	0.5
1470	0.5
1471	0.3333333333333333
1472	0.3333333333333333
1473	0.3333333333333333
1484	0.0
1485	0.8571428571428571
1488	0.75
1493	0.3333333333333333
1494	0.14285714285714285
1498	1.0
1499	0.0
1510	0.5
1515	0.25
1522	0.5
1523	0.0
1526	0.0
1531	0.42857142857142855
1533	1.0
1534	1.0
1539	1.0
1540	0.6
1543	0.0
1544	0.25
1545	0.5
1548	0.0
1551	0.6
1553	0.0
1554	0.75
1556	1.0
1559	0.8571428571428571
1560	0.6666666666666666
1561	0.4
1562	0.6666666666666666
1563	1.0
1565	0.75
1567	0.5
1571	0.75
1572	0.0
1573	0.2857142857142857
1574	1.0
1575	0.0
1576	0.4
1577	0.8333333333333334
1579	0.4
1580	1.0
1584	0.625
1585	0.75
1590	0.5
1593	0.0
1601	0.8571428571428571
1602	0.8333333333333334
1603	0.75
1607	0.5
1612	0.0
1620	1.0
1622	0.5714285714285714
1623	1.0
1624	0.6
1625	1.0
1627	1.0
1630	0.16666666666666666
1640	0.3333333333333333
1641	0.6
1646	0.3333333333333333
1647	0.0
1649	0.6666666666666666
1652	0.9
1654	0.75
1660	0.0
1663	0.6666666666666666
1667	0.42857142857142855
1668	1.0
1679	0.0
1683	0.75
1686	0.5
1687	0.5
1689	0.2
1694	0.0
1702	0.0
1703	0.0
1704	0.0
1705	0.0
1706	0.5384615384615384
1709	0.0
1711	0.4
1712	0.0
1713	0.0
1717	0.0
1719	0.0
1722	0.8333333333333334
1727	0.0
1728	0.6
1729	0.5
1731	0.75
1734	1.0
1735	1.0
1736	1.0
1737	0.0
1738	0.5
1739	1.0
1740	0.3333333333333333
1741	0.6
1744	0.0
1745	0.5
1746	0.5
1747	0.6666666666666666
1748	0.6666666666666666
1749	0.75
1750	0.4166666666666667
1751	0.4666666666666667
1754	0.4
1756	0.0
1758	0.6666666666666666
1764	0.0
1765	0.2
1766	0.0
1767	0.75
1768	0.8
1771	0.8333333333333334
1772	0.6666666666666666
1773	0.4
1774	0.0
1778	1.0
1782	1.0
1784	0.2
1785	1.0
1787	0.0
1790	0.4
1794	0.6
1796	0.6363636363636364
1797	0.0
1799	0.6666666666666666
1800	0.5
1801	0.0
1802	0.0
1804	1.0
1806	0.8
1807	1.0
1808	0.8333333333333334
1810	0.6
1811	1.0
1812	0.25
1813	0.2857142857142857
1814	0.3333333333333333
1817	0.0
1822	0.0
1826	0.6666666666666666
1828	0.2
1829	0.0
1832	0.3333333333333333
1833	1.0
1835	0.8
1836	0.0
1837	0.0
1838	0.375
1839	0.8
1840	0.0
1845	0.5
1848	0.42857142857142855
1857	0.0
1858	0.5
1859	1.0
1860	0.3333333333333333
1862	0.3333333333333333
1863	0.3333333333333333
1867	1.0
1868	0.6666666666666666
1870	0.75
1873	0.5
1874	0.6666666666666666
1876	0.0
1877	0.4
1878	0.25
1879	0.25
1881	0.0
1883	0.75
1884	0.5
1886	0.5
1887	0.5
1889	0.5
1892	1.0
1893	0.0
1894	1.0
1897	1.0
1902	0.0
1908	1.0
1909	0.0
1910	0.4
1917	0.6
1921	0.6
1924	0.6875
1926	0.5
1927	0.4
1930	0.3333333333333333
1937	0.75
1938	0.6875
1940	0.25
1943	0.6470588235294118
1944	0.0
1945	0.6875
1948	0.0
1949	0.0
1951	0.0
1954	0.5
1955	0.0
1956	0.0
1957	0.0
1959	0.5
1961	0.75
1963	0.0
1969	0.3333333333333333
1971	0.8333333333333334
1974	0.6
1978	0.5
1979	0.0
1982	0.5555555555555556
1983	0.5
1986	0.7777777777777778
1987	0.0
1988	0.4
1989	0.5714285714285714
1993	0.0
1998	0.6666666666666666
1999	0.0
2003	0.3333333333333333
2006	0.0
2013	1.0
2014	0.5
2020	0.0
2025	0.3333333333333333
2027	0.6666666666666666
2028	0.5
2029	0.0
2032	0.0
2036	0.5
2037	0.4
2038	1.0
2040	0.0
2041	0.4
2043	0.0
2044	0.0
2049	1.0
2050	1.0
2053	1.0
2055	0.2857142857142857
2056	1.0
2057	0.0
2061	0.2
2062	1.0
2063	1.0
2065	0.3333333333333333
2068	0.5
2069	0.6666666666666666
2075	0.0
2078	0.6
2080	0.0
2082	0.0
2085	0.5
2089	0.3333333333333333
2093	1.0
2094	0.0
2095	0.5384615384615384
2096	1.0
2099	0.0
2104	1.0
2106	0.3333333333333333
2109	0.0
2110	0.75
2111	0.0
2112	0.5
2115	0.3333333333333333
2119	0.4
2122	1.0
2133	1.0
2134	0.3333333333333333
2135	0.0
2137	1.0
2139	0.2857142857142857
2143	0.3333333333333333
2145	0.2
2147	0.4
2148	0.0
2150	0.3333333333333333
2156	0.8
2159	0.25
2161	0.0
2165	0.0
2166	0.7
2169	0.5
2170	0.5
2171	0.0
2181	0.0
2182	1.0
2184	0.2
2186	0.5
2188	0.3333333333333333
2191	0.3333333333333333
2194	0.5
2198	0.25
2199	0.6
2204	0.0
2205	0.0
2206	0.4
2207	0.3333333333333333
2208	0.0
2209	0.0
2214	0.0
2215	0.6666666666666666
2217	1.0
2219	0.5
2221	0.0
2225	0.5454545454545454
2228	0.25
2229	0.0
2233	0.3333333333333333
2235	1.0
2236	0.5
2237	0.4444444444444444
2240	0.3333333333333333
2241	0.14285714285714285
2245	0.5714285714285714
2246	0.3333333333333333
2251	0.25
2253	0.5
2254	1.0
2256	0.6363636363636364
2257	0.2
2262	0.3333333333333333
2266	0.0
2271	1.0
2274	0.0
2277	0.5714285714285714
2279	0.3333333333333333
2280	0.5714285714285714
2281	0.75
2286	0.38461538461538464
2287	0.75
2288	0.5
2289	0.2
2291	0.0
2292	0.5
2294	0.0
2299	0.0
2300	0.0
2302	0.4
2303	0.25
2304	0.0
2306	0.5
2310	0.25
2312	0.5
2313	0.3333333333333333
2315	0.5
2316	0.2857142857142857
2317	1.0
2319	1.0
2320	0.0
2323	1.0
2324	0.75
2328	0.0
2334	1.0
2335	0.0
2336	1.0
2338	0.2857142857142857
2346	0.6666666666666666
2347	0.75
2349	1.0
2350	0.0
2352	0.875
2354	0.5
2355	0.6666666666666666
2356	1.0
2359	0.8
2362	0.0
2366	0.16666666666666666
2368	0.7142857142857143
2369	0.5714285714285714
2371	0.6666666666666666
2372	0.5
2373	0.7777777777777778
2374	1.0
2375	0.6666666666666666
2378	0.5
2379	0.75
2381	0.0
2385	0.0
2387	0.3333333333333333
2390	0.5
2393	0.8
2397	0.75
2398	0.8333333333333334
2399	0.0
2403	0.125
2406	1.0
2407	0.0
2410	0.6666666666666666
2413	1.0
2414	0.0
2417	0.6
2419	0.2857142857142857
2424	0.5
2425	1.0
2426	0.3333333333333333
2427	1.0
2428	0.0
2429	1.0
2433	0.0
2435	1.0
2436	1.0
2437	0.0
2440	0.0
2441	0.5
2443	1.0
2445	0.4
2446	0.6666666666666666
2447	0.4
2448	0.5
2453	0.0
2454	0.5
2456	1.0
2457	0.25
2462	0.5714285714285714
2463	0.0
2464	0.0
2465	0.4
2468	0.75
2469	0.8333333333333334
2470	1.0
2477	0.14285714285714285
2479	0.0
2480	0.14285714285714285
2481	1.0
2482	1.0
2483	0.6
2487	0.0
2489	0.6428571428571429
2490	0.5
2491	0.6
2492	0.5
2494	0.0
2495	0.0
2498	0.4
2501	0.0
2502	0.0
2503	1.0
2505	0.0
2509	0.3333333333333333
2510	0.375
2511	0.3333333333333333
2512	1.0
2514	0.6
2517	0.5
2518	0.0
2519	0.5
2522	0.0
2523	0.5
2534	0.0
2537	0.25
2540	0.5
2543	0.6666666666666666
2546	0.0
2553	0.25
2554	0.8
2555	0.8571428571428571
2557	0.5714285714285714
2558	0.0
2562	0.5555555555555556
2563	0.2
2564	0.6
2565	0.5
2566	0.0
2567	0.75
2570	0.0
2577	0.5
2578	0.0
2579	1.0
2581	0.5
2582	0.3333333333333333
2585	0.8333333333333334
2586	0.2
2587	0.6666666666666666
2588	0.0
2590	0.5
2592	0.7142857142857143
2593	0.4444444444444444
2594	0.8
2600	0.14285714285714285
2606	1.0
2609	0.4
2611	0.8
2612	0.75
2613	1.0
2615	1.0
2616	0.0
2617	1.0
2619	0.4444444444444444
2629	0.5
2631	0.2857142857142857
2634	0.25
2637	0.6666666666666666
2638	0.6666666666666666
2641	0.5
2647	0.0
2650	0.4
2651	0.4
2659	0.0
2662	0.0
2664	0.4444444444444444
2665	0.5
2666	0.25
2668	1.0
2670	0.0
2672	0.3333333333333333
2674	0.42857142857142855
2676	1.0
2677	0.2222222222222222
2679	1.0
2681	0.42857142857142855
2688	0.1111111111111111
2689	1.0
2696	0.6666666666666666
2697	0.6
2698	0.0
2699	0.4444444444444444
2700	0.0
2701	0.5
2703	1.0
2706	0.6666666666666666
2707	0.3333333333333333
2708	0.0
2709	0.8333333333333334
2710	0.2222222222222222
2711	0.7
2719	0.6666666666666666
2720	0.0
2723	0.5
2726	0.8
2728	0.0
2729	0.5
2731	0.5
2732	1.0
2733	0.0
2736	0.0
2737	0.0
2740	0.4
2743	0.125
2745	0.3333333333333333
2747	1.0
2748	0.5
2754	0.375
2758	0.5
2761	0.6
2762	0.45454545454545453
2765	0.0
2768	0.0
2772	0.0
2773	1.0
2777	0.6666666666666666
2778	0.5
2779	0.25
2780	0.0
2781	0.5
2782	1.0
2786	0.3333333333333333
2789	0.0
2791	0.5
2794	0.6666666666666666
2796	1.0
2797	0.875
2798	0.0
2799	0.0
2803	1.0
2805	1.0
2806	1.0
2807	1.0
2808	0.75
2810	0.2
2811	0.375
2812	0.0
2814	0.0
2816	0.6666666666666666
2817	0.0
2820	0.7142857142857143
2821	0.875
2823	0.5
2827	0.6666666666666666
2829	0.0
2830	1.0
2831	0.0
2832	0.6666666666666666
2833	0.75
2834	1.0
2835	0.0
2837	0.5
2841	0.6
2842	0.3333333333333333
2844	0.9166666666666666
2845	1.0
2846	0.5833333333333334
2848	0.0
2849	0.8333333333333334
2851	0.0
2853	1.0
2854	0.3333333333333333
2856	1.0
2859	0.8
2860	0.5
2861	0.6666666666666666
2862	0.0
2864	0.4
2865	0.0
2869	0.16666666666666666
2870	0.25
2872	0.6666666666666666
2873	0.6666666666666666
2879	0.0
2880	0.6
2882	0.5
2883	0.6
2886	0.5
2887	0.6111111111111112
2892	0.4
2896	1.0
2900	1.0
2902	1.0
2904	0.75
2905	0.75
2907	0.3333333333333333
2913	0.75
2919	1.0
2920	0.05
2921	0.75
2923	0.5
2924	0.3333333333333333
2925	0.3333333333333333
2926	0.5
2928	0.75
2929	0.875
2936	0.0
2937	0.0
2939	0.4
2940	0.25
2941	0.0
2942	0.3333333333333333
2943	0.0
2946	0.0
2950	0.5384615384615384
2955	0.6666666666666666
2957	0.8333333333333334
2958	0.25
2959	0.25
2960	0.3333333333333333
2962	0.4444444444444444
2964	0.0
2967	0.6
2969	0.6666666666666666
2974	0.6666666666666666
2975	0.6666666666666666
2977	0.3333333333333333
2978	1.0
2981	0.75
2985	0.0
2986	1.0
2987	0.5
2990	0.3333333333333333
2994	0.2857142857142857
3000	0.0
3001	0.5
3005	1.0
3006	1.0
3007	0.6666666666666666
3009	0.8
3010	0.16666666666666666
3012	0.0
3018	0.6
3020	1.0
3023	1.0
3029	0.5
3031	0.0
3033	0.375
3034	0.375
3035	0.5
3040	0.4
3042	1.0
3043	0.75
3049	0.14285714285714285
3051	0.5
3052	0.5
3053	0.0
3055	0.42857142857142855
3057	0.0
3059	0.42857142857142855
3060	0.5
3064	0.6
3065	1.0
3066	1.0
3070	0.5555555555555556
3073	0.5
3077	0.6666666666666666
3079	0.0
3082	0.3333333333333333
3083	0.0
3087	0.0
3093	0.4
3097	0.2
3099	0.0
3101	0.75
3105	0.0
3106	0.0
3107	0.125
3108	0.125
3109	0.0
3110	0.0
3111	0.0
3116	0.5
3119	0.25
3122	1.0
3123	0.7142857142857143
3124	0.2857142857142857
3125	0.6
3127	0.0
3128	0.6666666666666666
3130	0.2
3132	0.3333333333333333
3134	0.5
3135	0.6
3140	0.0
3141	0.3333333333333333
3143	0.6666666666666666
3144	0.3333333333333333
3146	0.4
3148	0.75
3151	0.75
3156	0.5
3159	0.5882352941176471
3160	0.5
3162	0.6666666666666666
3165	0.3333333333333333
3166	0.375
3167	0.6666666666666666
3169	0.16666666666666666
3173	1.0
3174	0.375
3176	0.0
3177	0.2
3178	1.0
3179	0.5714285714285714
3180	1.0
3181	0.75
3184	0.3333333333333333
3185	1.0
3188	0.0
3193	0.0
3194	0.6666666666666666
3197	0.2
3198	0.6
3199	0.75
3201	0.3333333333333333
3203	0.2222222222222222
3204	0.25
3206	0.2
3207	0.5384615384615384
3209	1.0
3211	0.0
3212	0.0
3215	0.0
3216	0.4
3217	0.2
3219	1.0
3220	0.6666666666666666
3221	0.0
3227	0.0
3228	0.8571428571428571
3235	1.0
3237	0.25
3238	1.0
3243	1.0
3246	1.0
3248	0.42857142857142855
3249	0.6666666666666666
3250	0.5
3252	0.375
3253	0.25
3254	0.6
3255	0.8
3256	0.6666666666666666
3259	0.0
3261	0.0
3263	1.0
3264	0.0
3266	0.6
3269	0.0
3270	0.0
3272	1.0
3274	0.0
3280	1.0
3282	0.0
3289	0.1875
3290	0.6666666666666666
3291	0.6666666666666666
3292	0.0
3295	0.4
3296	0.0
3297	0.0
3298	0.42857142857142855
3299	0.2
3301	1.0
3302	1.0
3304	0.4
3305	0.5
3310	0.0
3312	0.5555555555555556
3313	0.8
3314	1.0
3315	0.0
3322	0.0
3323	0.5
3324	0.0
3327	1.0
3328	0.6666666666666666
3333	0.3333333333333333
3334	0.7083333333333334
3337	1.0
3343	0.0
3345	0.6
3346	0.6666666666666666
3347	0.6
3350	1.0
3351	0.0
3352	0.0
3353	0.0
3359	1.0
3360	0.3333333333333333
3361	0.6666666666666666
3362	1.0
3363	0.5714285714285714
3365	0.6666666666666666
3366	0.6666666666666666
3367	0.6666666666666666
3368	0.6666666666666666
3369	0.25
3370	0.5
3378	0.0
3380	0.5
3381	0.25
3382	0.375
3383	0.8571428571428571
3385	0.3333333333333333
3386	0.375
3389	0.0
3390	0.0
3391	0.4
3397	1.0
3400	0.2
3404	0.0
3405	0.0
3408	0.0
3409	0.0
3412	1.0
3413	0.6666666666666666
3414	0.875
3415	0.25
3417	0.5555555555555556
3422	0.0
3424	1.0
3431	1.0
3434	0.6666666666666666
3438	0.3333333333333333
3439	1.0
3440	1.0
3441	0.5
3442	0.7142857142857143
3444	0.42857142857142855
3447	0.6
3448	0.0
3449	0.3333333333333333
3452	0.5
3453	0.45454545454545453
3457	0.6666666666666666
3462	0.0
3465	0.3333333333333333
3466	1.0
3467	0.5714285714285714
3469	0.6666666666666666
3471	1.0
3474	0.0
3475	0.8
3482	0.6428571428571429
3484	0.0
3485	0.6666666666666666
3487	0.0
3496	0.8571428571428571
3497	0.8
3499	0.0
3501	0.6666666666666666
3503	1.0
3504	0.5
3505	0.8333333333333334
3509	0.0
3513	0.5
3514	0.0
3516	0.3333333333333333
3521	0.0
3530	0.0
3531	0.8
3533	0.5
3534	0.6666666666666666
3535	0.0
3536	0.0
3537	1.0
3539	0.4
3540	0.4375
3542	1.0
3543	0.5454545454545454
3544	0.75
3547	0.0
3548	0.75
3550	1.0
3552	1.0
3561	0.6
3562	0.42857142857142855
3563	0.5
3564	0.0
3571	0.0
3575	1.0
3576	1.0
3581	0.0
3586	0.46153846153846156
3588	0.0
3589	1.0
3593	0.16666666666666666
3594	1.0
3595	0.5
3596	0.7142857142857143
3597	0.25
3598	1.0
3600	0.5
3603	1.0
3605	0.4
3606	0.3333333333333333
3607	0.5
3612	0.2
3619	0.0
3621	0.6666666666666666
3624	0.5454545454545454
3629	0.4444444444444444
3632	0.5
3635	0.5454545454545454
3636	0.25
3637	1.0
3641	0.3333333333333333
3645	0.0
3647	0.25
3648	0.0
3649	1.0
3652	0.6666666666666666
3657	0.0
3661	0.0
3667	1.0
3669	0.0
3670	1.0
3673	1.0
3675	0.5
3679	0.0
3680	0.0
3682	0.0
3683	0.4
3688	0.0
3690	0.75
3691	0.4
3692	1.0
3693	1.0
3694	0.3333333333333333
3696	0.3333333333333333
3697	0.0
3698	0.0
3704	0.5
3705	0.0
3706	0.5
3707	1.0
3709	0.5714285714285714
3722	0.0
3724	0.0
3725	0.2857142857142857
3729	0.3333333333333333
3731	0.25
3736	0.75
3738	0.3157894736842105
3744	0.3333333333333333
3747	0.0
3749	0.5
3751	1.0
3752	1.0
3753	0.2
3757	0.5
3759	0.8
3760	1.0
3761	1.0
3763	0.3333333333333333
3764	0.5
3772	0.0
3777	1.0
3787	1.0
3790	0.5
3791	0.0
3798	0.4
3802	0.0
3806	1.0
3807	0.5
3808	0.0
3811	0.25
3812	0.6
3813	0.8
3814	0.5555555555555556
3820	0.2
3826	0.8
3828	0.375
3830	0.14285714285714285
3832	1.0
3833	0.6
3834	0.2
3835	0.35294117647058826
3836	1.0
3837	0.14285714285714285
3839	0.8
3840	0.0
3843	0.125
3844	0.8
3845	0.0
3846	0.0
3848	1.0
3849	0.6666666666666666
3852	0.3333333333333333
3853	0.42857142857142855
3854	1.0
3856	0.4
3857	1.0
3859	0.4
3860	0.6666666666666666
3861	1.0
3862	0.3333333333333333
3864	0.0
3865	0.6666666666666666
3867	0.7
3869	0.5714285714285714
3870	0.0
3872	0.5833333333333334
3873	0.0
3874	0.75
3875	0.6666666666666666
3878	0.4
3879	1.0
3883	0.6666666666666666
3886	0.5
3887	0.5
3888	0.2857142857142857
3889	0.0
3890	0.2727272727272727
3895	0.7142857142857143
3903	0.75
3905	1.0
3907	0.2
3910	0.25
3913	0.3333333333333333
3916	0.625
3918	1.0
3919	0.6666666666666666
3920	0.0
3921	0.2
3923	0.5
3925	0.0
3926	1.0
3927	0.5
3929	0.0
3932	0.6666666666666666
3935	0.25
3936	0.0
3937	0.4
3938	0.6
3941	1.0
3945	0.2
3946	0.4
3947	0.6666666666666666
3948	0.0
3954	0.5
3956	0.0
3957	0.875
3963	0.8571428571428571
3964	0.6666666666666666
3965	1.0
3969	0.5
3970	1.0
3971	1.0
3972	0.6666666666666666
3980	0.6666666666666666
3981	0.6
3985	0.0
3986	0.1111111111111111
3987	0.0
3988	0.0
3990	0.2857142857142857
3991	0.5
3992	0.2857142857142857
3993	0.2857142857142857
3997	0.25
3999	0.3333333333333333
4001	0.0
4007	1.0
4009	0.3333333333333333
4012	0.5
4013	0.8
4015	0.3333333333333333
4016	0.42857142857142855
4017	1.0
4018	1.0
4019	1.0
4020	1.0
4023	0.6666666666666666
4025	0.6666666666666666
4042	0.375
4043	1.0
4044	0.6666666666666666
4045	0.7777777777777778
4047	0.2857142857142857
4050	0.0
4051	0.6666666666666666
4052	1.0
4053	1.0
4055	0.42857142857142855
4056	0.4
4058	0.75
4059	0.5
4060	0.5
4062	0.0
4065	0.9375
4066	1.0
4067	0.6
4068	1.0
4069	0.125
4071	1.0
4077	0.0
4078	0.25
4080	0.4
4081	0.14285714285714285
4084	0.6
4086	0.8
4089	1.0
4093	0.8333333333333334
4094	0.5
4095	0.0
4098	1.0
4099	0.8461538461538461
4100	1.0
4101	1.0
4108	0.0
4110	0.25
4112	0.6666666666666666
4113	0.8571428571428571
4116	0.5
4118	0.25
4119	0.42857142857142855
4120	0.3333333333333333
4123	1.0
4124	0.75
4127	0.6666666666666666
4132	0.5
4138	0.0
4144	0.0
4145	0.5
4151	1.0
4152	0.4
4157	0.3333333333333333
4158	0.75
4160	0.3333333333333333
4163	0.0
4165	0.5
4169	1.0
4170	1.0
4171	0.16666666666666666
4177	1.0
4180	0.6666666666666666
4181	0.5
4184	0.75
4189	0.0
4191	0.6
4194	0.8333333333333334
4195	0.5
4197	0.5
4200	0.7142857142857143
4206	0.75
4208	0.0
4210	0.0
4211	0.25
4212	0.0
4213	0.6
4215	1.0
4218	0.5
4220	0.75
4222	0.7142857142857143
4226	0.0
4230	1.0
4232	0.6
4233	0.5
4235	0.0
4236	0.2857142857142857
4237	1.0
4238	1.0
4239	0.5
4240	0.6666666666666666
4241	1.0
4242	1.0
4243	1.0
4246	1.0
4250	0.6666666666666666
4251	0.3333333333333333
4255	0.0
4256	0.0
4259	0.3333333333333333
4261	0.4
4262	0.8333333333333334
4263	1.0
4265	0.6666666666666666
4266	0.6
4268	0.75
4269	0.5
4271	1.0
4272	1.0
4274	0.8333333333333334
4275	0.14285714285714285
4278	0.5
4281	0.3333333333333333
4282	0.5
4283	1.0
4284	0.5
4285	0.5
4286	0.5
4287	1.0
4288	0.6666666666666666
4289	0.6363636363636364
4290	0.75
4293	0.6428571428571429
4294	0.0
4298	0.0
4299	0.25
4301	1.0
4303	0.6
4305	0.5
4310	0.75
4313	0.6
4315	0.0
4316	0.4
4317	0.5
4322	0.3333333333333333
4323	0.75
4325	1.0
4327	0.3333333333333333
4330	0.4
4332	0.8
4334	0.0
4335	1.0
4336	0.5
4337	1.0
4338	1.0
4341	0.0
4342	0.7142857142857143
4344	0.0
4345	0.8
4350	0.5
4354	0.5
4355	0.8333333333333334
4357	0.5
4360	0.5
4361	0.8333333333333334
4362	0.5
4367	1.0
4368	0.0
4369	0.4
4370	1.0
4371	0.5
4374	0.8
4376	0.5
4377	1.0
4380	0.0
4381	0.6666666666666666
4382	1.0
4384	0.4375
4386	0.16666666666666666
4387	0.5
4388	0.49056603773584906
4390	0.6
4394	1.0
4396	0.75
4399	0.8
4400	0.5714285714285714
4403	0.25
4414	0.0
4415	0.0
4416	0.0
4419	0.5
4420	1.0
4421	0.6666666666666666
4423	0.8
4424	0.2
4426	1.0
4429	0.0
4431	0.3333333333333333
4432	1.0
4434	0.0
4437	0.3333333333333333
4439	0.5
4440	0.0
4443	0.4
4444	0.8333333333333334
4445	1.0
4454	0.3333333333333333
4457	0.0
4458	0.8
4459	0.5
4461	0.5
4462	0.47058823529411764
4464	0.0
4465	0.0
4466	0.2
4469	0.5454545454545454
4470	0.2857142857142857
4471	0.6666666666666666
4472	1.0
4474	0.6666666666666666
4476	0.5
4477	0.3333333333333333
4479	0.4444444444444444
4480	0.25
4485	0.2
4487	0.3333333333333333
4492	0.6
4496	0.5
4502	0.6666666666666666
4503	0.6666666666666666
4506	0.4
4508	0.8
4513	1.0
4518	0.8
4519	0.8333333333333334
4522	0.0
4524	0.0
4525	0.0
4530	0.6
4532	0.6
4534	1.0
4535	1.0
4536	0.5
4537	0.3333333333333333
4539	0.5
4540	1.0
4542	0.3076923076923077
4543	0.42857142857142855
4545	0.35
4546	0.75
4547	0.6666666666666666
4552	1.0
4554	0.0
4559	0.42857142857142855
4560	1.0
4563	1.0
4567	0.75
4569	1.0
4571	0.5
4573	0.0
4575	0.5
4576	0.5
4577	0.5
4580	0.6666666666666666
4581	0.0
4585	0.2
4589	0.3333333333333333
4591	0.35
4592	0.18181818181818182
4593	1.0
4594	0.6666666666666666
4595	0.0
4599	0.6
4603	0.8571428571428571
4604	0.6
4605	0.5
4606	0.8
4613	0.0
4616	0.0
4617	1.0
4619	0.0
4620	1.0
4623	1.0
4626	0.6
4628	0.5
4630	0.3333333333333333
4635	0.9411764705882353
4636	0.8333333333333334
4637	0.75
4638	0.7142857142857143
4639	0.8333333333333334
4644	1.0
4649	0.8666666666666667
4650	0.0
4651	0.16666666666666666
4653	0.5
4655	0.6666666666666666
4656	0.6666666666666666
4658	0.6428571428571429
4664	0.16666666666666666
4665	0.0
4666	0.0
4667	0.0
4669	0.4
4670	0.8571428571428571
4671	0.375
4672	0.0
4675	0.0
4676	0.4444444444444444
4677	0.1111111111111111
4678	0.0
4680	0.0
4681	0.75
4684	1.0
4685	0.6666666666666666
4686	0.3333333333333333
4688	0.6666666666666666
4691	1.0
4694	0.5
4697	0.0
4700	0.16666666666666666
4703	0.5
4705	0.25
4708	0.2
4721	1.0
4724	0.5
4725	0.25
4727	1.0
4728	1.0
4729	1.0
4731	0.2
4735	0.5
4737	0.0
4738	0.5
4742	1.0
4743	0.6666666666666666
4745	0.7142857142857143
4746	0.18181818181818182
4747	0.5
4749	0.4
4750	1.0
4751	0.25
4752	0.0
4759	1.0
4760	0.8333333333333334
4761	0.8333333333333334
4764	0.6666666666666666
4765	0.8181818181818182
4769	0.6666666666666666
4770	0.3333333333333333
4771	0.0
4773	1.0
4774	0.8333333333333334
4775	0.7142857142857143
4777	0.2222222222222222
4780	1.0
4781	0.5
4783	0.25
4784	1.0
4786	1.0
4787	0.0
4790	0.6363636363636364
4791	1.0
4792	0.5
4795	0.7333333333333333
4797	0.0
4801	0.3333333333333333
4803	0.0
4806	0.25
4811	0.0
4812	0.6666666666666666
4818	1.0
4819	0.125
4820	0.125
4830	1.0
4834	0.3333333333333333
4838	0.6666666666666666
4839	1.0
4841	0.6666666666666666
4843	0.5
4845	0.6153846153846154
4848	0.6666666666666666
4850	1.0
4852	0.5454545454545454
4854	0.0
4855	1.0
4856	1.0
4858	0.75
4860	0.5
4862	1.0
4863	0.5
4864	0.5
4865	0.2
4868	0.4
4871	0.3333333333333333
4872	0.0
4878	1.0
4884	0.0
4886	0.5
4893	0.25
4894	0.0
4895	0.0
4896	1.0
4897	0.6
4898	0.375
4899	0.5
4903	0.5714285714285714
4904	1.0
4905	1.0
4908	0.6666666666666666
4909	0.3333333333333333
4911	0.375
4916	0.0
4917	0.0
4920	0.5
4925	0.5
4930	1.0
4931	0.625
4934	0.1
4935	0.375
4940	0.0
4941	1.0
4942	1.0
4947	0.3333333333333333
4948	0.75
4951	0.0
4954	0.875
4955	0.5
4956	0.75
4958	0.0
4959	0.3333333333333333
4968	0.0
4970	0.6
4975	1.0
4980	0.0
4981	1.0
4982	0.25
4983	0.0
4984	1.0
4985	0.2
4988	0.0
4989	0.25
4990	0.25
4991	1.0
4992	0.18181818181818182
4996	0.25
4998	0.25
5000	0.07692307692307693
5004	0.0
5008	0.8
5010	0.0
5013	0.0
5014	0.4444444444444444
5015	0.5555555555555556
5016	0.0
5017	0.0
5019	0.0
5020	1.0
5025	0.3
5029	0.0
5031	0.23529411764705882
5032	0.7142857142857143
5033	0.6818181818181818
5037	1.0
5039	0.4
5040	1.0
5041	0.1111111111111111
5042	0.3333333333333333
5043	0.3333333333333333
5044	0.6666666666666666
5047	0.0
5050	0.25
5051	1.0
5053	1.0
5057	0.0
5060	0.0
5062	1.0
5063	1.0
5069	0.0
5077	0.3333333333333333
5080	0.3333333333333333
5089	0.38461538461538464
5092	0.75
5093	0.25
5094	1.0
5095	0.6666666666666666
5099	0.3333333333333333
5101	0.0
5102	0.3333333333333333
5103	1.0
5110	0.0
5117	1.0
5118	0.8125
5121	1.0
5122	0.75
5123	0.5
5124	1.0
5125	0.4
5126	0.5
5128	0.0
5134	0.3333333333333333
5135	1.0
5136	1.0
5143	1.0
5146	0.0
5147	1.0
5150	0.25
5154	0.6666666666666666
5155	0.0
5156	0.42857142857142855
5160	0.0
5162	0.0
5172	0.3333333333333333
5180	0.0
5185	0.5
5187	0.42857142857142855
5191	0.5
5194	0.75
5195	1.0
5199	0.6666666666666666
5207	0.3333333333333333
5209	1.0
5215	0.25
5217	0.25
5222	0.25
5225	0.5
5229	0.0
5230	0.0
5231	0.8
5234	0.6666666666666666
5240	0.0
5243	0.0
5245	0.0
5246	0.6666666666666666
5248	0.3333333333333333
5252	0.0
5258	0.5
5259	0.8333333333333334
5264	0.75
5267	1.0
5274	0.6666666666666666
5283	1.0
5289	0.0
5290	0.625
5300	1.0
5304	1.0
5306	0.0
5307	1.0
5308	0.0
5313	0.0
5315	0.5555555555555556
5317	0.0
5318	1.0
5319	1.0
5321	0.0
5330	1.0
5332	0.2222222222222222
5336	1.0
5337	0.5
5339	1.0
5340	1.0
5341	0.4
5343	1.0
5344	0.0
5345	1.0
5346	0.5
5348	0.5
5371	0.5
5372	0.25
5376	0.6666666666666666
5380	1.0
5381	0.75
5382	0.6666666666666666
5384	0.75
5385	1.0
5388	0.8
5389	0.5
5392	0.6666666666666666
5393	0.0
5396	1.0
5398	1.0
5399	0.6
5403	0.25
5404	0.6666666666666666
5405	0.0
5406	0.25
5407	0.0
5408	1.0
5414	0.8571428571428571
5416	0.3333333333333333
5417	0.3333333333333333
5418	0.6666666666666666
5419	0.6410256410256411
5420	0.8
5422	0.5
5423	0.75
5424	1.0
5425	0.0
5427	0.6666666666666666
5429	0.4
5430	1.0
5432	0.75
5433	1.0
5434	1.0
5436	1.0
5439	0.2857142857142857
5440	0.0
5444	0.8
5446	0.3333333333333333
5447	0.5
5448	0.6666666666666666
5449	0.75
5450	0.3333333333333333
5452	0.0
5453	0.3333333333333333
5454	0.0
5456	0.5
5457	0.0
5458	0.25
5461	0.6666666666666666
5462	1.0
5463	0.7142857142857143
5464	0.2857142857142857
5465	0.2857142857142857
5466	0.5
5467	0.3333333333333333
5468	1.0
5469	0.25
5471	1.0
5474	0.25
5475	1.0
5477	1.0
5480	0.6666666666666666
5484	0.75
5489	0.3333333333333333
5493	0.14285714285714285
5495	0.0
5497	1.0
5499	0.6666666666666666
5501	0.0
5503	0.14285714285714285
5504	0.4166666666666667
5505	0.0
5507	0.5
5509	0.3333333333333333
5511	1.0
5512	1.0
5515	0.6666666666666666
5516	1.0
5517	0.5294117647058824
5518	0.75
5520	0.375
5521	0.0
5524	0.5
5525	0.0
5526	0.0
5527	0.6666666666666666
5528	0.25
5530	0.2
5532	0.36363636363636365
5533	0.3333333333333333
5535	1.0
5542	0.6666666666666666
5543	1.0
5544	0.5555555555555556
5545	0.4
5546	1.0
5547	1.0
5548	1.0
5549	0.6666666666666666
5550	0.5
5552	1.0
5553	1.0
5554	0.4444444444444444
5556	0.56
5558	0.8461538461538461
5559	0.7692307692307693
5561	0.0
5562	0.75
5564	1.0
5565	1.0
5567	0.5
5568	0.5
5569	0.5
5571	1.0
5572	0.5
5573	0.8
5574	0.6
5577	0.2
5578	0.4
5579	1.0
5580	1.0
5581	0.0
5583	0.5
5585	1.0
5586	0.4117647058823529
5587	0.0
5589	0.5
5592	1.0
5593	0.75
5594	0.0
5595	0.5
5596	0.5
5597	0.6666666666666666
5598	1.0
5600	0.2
5602	1.0
5604	1.0
5606	1.0
5608	0.5
5610	1.0
5611	1.0
5620	0.0
5621	0.5
5624	1.0
5625	0.5
5628	0.6153846153846154
5630	0.5
5631	0.5
5635	0.7058823529411765
5638	0.0
5639	0.0
5641	0.42857142857142855
5642	0.3333333333333333
5648	1.0
5649	1.0
5650	1.0
5651	1.0
5653	1.0
5655	1.0
5659	0.5
5660	1.0
5661	0.0
5662	1.0
5663	0.0
5664	1.0
5667	0.6
5668	0.6666666666666666
5669	0.8
5670	1.0
5673	0.375
5675	1.0
5676	0.0
5677	0.0
5679	0.7368421052631579
5680	0.6
5683	0.0
5685	0.5
5686	0.4
5688	0.5
5690	0.0
5696	0.0
5697	0.0
5699	0.5
5701	0.3333333333333333
5703	0.75
5710	0.42857142857142855
5713	0.5555555555555556
5714	0.5454545454545454
5719	0.0
5723	1.0
5725	1.0
5732	0.5
5735	0.8333333333333334
5740	0.125
5741	0.0
5743	0.6666666666666666
5744	0.4
5747	1.0
5754	0.5714285714285714
5755	0.625
5756	0.5
5757	1.0
5758	0.0
5760	1.0
5761	0.6666666666666666
5762	0.5
5764	0.5
5765	0.3333333333333333
5767	0.6666666666666666
5768	0.8
5772	0.75
5773	0.0
5774	0.5238095238095238
5775	0.6666666666666666
5776	1.0
5777	0.6666666666666666
5778	0.75
5779	0.6
5780	0.25
5782	0.8333333333333334
5784	0.6666666666666666
5785	0.5555555555555556
5786	0.5294117647058824
5788	0.6666666666666666
5791	0.6
5792	1.0
5797	1.0
5801	0.6
5802	0.5
5803	0.0
5804	0.0
5805	0.5
5808	0.5
5809	0.7142857142857143
5811	0.0
5814	0.6666666666666666
5815	0.5
5817	0.7142857142857143
5821	0.5714285714285714
5822	0.6666666666666666
5828	0.25
5834	0.6
5843	1.0
5844	0.46153846153846156
5845	0.3333333333333333
5846	0.375
5847	0.8
5848	0.3333333333333333
5851	0.4
5852	0.29411764705882354
5854	0.5
5858	0.0
5860	0.25
5861	0.5
5863	0.2222222222222222
5870	0.0
5871	0.5
5878	1.0
5879	1.0
5883	0.5
5884	0.7142857142857143
5896	0.25
5898	0.5
5899	0.4
5900	0.0
5901	0.8571428571428571
5903	0.5
5905	1.0
5906	1.0
5907	0.5
5911	1.0
5912	0.42857142857142855
5913	0.4
5919	0.75
5920	1.0
5921	1.0
5922	1.0
5926	1.0
5927	0.0
5928	0.8
5931	0.0
5932	0.8333333333333334
5935	1.0
5936	0.5
5947	0.0
5948	0.5
5951	0.6666666666666666
5952	1.0
5953	0.8
5954	0.6666666666666666
5955	1.0
5956	0.42857142857142855
5957	0.8571428571428571
5964	1.0
5968	0.6666666666666666
5969	0.0
5971	0.75
5973	1.0
5975	0.5
5977	0.42857142857142855
5980	1.0
5982	0.0
5983	0.6
5984	1.0
5986	1.0
5988	0.3870967741935484
5989	0.6666666666666666
5990	0.625
5993	0.4444444444444444
5994	1.0
5996	0.0
5998	0.75
6000	0.2
6001	0.8
6002	0.0
6003	0.25
6004	0.75
6005	0.8333333333333334
6006	0.75
6007	0.6666666666666666
6010	0.7142857142857143
6013	0.0
6014	1.0
6015	1.0
6016	0.8333333333333334
6017	0.6666666666666666
6018	0.5714285714285714
6020	0.75
6021	1.0
6022	1.0
6025	0.7
6026	0.5384615384615384
6027	0.0
6029	1.0
6030	0.75
6031	0.8571428571428571
6032	1.0
6034	1.0
6035	0.75
6036	1.0
6037	1.0
6039	1.0
6040	0.6363636363636364
6041	0.6363636363636364
6042	0.5833333333333334
6043	0.8333333333333334
6044	0.75
6048	0.5
6049	0.5
6051	0.875
6052	0.8333333333333334
6053	0.5454545454545454
6054	0.8
6055	0.4
6056	0.75
6057	0.0
6058	0.5
6059	1.0
6060	1.0
6062	1.0
6066	1.0
6067	1.0
6068	0.9
6069	1.0
6070	0.25
6071	1.0
6072	1.0
6074	1.0
6075	0.5714285714285714
6076	0.0
6077	0.8
6078	0.7777777777777778
6080	1.0
6082	1.0
6085	0.7142857142857143
6089	0.4
6090	0.0
6091	0.5
6092	0.5
6093	0.4
6095	0.6666666666666666
6096	0.0
6097	0.75
6098	0.4
6099	0.6
6100	0.6
6102	0.0
6103	1.0
6106	1.0
6107	0.8
6108	0.5384615384615384
6109	0.45454545454545453
6112	1.0
6113	1.0
6115	0.375
6116	0.3333333333333333
6117	0.5
6118	0.09090909090909091
6119	1.0
6120	0.875
6121	0.0
6122	1.0
6123	0.875
6124	0.8
6130	1.0
6133	0.4
6134	1.0
6135	1.0
6137	1.0
6138	0.625
6139	0.4444444444444444
6141	0.5
6142	0.5
6145	1.0
6146	0.5
6148	0.0
6149	0.0
6151	0.5555555555555556
6152	0.6666666666666666
6154	0.0
6156	1.0
6158	1.0
6159	0.9
6160	0.45454545454545453
6161	0.75
6162	1.0
6164	1.0
6165	0.7142857142857143
6166	0.0
6167	1.0
6168	0.8
6171	0.625
6173	0.6666666666666666
6174	0.5
6175	1.0
6176	0.5
6178	0.0
6179	1.0
6180	0.0
6181	0.75
6182	0.0
6183	0.7857142857142857
6184	1.0
6185	0.2
6186	0.8333333333333334
6194	1.0
6195	1.0
6196	0.8888888888888888
6197	0.8333333333333334
6198	0.3
6201	0.0
6204	0.4166666666666667
6205	0.875
6207	0.75
6209	0.8571428571428571
6210	1.0
6213	0.5714285714285714
6214	0.75
6215	0.6666666666666666
6217	1.0
6219	0.5
6220	1.0
6221	0.8
6222	1.0
6223	0.6
6224	0.8333333333333334
6225	1.0
6226	0.6666666666666666
6231	0.6666666666666666
6232	0.4
6233	0.7391304347826086
6235	1.0
6236	0.2
6238	1.0
6239	1.0
6241	0.0
6242	1.0
6243	1.0
6244	0.5
6247	0.5714285714285714
6248	0.25
6249	0.8333333333333334
6252	1.0
6253	0.8333333333333334
6255	0.625
6256	0.5454545454545454
6257	1.0
6258	0.75
6260	0.8
6261	0.6666666666666666
6262	1.0
6263	1.0
6264	0.5714285714285714
6266	0.8888888888888888
6267	0.8333333333333334
6268	0.6111111111111112
6269	1.0
6271	0.0
6272	0.7777777777777778
6277	0.4444444444444444
6278	0.5714285714285714
6280	1.0
6281	0.3333333333333333
6282	0.4
6283	0.0
6286	0.5714285714285714
6287	0.5
6290	0.5714285714285714
6291	0.75
6292	0.5
6293	0.8333333333333334
6294	0.6666666666666666
6295	0.8181818181818182
6297	0.7272727272727273
6298	0.8333333333333334
6301	0.625
6303	0.4
6308	0.8
6309	0.2
6310	0.2
6314	0.2
6319	0.75
6320	0.5
6321	0.8421052631578947
6322	0.25
6325	0.75
6327	0.4444444444444444
6328	0.625
6329	0.5
6330	0.5
6331	0.5
6333	1.0
6335	0.7027027027027027
6337	0.47368421052631576
6338	1.0
6340	1.0
6341	0.0
6342	0.4444444444444444
6343	0.65
6345	1.0
6346	0.75
6348	0.6
6349	0.7142857142857143
6351	0.3333333333333333
6353	0.2
6356	0.8
6357	1.0
6358	0.0
6360	0.6666666666666666
6362	0.42857142857142855
6363	0.6666666666666666
6364	0.0
6366	0.7142857142857143
6367	1.0
6368	1.0
6369	0.75
6373	0.16666666666666666
6375	1.0
6376	0.8571428571428571
6379	0.75
6380	0.2
6382	0.5833333333333334
6384	0.5
6385	0.3333333333333333
6387	1.0
6391	0.6666666666666666
6392	1.0
6393	1.0
6394	0.6666666666666666
6397	0.6666666666666666
6398	1.0
6400	0.75
6401	1.0
6403	0.0
6404	0.5
6406	1.0
6407	0.3333333333333333
6408	0.8333333333333334
6409	0.5
6410	0.8333333333333334
6411	0.5555555555555556
6412	0.75
6413	1.0
6414	0.7272727272727273
6415	0.75
6416	0.5714285714285714
6417	0.5714285714285714
6418	0.5714285714285714
6419	0.0
6420	0.5625
6421	0.5
6427	0.0
6429	0.3333333333333333
6430	0.25
6431	1.0
6432	0.5
6435	0.2
6437	1.0
6441	0.6666666666666666
6444	0.16666666666666666
6445	1.0
6447	0.4
6450	1.0
6452	0.75
6453	0.75
6454	0.8571428571428571
6456	0.75
6457	0.6875
6459	0.0
6460	0.0
6462	1.0
6463	1.0
6464	0.75
6465	0.0
6466	0.75
6467	0.2
6468	0.42857142857142855
6469	0.6666666666666666
6470	0.0
6471	0.47058823529411764
6472	0.0
6473	1.0
6474	0.5
6476	0.6666666666666666
6479	0.3333333333333333
6481	0.2727272727272727
6482	0.6666666666666666
6484	0.0
6485	1.0
6488	0.875
6490	0.6666666666666666
6491	0.5
6494	0.5
6496	0.45161290322580644
6498	0.42857142857142855
6499	0.6
6512	0.16666666666666666
6516	0.8333333333333334
6519	0.3333333333333333
6520	0.6666666666666666
6521	0.5
6524	0.16666666666666666
6525	0.7142857142857143
6527	0.75
6529	0.0
6532	1.0
6534	0.6666666666666666
6535	1.0
6536	0.4
6537	0.6
6538	0.5
6539	0.875
6541	0.75
6542	1.0
6544	0.9166666666666666
6545	0.6666666666666666
6546	0.75
6547	0.2
6555	0.2857142857142857
6556	0.0
6557	1.0
6558	0.0
6559	1.0
6562	0.75
6564	0.6666666666666666
6566	0.5
6567	0.4
6570	0.6666666666666666
6571	1.0
6572	1.0
6573	1.0
6575	0.0
6579	0.8333333333333334
6580	0.2
6581	0.2857142857142857
6582	0.5
6583	0.2
6584	0.2
6585	0.2857142857142857
6586	0.875
6587	1.0
6588	0.75
6590	1.0
6595	0.0
6596	0.5714285714285714
6599	1.0
6601	0.4444444444444444
6602	0.14285714285714285
6604	0.0
6606	0.3333333333333333
6607	0.5
6609	1.0
6610	0.8333333333333334
6611	0.07692307692307693
6613	0.0
6615	0.0
6616	0.5
6617	0.4
6619	1.0
6620	0.5714285714285714
6621	0.75
6622	0.4
6629	0.0
6630	0.1
6637	0.6666666666666666
6642	1.0
6643	0.0
6645	0.2
6649	0.6666666666666666
6651	0.3333333333333333
6653	1.0
6654	0.8333333333333334
6656	1.0
6657	1.0
6658	0.8947368421052632
6659	0.6428571428571429
6660	0.625
6661	0.5
6663	0.3333333333333333
6667	0.375
6671	0.6
6673	0.5
6678	0.6666666666666666
6680	1.0
6684	0.0
6687	0.4
6689	0.7142857142857143
6690	0.4
6692	1.0
6693	0.8
6698	0.3333333333333333
6700	1.0
6701	1.0
6702	1.0
6703	0.7
6704	0.3333333333333333
6705	0.625
6708	0.625
6709	0.6428571428571429
6710	0.5
6711	1.0
6718	0.8
6723	0.75
6725	0.75
6726	1.0
6727	0.75
6728	0.5
6730	0.5
6732	0.0
6738	0.0
6739	0.6666666666666666
6740	0.8571428571428571
6741	0.8
6742	0.5
6743	0.0
6744	0.75
6747	1.0
6748	0.14285714285714285
6750	0.5
6751	1.0
6752	1.0
6753	0.9090909090909091
6754	1.0
6760	0.25
6764	1.0
6765	0.4482758620689655
6767	1.0
6769	0.7272727272727273
6770	0.7142857142857143
6771	0.25
6774	0.3333333333333333
6776	0.7
6779	0.0
6780	1.0
6781	0.5
6782	0.5
6784	0.75
6785	0.6666666666666666
6787	0.8571428571428571
6788	0.8571428571428571
6789	0.9230769230769231
6790	1.0
6791	1.0
6794	0.6666666666666666
6796	0.5833333333333334
6797	1.0
6798	0.3
6799	0.0
6800	0.23529411764705882
6807	1.0
6808	1.0
6809	0.6153846153846154
6811	0.5
6813	0.6666666666666666
6814	0.6666666666666666
6816	0.6666666666666666
6820	0.0
6821	1.0
6822	0.6666666666666666
6824	0.25
6826	0.75
6828	0.5
6829	0.16666666666666666
6830	0.6666666666666666
6834	0.5
6839	1.0
6841	0.5
6843	0.75
6844	1.0
6857	0.5
6859	0.3333333333333333
6862	0.6470588235294118
6865	0.6666666666666666
6866	0.6666666666666666
6867	1.0
6868	0.7777777777777778
6869	0.8571428571428571
6874	0.25
6875	1.0
6877	0.0
6882	0.75
6885	1.0
6886	1.0
6889	0.5
6890	0.125
6891	0.6666666666666666
6898	0.5
6899	1.0
6903	0.0
6905	0.375
6907	0.6
6908	0.0
6909	1.0
6910	0.5
6911	1.0
6913	0.0
6920	0.0
6924	0.0
6925	0.2777777777777778
6926	0.42857142857142855
6928	0.75
6935	0.4
6945	0.4444444444444444
6947	0.3333333333333333
6948	0.3333333333333333
6949	0.3333333333333333
6950	0.5
6951	0.5
6953	0.6
6954	0.6
6955	0.6
6956	1.0
6957	0.8333333333333334
6958	0.8333333333333334
6960	0.2
6961	0.4444444444444444
6967	0.6666666666666666
6972	1.0
6973	1.0
6975	0.75
6976	0.25
6978	0.0
6979	0.42857142857142855
6980	0.42857142857142855
6981	0.4
6982	1.0
6983	1.0
6984	0.75
6987	0.25
6988	0.8
6989	0.6666666666666666
6990	0.5
6991	0.4
6994	0.5
6995	0.8333333333333334
6996	0.3333333333333333
6997	1.0
6998	0.0
7000	0.6666666666666666
7005	0.0
7006	0.0
7012	0.0
7018	0.16666666666666666
7022	0.5
7025	0.14285714285714285
7036	0.6666666666666666
7037	0.2857142857142857
7039	0.5
7040	0.25
7041	0.25
7042	0.3333333333333333
7043	1.0
7049	0.0
7050	0.3333333333333333
7052	0.0
7053	1.0
7054	1.0
7057	0.6666666666666666
7058	1.0
7059	0.25
7064	1.0
7067	0.0
7068	0.25
7070	0.6666666666666666
7072	0.4
7074	0.5
7075	1.0
7076	0.5
7077	0.42857142857142855
7078	1.0
7085	0.5
7087	1.0
7088	1.0
7090	1.0
7091	0.6666666666666666
7093	0.75
7096	0.3125
7097	0.0
7098	1.0
7099	0.5
7103	0.75
7105	0.0
7109	1.0
7110	0.0
7111	0.4
7112	0.5
7115	0.0
7116	1.0
7118	0.0
7120	0.0
7124	0.0
7125	0.6666666666666666
7126	0.6666666666666666
7135	1.0
7137	1.0
7138	0.0
7148	0.625
7151	0.5
7153	0.5714285714285714
7154	0.0
7155	0.0
7166	1.0
7167	1.0
7171	0.5
7174	0.3333333333333333
7176	0.5
7177	0.0
7178	0.5
7179	0.5
7180	0.5
7181	0.5
7185	0.3333333333333333
7187	0.5
7188	0.0
7190	0.75
