1	0.0
2	0.0
3	0.25
4	0.3333333333333333
5	0.75
6	0.0
7	0.0
8	0.0
9	0.0
10	0.25
11	0.0
12	0.0
13	0.0
14	0.0
15	0.5
16	0.0
17	0.0
18	1.0
19	0.0
20	0.0
21	0.0
22	0.0
23	0.5
24	0.0
25	0.0
26	0.0
27	0.0
28	0.0
29	0.4166666666666667
30	0.0
31	0.0
32	0.0
33	0.0
34	0.4
35	0.0
36	0.5714285714285714
37	0.0
38	1.0
39	0.5
40	0.0
41	1.0
42	0.6666666666666666
43	0.0
44	0.25
45	0.0
46	0.0
47	0.0
48	0.0
49	0.2
50	0.0
51	0.0
52	0.0
53	0.3333333333333333
54	1.0
55	0.0
56	0.0
57	0.0
58	1.0
59	0.0
60	0.0
61	0.5
62	0.0
63	0.0
64	0.0
65	0.0
66	0.4444444444444444
67	0.0
68	0.0
69	0.2
70	0.0
71	0.0
72	0.0
73	0.0
74	0.0
75	0.0
76	0.0
77	0.0
78	0.0
79	0.0
80	0.0
81	0.5
82	0.0
83	0.6666666666666666
84	0.0
85	0.0
86	0.0
87	0.0
88	0.0
89	0.0
90	0.0
91	0.0
92	0.2
93	0.0
94	0.0
95	1.0
96	1.0
97	0.8333333333333334
98	0.0
99	0.0
100	1.0
101	0.0
102	0.16666666666666666
103	0.0
104	0.0
105	0.0
106	0.0
107	0.0
108	0.0
109	0.0
110	0.5
111	1.0
112	0.0
113	0.3333333333333333
114	0.0
115	0.6153846153846154
116	0.0
117	0.0
118	0.3333333333333333
119	0.3333333333333333
120	0.0
121	0.5
122	0.5
123	0.0
124	0.16666666666666666
125	0.5
126	0.0
127	0.0
128	0.3333333333333333
129	0.0
130	0.0
131	0.25
132	0.0
133	0.0
134	0.0
135	0.0
136	0.0
137	1.0
138	1.0
139	1.0
140	0.0
141	0.0
142	0.0
143	1.0
144	0.5
145	1.0
146	0.0
147	0.2
148	1.0
149	0.3333333333333333
150	NaN
151	NaN
152	0.5
153	0.0
154	NaN
155	0.0
156	0.3333333333333333
157	0.0
158	0.0
159	0.0
160	0.5
161	0.0
162	0.0
163	0.6
164	0.0
165	1.0
166	0.0
167	0.0
168	0.5
169	0.0
170	0.0
171	0.0
172	0.0
173	0.0
174	NaN
175	0.0
176	0.2222222222222222
177	0.0
178	0.14285714285714285
179	0.0
180	0.0
181	0.5
182	0.0
183	0.0
184	0.25
185	0.0
186	0.2
187	0.5
188	0.5
189	0.0
190	1.0
191	0.3333333333333333
192	0.0
193	0.0
194	0.0
195	0.0
196	0.0
197	0.0
198	0.2
199	0.0
200	0.0
201	0.0
202	0.0
203	0.0
204	0.5
205	0.0
206	0.5
207	0.3333333333333333
208	0.0
209	0.5
210	0.6
211	0.5
212	0.0
213	0.6666666666666666
214	0.5
215	0.0
216	0.0
217	0.0
218	0.25
219	0.0
220	0.0
221	0.0
222	NaN
223	0.0
224	0.0
225	0.0
226	0.5
227	0.0
228	NaN
229	0.0
230	0.0
231	1.0
232	0.0
233	0.0
234	NaN
235	0.0
236	0.25
237	0.3333333333333333
238	0.0
239	0.2
240	0.0
241	0.0
242	0.2
243	1.0
244	0.6666666666666666
245	0.0
246	0.0
247	0.0
248	0.3333333333333333
249	0.0
250	0.0
251	0.25
252	0.0
253	0.0
254	0.2222222222222222
255	1.0
256	0.2857142857142857
257	0.25
258	0.5
259	0.0
260	0.0
261	0.0
262	0.5
263	0.0
264	0.0
265	0.2
266	0.0
267	0.42857142857142855
268	1.0
269	0.875
270	0.0
271	0.0
272	0.0
273	0.0
274	0.0
275	0.0
276	0.14285714285714285
277	0.0
278	0.6666666666666666
279	0.5
280	0.5714285714285714
281	0.0
282	0.0
283	0.5
284	0.4
285	0.0
286	0.0
287	0.0
288	0.0
289	0.0
290	0.8
291	0.5
292	0.75
293	0.5
294	0.0
295	0.6666666666666666
296	0.7692307692307693
297	0.0
298	0.0
299	0.0
300	0.0
301	0.0
302	1.0
303	0.5
304	0.0
305	0.6666666666666666
306	0.14285714285714285
307	1.0
308	0.0
309	0.16666666666666666
310	0.0
311	0.0
312	0.0
313	0.0
314	0.0
315	0.0
316	0.5
317	0.0
318	0.0
319	0.0
320	0.0
321	0.0
322	0.0
323	0.0
324	0.5
325	0.0
326	0.0
327	0.0
328	0.0
329	0.4
330	0.0
331	0.0
332	0.0
333	0.6666666666666666
334	0.2
335	0.0
336	0.0
337	0.2857142857142857
338	0.0
339	1.0
340	0.0
341	0.0
342	0.5
343	0.4
344	0.3333333333333333
345	0.0
346	0.0
347	0.0
348	0.0
349	0.0
350	0.0
351	1.0
352	0.0
353	0.0
354	0.5
355	0.0
356	0.75
357	0.3333333333333333
358	0.75
359	0.75
360	0.2
361	0.0
362	0.6666666666666666
363	0.5
364	0.5
365	NaN
366	0.6666666666666666
367	0.0
368	0.0
369	0.4
370	0.0
371	0.0
372	1.0
373	1.0
374	0.5
375	1.0
376	0.0
377	1.0
378	0.0
379	0.0
380	0.0
381	0.0
382	NaN
383	0.0
384	0.0
385	0.0
386	1.0
387	0.0
388	1.0
389	0.5714285714285714
390	0.5
391	0.4
392	0.875
393	0.0
394	0.0
395	0.2857142857142857
396	0.0
397	0.3333333333333333
398	0.0
399	0.0
400	0.0
401	0.0
402	0.0
403	0.6
404	0.4
405	1.0
406	0.0
407	0.0
408	0.75
409	0.0
410	0.25
411	0.0
412	0.0
413	0.0
414	0.0
415	0.3333333333333333
416	0.0
417	0.75
418	0.0
419	0.0
420	0.0
421	0.3333333333333333
422	0.6666666666666666
423	0.25
424	0.0
425	0.0
426	0.6666666666666666
427	0.6666666666666666
428	0.0
429	0.5
430	0.0
431	0.5
432	0.0
433	0.0
434	1.0
435	0.0
436	0.0
437	0.5
438	0.0
439	0.0
440	0.6666666666666666
441	0.0
442	0.2
443	0.0
444	NaN
445	0.2
446	0.0
447	1.0
448	0.0
449	0.2727272727272727
450	0.0
451	0.0
452	0.0
453	0.0
454	0.0
455	0.0
456	0.0
457	0.0
458	0.0
459	0.25
460	0.0
461	0.3333333333333333
462	0.0
463	0.0
464	0.0
465	0.0
466	0.0
467	0.0
468	0.2
469	0.0
470	0.3333333333333333
471	0.42857142857142855
472	0.42857142857142855
473	0.0
474	0.3333333333333333
475	0.2222222222222222
476	0.5
477	0.0
478	0.4
479	0.3333333333333333
480	0.0
481	0.0
482	0.0
483	0.0
484	0.0
485	1.0
486	0.0
487	0.6
488	0.0
489	0.0
490	0.5
491	1.0
492	0.0
493	0.0
494	0.0
495	0.0
496	0.6
497	0.375
498	0.0
499	0.4
500	1.0
501	0.0
502	1.0
503	0.0
504	0.0
505	0.6666666666666666
506	0.3333333333333333
507	0.6
508	0.0
509	0.3333333333333333
510	0.25
511	0.0
512	0.0
513	0.0
514	0.0
515	0.0
516	0.0
517	0.0
518	0.0
519	0.6666666666666666
520	0.0
521	0.0
522	0.0
523	0.0
524	0.0
525	0.0
526	0.5
527	0.2
528	0.0
529	0.0
530	0.6
531	0.6666666666666666
532	0.0
533	0.0
534	0.0
535	0.0
536	0.0
537	0.0
538	0.75
539	0.6
540	0.0
541	0.0
542	0.0
543	0.0
544	1.0
545	0.6666666666666666
546	0.25
547	0.2
548	0.0
549	0.6666666666666666
550	0.3333333333333333
551	0.42857142857142855
552	0.0
553	0.75
554	0.5
555	0.75
556	0.16666666666666666
557	0.2
558	0.0
559	0.0
560	0.0
561	0.6
562	0.0
563	0.4
564	0.25
565	0.3333333333333333
566	1.0
567	0.5
568	0.3333333333333333
569	0.3333333333333333
570	0.5714285714285714
571	0.4
572	0.6666666666666666
573	0.75
574	1.0
575	0.25
576	0.6666666666666666
577	0.0
578	0.2
579	0.5
580	0.0
581	1.0
582	0.0
583	0.0
584	1.0
585	1.0
586	0.0
587	0.3333333333333333
588	0.0
589	0.0
590	0.0
591	0.0
592	0.0
593	0.0
594	0.0
595	0.0
596	0.0
597	0.0
598	0.0
599	0.0
600	0.0
601	0.0
602	1.0
603	0.0
604	0.5
605	0.0
606	0.3333333333333333
607	0.0
608	0.5
609	0.0
610	0.3333333333333333
611	0.6666666666666666
612	0.0
613	0.0
614	0.3333333333333333
615	0.0
616	1.0
617	0.0
618	0.0
619	0.5384615384615384
620	1.0
621	1.0
622	0.25
623	0.0
624	0.0
625	0.0
626	0.0
627	0.0
628	0.0
629	NaN
630	0.0
631	0.0
632	0.0
633	0.0
634	0.0
635	0.0
636	0.0
637	0.0
638	0.5
639	0.0
640	NaN
641	0.8333333333333334
642	0.0
643	0.0
644	0.0
645	0.5
646	0.0
647	0.0
648	1.0
649	0.4
650	0.6666666666666666
651	1.0
652	0.0
653	0.5454545454545454
654	0.0
655	0.0
656	0.0
657	0.0
658	0.0
659	0.0
660	1.0
661	0.0
662	0.0
663	1.0
664	0.6666666666666666
665	0.0
666	1.0
667	0.3333333333333333
668	0.0
669	0.0
670	0.3333333333333333
671	0.0
672	0.0
673	0.0
674	0.5
675	0.25
676	0.6666666666666666
677	0.0
678	0.0
679	0.0
680	0.0
681	0.5
682	1.0
683	0.0
684	0.0
685	0.0
686	1.0
687	0.0
688	0.0
689	0.0
690	0.0
691	1.0
692	0.5
693	0.0
694	1.0
695	0.0
696	0.0
697	0.0
698	0.0
699	0.5
700	0.3333333333333333
701	0.0
702	0.0
703	0.0
704	0.0
705	0.0
706	0.0
707	0.0
708	0.3333333333333333
709	1.0
710	0.5
711	0.3333333333333333
712	0.0
713	0.0
714	0.0
715	0.5
716	0.0
717	0.5
718	0.0
719	0.5
720	0.0
721	0.0
722	0.6666666666666666
723	0.0
724	0.0
725	0.0
726	0.0
727	0.0
728	0.0
729	0.0
730	0.0
731	0.0
732	0.0
733	0.0
734	1.0
735	0.0
736	0.0
737	0.0
738	0.0
739	0.0
740	0.25
741	0.0
742	1.0
743	0.5
744	NaN
745	0.0
746	0.0
747	0.0
748	0.3333333333333333
749	0.0
750	0.4
751	NaN
752	0.0
753	0.25
754	0.15384615384615385
755	0.3333333333333333
756	0.0
757	0.0
758	0.5
759	0.0
760	0.0
761	0.0
762	0.0
763	0.0
764	0.0
765	0.16666666666666666
766	0.3333333333333333
767	0.0
768	0.0
769	0.5
770	0.75
771	0.0
772	0.2
773	0.0
774	0.2
775	0.0
776	0.8333333333333334
777	0.0
778	1.0
779	1.0
780	0.0
781	0.0
782	0.0
783	0.0
784	0.0
785	0.0
786	1.0
787	0.4
788	0.0
789	0.0
790	0.25
791	0.6666666666666666
792	0.14285714285714285
793	0.0
794	1.0
795	0.5
796	1.0
797	0.0
798	0.8
799	0.0
800	1.0
801	0.5714285714285714
802	0.0
803	0.0
804	0.0
805	0.0
806	1.0
807	0.0
808	0.0
809	0.8
810	0.38461538461538464
811	0.0
812	1.0
813	0.0
814	0.0
815	0.0
816	0.0
817	0.0
818	1.0
819	1.0
820	0.0
821	0.0
822	0.0
823	0.0
824	0.0
825	0.0
826	0.0
827	0.0
828	0.0
829	0.0
830	0.0
831	0.0
832	0.2
833	0.75
834	0.0
835	1.0
836	0.0
837	0.0
838	0.0
839	0.8
840	0.0
841	0.0
842	0.0
843	0.6
844	0.0
845	0.0
846	0.0
847	0.0
848	0.6666666666666666
849	0.0
850	0.0
851	0.0
852	0.0
853	0.25
854	0.0
855	0.0
856	0.0
857	0.0
858	0.0
859	0.0
860	NaN
861	0.25
862	0.5
863	0.25
864	0.0
865	0.0
866	0.0
867	0.4444444444444444
868	0.7142857142857143
869	0.7142857142857143
870	0.7142857142857143
871	0.0
872	0.7142857142857143
873	0.3333333333333333
874	0.0
875	0.0
876	0.0
877	0.25
878	0.0
879	0.0
880	0.3333333333333333
881	0.0
882	0.0
883	0.4
884	0.5
885	1.0
886	0.0
887	0.0
888	0.0
889	0.3333333333333333
890	0.0
891	0.0
892	0.3333333333333333
893	0.6666666666666666
894	0.0
895	0.6666666666666666
896	0.8888888888888888
897	1.0
898	0.2
899	0.0
900	NaN
901	0.0
902	0.5
903	1.0
904	0.0
905	0.6666666666666666
906	0.0
907	0.3333333333333333
908	0.0
909	0.0
910	0.0
911	0.0
912	0.0
913	0.0
914	0.6666666666666666
915	1.0
916	0.0
917	0.0
918	0.0
919	0.0
920	0.0
921	0.4
922	NaN
923	0.0
924	0.0
925	0.5
926	0.0
927	0.0
928	1.0
929	0.0
930	0.0
931	0.0
932	0.3333333333333333
933	0.0
934	0.0
935	1.0
936	0.75
937	0.75
938	0.6666666666666666
939	0.0
940	0.0
941	0.75
942	0.0
943	0.6666666666666666
944	0.0
945	0.0
946	0.6666666666666666
947	0.5
948	0.0
949	0.5
950	0.0
951	0.0
952	0.0
953	0.0
954	0.5714285714285714
955	0.0
956	0.0
957	0.16666666666666666
958	0.0
959	0.0
960	0.16666666666666666
961	0.0
962	0.0
963	1.0
964	0.0
965	0.0
966	0.75
967	0.0
968	0.0
969	0.0
970	0.0
971	0.0
972	0.0
973	0.0
974	0.75
975	0.6
976	NaN
977	0.5
978	0.0
979	0.6666666666666666
980	0.0
981	0.0
982	0.6666666666666666
983	0.0
984	NaN
985	NaN
986	0.0
987	0.6666666666666666
988	0.0
989	0.0
990	0.8
991	0.0
992	0.8
993	0.0
994	0.0
995	0.5
996	0.5
997	0.0
998	1.0
999	0.0
1000	0.6
1001	0.0
1002	0.6666666666666666
1003	0.3333333333333333
1004	0.5
1005	0.0
1006	0.0
1007	0.0
1008	0.75
1009	0.0
1010	0.3333333333333333
1011	0.5
1012	0.0
1013	1.0
1014	0.0
1015	0.0
1016	0.5
1017	0.0
1018	0.0
1019	0.0
1020	0.0
1021	0.0
1022	0.5
1023	0.0
1024	0.0
1025	0.0
1026	0.0
1027	0.6
1028	0.4
1029	0.3333333333333333
1030	0.6666666666666666
1031	0.0
1032	0.0
1033	0.3333333333333333
1034	0.0
1035	0.0
1036	0.0
1037	0.5
1038	0.0
1039	0.6666666666666666
1040	0.0
1041	0.5714285714285714
1042	1.0
1043	0.0
1044	1.0
1045	1.0
1046	NaN
1047	0.0
1048	0.3333333333333333
1049	0.0
1050	0.4444444444444444
1051	0.0
1052	0.3333333333333333
1053	0.75
1054	0.4
1055	0.125
1056	0.6
1057	0.6666666666666666
1058	0.0
1059	0.0
1060	0.0
1061	0.0
1062	0.0
1063	NaN
1064	0.0
1065	1.0
1066	0.4
1067	0.0
1068	NaN
1069	0.0
1070	1.0
1071	1.0
1072	0.6
1073	0.0
1074	0.0
1075	0.0
1076	0.0
1077	0.0
1078	0.0
1079	0.0
1080	0.0
1081	0.0
1082	1.0
1083	0.0
1084	0.0
1085	0.1111111111111111
1086	0.0
1087	0.3333333333333333
1088	0.6666666666666666
1089	0.0
1090	0.0
1091	0.6666666666666666
1092	0.0
1093	0.0
1094	0.0
1095	0.0
1096	0.0
1097	0.0
1098	0.4
1099	0.3333333333333333
1100	0.5
1101	0.0
1102	0.25
1103	0.4444444444444444
1104	0.0
1105	1.0
1106	0.0
1107	1.0
1108	0.0
1109	0.5
1110	0.0
1111	0.14285714285714285
1112	0.0
1113	0.7142857142857143
1114	0.3333333333333333
1115	0.5
1116	0.0
1117	1.0
1118	0.0
1119	0.0
1120	0.5
1121	0.0
1122	0.0
1123	0.16666666666666666
1124	0.18181818181818182
1125	0.0
1126	0.0
1127	0.0
1128	0.0
1129	0.0
1130	0.75
1131	0.0
1132	0.5
1133	0.5
1134	0.0
1135	0.0
1136	0.0
1137	NaN
1138	0.45454545454545453
1139	0.0
1140	0.3333333333333333
1141	0.0
1142	0.0
1143	0.0
1144	0.0
1145	0.6666666666666666
1146	0.3333333333333333
1147	0.0
1148	0.0
1149	0.0
1150	0.0
1151	0.0
1152	0.0
1153	0.35714285714285715
1154	0.5
1155	0.0
1156	0.0
1157	0.0
1158	0.0
1159	0.0
1160	0.0
1161	0.0
1162	NaN
1163	0.0
1164	0.3
1165	0.6666666666666666
1166	0.6666666666666666
1167	0.0
1168	0.0
1169	1.0
1170	0.0
1171	0.5
1172	1.0
1173	0.0
1174	0.6666666666666666
1175	0.0
1176	0.6666666666666666
1177	0.0
1178	NaN
1179	0.0
1180	0.0
1181	0.5
1182	0.8
1183	0.0
1184	0.0
1185	0.0
1186	0.0
1187	0.4
1188	0.0
1189	0.3333333333333333
1190	0.6
1191	0.6666666666666666
1192	0.3333333333333333
1193	0.0
1194	0.0
1195	0.3333333333333333
1196	0.0
1197	0.0
1198	0.15789473684210525
1199	0.5
1200	0.0
1201	0.2
1202	1.0
1203	0.0
1204	0.2
1205	0.0
1206	0.0
1207	0.0
1208	0.3333333333333333
1209	0.0
1210	0.875
1211	0.0
1212	1.0
1213	0.0
1214	1.0
1215	0.75
1216	1.0
1217	0.0
1218	0.0
1219	0.0
1220	0.0
1221	0.0
1222	0.0
1223	0.3333333333333333
1224	0.0
1225	1.0
1226	0.0
1227	0.0
1228	0.0
1229	1.0
1230	0.0
1231	0.4
1232	0.6
1233	0.0
1234	0.5
1235	0.4
1236	0.25
1237	0.0
1238	0.0
1239	0.0
1240	0.0
1241	0.0
1242	0.0
1243	0.0
1244	0.0
1245	0.0
1246	0.0
1247	0.0
1248	0.125
1249	0.0
1250	0.0
1251	0.0
1252	0.0
1253	0.0
1254	0.0
1255	0.0
1256	1.0
1257	0.0
1258	0.0
1259	0.0
1260	1.0
1261	0.0
1262	0.0
1263	0.0
1264	NaN
1265	0.0
1266	0.0
1267	0.0
1268	0.0
1269	0.0
1270	0.0
1271	0.25
1272	0.4
1273	0.0
1274	0.0
1275	0.8
1276	0.0
1277	0.5
1278	1.0
1279	0.0
1280	0.6666666666666666
1281	0.0
1282	0.0
1283	0.0
1284	0.0
1285	0.0
1286	0.0
1287	0.0
1288	0.0
1289	0.0
1290	0.0
1291	0.0
1292	0.8571428571428571
1293	0.8
1294	0.25
1295	0.0
1296	0.6666666666666666
1297	0.0
1298	0.0
1299	0.4
1300	0.3333333333333333
1301	0.0
1302	0.0
1303	0.6666666666666666
1304	0.0
1305	0.0
1306	0.25
1307	0.0
1308	0.3333333333333333
1309	0.0
1310	0.0
1311	0.0
1312	0.0
1313	0.3333333333333333
1314	0.5714285714285714
1315	0.0
1316	0.5
1317	0.25
1318	0.0
1319	0.5
1320	0.5454545454545454
1321	0.0
1322	0.6666666666666666
1323	0.0
1324	0.5
1325	0.0
1326	0.0
1327	0.5
1328	1.0
1329	0.0
1330	0.0
1331	0.0
1332	0.0
1333	0.0
1334	0.0
1335	0.0
1336	0.0
1337	0.0
1338	0.0
1339	0.75
1340	0.0
1341	1.0
1342	0.4
1343	0.0
1344	0.0
1345	0.0
1346	0.0
1347	0.0
1348	0.0
1349	0.0
1350	1.0
1351	0.0
1352	0.25
1353	0.125
1354	0.0
1355	0.0
1356	NaN
1357	0.5714285714285714
1358	0.42857142857142855
1359	0.0
1360	NaN
1361	0.25
1362	0.0
1363	0.5
1364	0.0
1365	0.42857142857142855
1366	0.0
1367	0.0
1368	0.0
1369	0.0
1370	0.875
1371	0.0
1372	0.375
1373	0.0
1374	1.0
1375	0.0
1376	0.0
1377	0.0
1378	0.0
1379	0.0
1380	0.0
1381	0.0
1382	1.0
1383	0.0
1384	0.5
1385	0.0
1386	0.0
1387	0.7857142857142857
1388	0.0
1389	0.0
1390	0.0
1391	0.0
1392	0.2
1393	0.0
1394	0.0
1395	0.0
1396	0.0
1397	0.0
1398	0.25
1399	0.3333333333333333
1400	0.0
1401	0.3333333333333333
1402	0.0
1403	0.0
1404	0.0
1405	0.0
1406	0.75
1407	0.5
1408	1.0
1409	0.0
1410	0.0
1411	0.0
1412	0.0
1413	1.0
1414	0.0
1415	1.0
1416	0.0
1417	0.0
1418	0.0
1419	0.0
1420	0.0
1421	0.0
1422	0.0
1423	0.0
1424	0.0
1425	1.0
1426	0.0
1427	0.2857142857142857
1428	0.0
1429	0.0
1430	0.2
1431	1.0
1432	0.4
1433	0.6666666666666666
1434	0.0
1435	1.0
1436	0.5
1437	0.0
1438	0.3333333333333333
1439	0.3333333333333333
1440	0.6
1441	0.2
1442	1.0
1443	0.2631578947368421
1444	0.0
1445	0.5
1446	1.0
1447	0.42857142857142855
1448	0.3333333333333333
1449	0.3333333333333333
1450	0.0
1451	0.0
1452	0.0
1453	0.0
1454	0.0
1455	0.0
1456	1.0
1457	0.6666666666666666
1458	0.0
1459	1.0
1460	0.125
1461	0.0
1462	0.0
1463	0.0
1464	0.6
1465	0.0
1466	0.3333333333333333
1467	0.0
1468	0.5
1469	0.0
1470	0.5
1471	0.3333333333333333
1472	0.3333333333333333
1473	0.3333333333333333
1474	0.0
1475	0.0
1476	0.0
1477	0.0
1478	0.0
1479	0.0
1480	0.3333333333333333
1481	NaN
1482	0.0
1483	0.0
1484	0.0
1485	0.8571428571428571
1486	0.0
1487	0.0
1488	0.75
1489	0.0
1490	0.0
1491	0.0
1492	0.0
1493	0.3333333333333333
1494	0.14285714285714285
1495	0.0
1496	0.0
1497	NaN
1498	1.0
1499	0.0
1500	0.0
1501	0.0
1502	0.0
1503	NaN
1504	0.0
1505	1.0
1506	0.0
1507	0.0
1508	0.0
1509	0.0
1510	0.5
1511	0.0
1512	0.5
1513	0.0
1514	0.0
1515	0.25
1516	0.0
1517	0.0
1518	0.0
1519	0.0
1520	0.0
1521	0.0
1522	0.5
1523	0.0
1524	1.0
1525	0.0
1526	0.0
1527	0.0
1528	0.16666666666666666
1529	1.0
1530	0.0
1531	0.42857142857142855
1532	0.0
1533	1.0
1534	1.0
1535	0.0
1536	0.0
1537	0.0
1538	0.0
1539	1.0
1540	0.6
1541	0.0
1542	0.0
1543	0.0
1544	0.25
1545	0.5
1546	0.0
1547	0.0
1548	0.0
1549	0.0
1550	0.0
1551	0.6
1552	NaN
1553	0.0
1554	0.75
1555	0.0
1556	1.0
1557	0.0
1558	0.0
1559	0.8571428571428571
1560	0.6666666666666666
1561	0.4
1562	0.6666666666666666
1563	1.0
1564	0.3333333333333333
1565	0.75
1566	0.0
1567	0.5
1568	0.0
1569	0.0
1570	0.0
1571	0.75
1572	0.0
1573	0.2857142857142857
1574	1.0
1575	0.0
1576	0.4
1577	0.8333333333333334
1578	0.3333333333333333
1579	0.4
1580	1.0
1581	0.0
1582	0.0
1583	0.0
1584	0.625
1585	0.75
1586	0.0
1587	0.0
1588	0.0
1589	0.0
1590	0.5
1591	0.0
1592	0.0
1593	0.0
1594	0.0
1595	0.5
1596	0.0
1597	0.0
1598	NaN
1599	NaN
1600	0.0
1601	0.8571428571428571
1602	0.8333333333333334
1603	0.75
1604	0.0
1605	0.0
1606	0.0
1607	0.5
1608	0.0
1609	0.0
1610	0.0
1611	0.0
1612	0.0
1613	0.25
1614	0.0
1615	0.3333333333333333
1616	0.0
1617	0.0
1618	0.0
1619	0.0
1620	1.0
1621	0.0
1622	0.5714285714285714
1623	1.0
1624	0.6
1625	1.0
1626	0.0
1627	1.0
1628	1.0
1629	0.0
1630	0.16666666666666666
1631	0.0
1632	0.0
1633	0.25
1634	0.0
1635	0.0
1636	0.0
1637	0.0
1638	0.0
1639	0.0
1640	0.3333333333333333
1641	0.6
1642	0.0
1643	0.0
1644	0.0
1645	0.0
1646	0.3333333333333333
1647	0.0
1648	0.0
1649	0.6666666666666666
1650	0.6
1651	0.0
1652	0.9
1653	0.0
1654	0.75
1655	0.25
1656	0.0
1657	0.0
1658	0.0
1659	0.0
1660	0.0
1661	0.0
1662	0.0
1663	0.6666666666666666
1664	0.0
1665	1.0
1666	0.0
1667	0.42857142857142855
1668	1.0
1669	0.5
1670	0.0
1671	0.0
1672	0.0
1673	0.0
1674	0.0
1675	0.0
1676	0.0
1677	0.0
1678	0.0
1679	0.0
1680	0.0
1681	0.0
1682	0.0
1683	0.75
1684	0.0
1685	0.0
1686	0.5
1687	0.5
1688	0.0
1689	0.2
1690	0.0
1691	NaN
1692	0.0
1693	0.3333333333333333
1694	0.0
1695	0.0
1696	0.0
1697	0.0
1698	0.0
1699	0.0
1700	0.5
1701	0.5
1702	0.0
1703	0.0
1704	0.0
1705	0.0
1706	0.5384615384615384
1707	0.0
1708	0.0
1709	0.0
1710	0.0
1711	0.4
1712	0.0
1713	0.0
1714	0.0
1715	0.0
1716	0.0
1717	0.0
1718	0.0
1719	0.0
1720	0.0
1721	0.0
1722	0.8333333333333334
1723	0.0
1724	0.0
1725	0.0
1726	0.5
1727	0.0
1728	0.6
1729	0.5
1730	NaN
1731	0.75
1732	0.0
1733	0.0
1734	1.0
1735	1.0
1736	1.0
1737	0.0
1738	0.5
1739	1.0
1740	0.3333333333333333
1741	0.6
1742	0.0
1743	0.3333333333333333
1744	0.0
1745	0.5
1746	0.5
1747	0.6666666666666666
1748	0.6666666666666666
1749	0.75
1750	0.4166666666666667
1751	0.4666666666666667
1752	0.0
1753	0.0
1754	0.4
1755	0.0
1756	0.0
1757	0.25
1758	0.6666666666666666
1759	0.0
1760	0.0
1761	0.0
1762	0.0
1763	0.0
1764	0.0
1765	0.2
1766	0.0
1767	0.75
1768	0.8
1769	0.0
1770	0.0
1771	0.8333333333333334
1772	0.6666666666666666
1773	0.4
1774	0.0
1775	0.6666666666666666
1776	0.0
1777	0.0
1778	1.0
1779	0.0
1780	0.5
1781	0.0
1782	1.0
1783	0.0
1784	0.2
1785	1.0
1786	0.0
1787	0.0
1788	0.0
1789	0.5
1790	0.4
1791	0.0
1792	0.0
1793	0.0
1794	0.6
1795	0.0
1796	0.6363636363636364
1797	0.0
1798	0.0
1799	0.6666666666666666
1800	0.5
1801	0.0
1802	0.0
1803	0.2222222222222222
1804	1.0
1805	0.0
1806	0.8
1807	1.0
1808	0.8333333333333334
1809	0.0
1810	0.6
1811	1.0
1812	0.25
1813	0.2857142857142857
1814	0.3333333333333333
1815	0.0
1816	0.0
1817	0.0
1818	0.0
1819	0.0
1820	0.0
1821	0.0
1822	0.0
1823	0.0
1824	0.0
1825	0.0
1826	0.6666666666666666
1827	0.0
1828	0.2
1829	0.0
1830	0.0
1831	0.5
1832	0.3333333333333333
1833	1.0
1834	0.0
1835	0.8
1836	0.0
1837	0.0
1838	0.375
1839	0.8
1840	0.0
1841	0.0
1842	0.0
1843	0.0
1844	0.0
1845	0.5
1846	0.0
1847	0.0
1848	0.42857142857142855
1849	0.0
1850	0.0
1851	0.4
1852	0.0
1853	0.0
1854	0.6666666666666666
1855	0.0
1856	0.0
1857	0.0
1858	0.5
1859	1.0
1860	0.3333333333333333
1861	0.0
1862	0.3333333333333333
1863	0.3333333333333333
1864	1.0
1865	0.0
1866	0.0
1867	1.0
1868	0.6666666666666666
1869	0.14285714285714285
1870	0.75
1871	0.0
1872	0.0
1873	0.5
1874	0.6666666666666666
1875	0.0
1876	0.0
1877	0.4
1878	0.25
1879	0.25
1880	0.0
1881	0.0
1882	0.0
1883	0.75
1884	0.5
1885	NaN
1886	0.5
1887	0.5
1888	0.0
1889	0.5
1890	0.0
1891	0.0
1892	1.0
1893	0.0
1894	1.0
1895	1.0
1896	0.0
1897	1.0
1898	0.0
1899	0.0
1900	0.0
1901	0.0
1902	0.0
1903	0.0
1904	0.0
1905	0.0
1906	0.0
1907	0.0
1908	1.0
1909	0.0
1910	0.4
1911	0.0
1912	0.0
1913	0.0
1914	0.25
1915	0.0
1916	0.0
1917	0.6
1918	0.0
1919	NaN
1920	NaN
1921	0.6
1922	0.0
1923	0.0
1924	0.6875
1925	0.0
1926	0.5
1927	0.4
1928	0.0
1929	0.0
1930	0.3333333333333333
1931	0.0
1932	0.0
1933	0.2
1934	0.0
1935	0.0
1936	0.0
1937	0.75
1938	0.6875
1939	1.0
1940	0.25
1941	0.0
1942	0.0
1943	0.6470588235294118
1944	0.0
1945	0.6875
1946	0.0
1947	0.0
1948	0.0
1949	0.0
1950	0.0
1951	0.0
1952	0.0
1953	0.0
1954	0.5
1955	0.0
1956	0.0
1957	0.0
1958	0.25
1959	0.5
1960	0.3333333333333333
1961	0.75
1962	0.0
1963	0.0
1964	0.3333333333333333
1965	0.2
1966	0.0
1967	0.0
1968	0.0
1969	0.3333333333333333
1970	0.0
1971	0.8333333333333334
1972	0.0
1973	0.0
1974	0.6
1975	NaN
1976	0.0
1977	0.0
1978	0.5
1979	0.0
1980	0.0
1981	0.0
1982	0.5555555555555556
1983	0.5
1984	0.0
1985	0.0
1986	0.7777777777777778
1987	0.0
1988	0.4
1989	0.5714285714285714
1990	0.3333333333333333
1991	0.25
1992	0.5
1993	0.0
1994	0.0
1995	0.0
1996	0.5
1997	0.0
1998	0.6666666666666666
1999	0.0
2000	NaN
2001	0.3333333333333333
2002	0.0
2003	0.3333333333333333
2004	0.0
2005	0.0
2006	0.0
2007	0.6
2008	0.0
2009	0.0
2010	0.0
2011	0.0
2012	0.0
2013	1.0
2014	0.5
2015	NaN
2016	0.0
2017	0.3333333333333333
2018	0.0
2019	0.0
2020	0.0
2021	0.0
2022	0.0
2023	0.0
2024	0.25
2025	0.3333333333333333
2026	0.25
2027	0.6666666666666666
2028	0.5
2029	0.0
2030	0.25
2031	0.0
2032	0.0
2033	0.0
2034	0.0
2035	0.0
2036	0.5
2037	0.4
2038	1.0
2039	0.0
2040	0.0
2041	0.4
2042	0.0
2043	0.0
2044	0.0
2045	0.0
2046	0.0
2047	0.0
2048	0.0
2049	1.0
2050	1.0
2051	0.0
2052	0.0
2053	1.0
2054	0.0
2055	0.2857142857142857
2056	1.0
2057	0.0
2058	0.0
2059	0.3333333333333333
2060	0.3333333333333333
2061	0.2
2062	1.0
2063	1.0
2064	0.0
2065	0.3333333333333333
2066	0.0
2067	0.0
2068	0.5
2069	0.6666666666666666
2070	0.0
2071	0.0
2072	0.0
2073	0.0
2074	0.0
2075	0.0
2076	0.0
2077	0.0
2078	0.6
2079	0.0
2080	0.0
2081	0.75
2082	0.0
2083	0.0
2084	0.0
2085	0.5
2086	0.0
2087	1.0
2088	0.0
2089	0.3333333333333333
2090	0.0
2091	0.0
2092	0.0
2093	1.0
2094	0.0
2095	0.5384615384615384
2096	1.0
2097	0.0
2098	0.0
2099	0.0
2100	0.0
2101	0.0
2102	0.3333333333333333
2103	0.0
2104	1.0
2105	0.5
2106	0.3333333333333333
2107	0.0
2108	0.6666666666666666
2109	0.0
2110	0.75
2111	0.0
2112	0.5
2113	0.0
2114	0.6
2115	0.3333333333333333
2116	0.0
2117	0.0
2118	0.5
2119	0.4
2120	0.0
2121	0.0
2122	1.0
2123	0.0
2124	0.0
2125	0.0
2126	0.25
2127	0.0
2128	0.0
2129	0.0
2130	0.0
2131	0.0
2132	0.0
2133	1.0
2134	0.3333333333333333
2135	0.0
2136	0.0
2137	1.0
2138	0.0
2139	0.2857142857142857
2140	0.3333333333333333
2141	0.0
2142	0.0
2143	0.3333333333333333
2144	0.0
2145	0.2
2146	0.0
2147	0.4
2148	0.0
2149	0.0
2150	0.3333333333333333
2151	0.0
2152	0.0
2153	0.0
2154	0.0
2155	0.0
2156	0.8
2157	0.0
2158	0.3333333333333333
2159	0.25
2160	0.0
2161	0.0
2162	0.0
2163	0.0
2164	0.0
2165	0.0
2166	0.7
2167	0.0
2168	0.0
2169	0.5
2170	0.5
2171	0.0
2172	0.0
2173	0.0
2174	0.0
2175	0.0
2176	0.0
2177	0.0
2178	0.0
2179	0.0
2180	0.0
2181	0.0
2182	1.0
2183	0.0
2184	0.2
2185	0.0
2186	0.5
2187	0.6666666666666666
2188	0.3333333333333333
2189	0.5
2190	0.5
2191	0.3333333333333333
2192	0.0
2193	0.0
2194	0.5
2195	0.0
2196	0.0
2197	0.0
2198	0.25
2199	0.6
2200	0.3333333333333333
2201	0.0
2202	0.0
2203	0.0
2204	0.0
2205	0.0
2206	0.4
2207	0.3333333333333333
2208	0.0
2209	0.0
2210	0.0
2211	0.0
2212	0.5
2213	0.0
2214	0.0
2215	0.6666666666666666
2216	NaN
2217	1.0
2218	1.0
2219	0.5
2220	0.0
2221	0.0
2222	0.0
2223	0.0
2224	0.2
2225	0.5454545454545454
2226	0.0
2227	0.0
2228	0.25
2229	0.0
2230	0.0
2231	0.0
2232	0.6666666666666666
2233	0.3333333333333333
2234	0.0
2235	1.0
2236	0.5
2237	0.4444444444444444
2238	0.0
2239	0.0
2240	0.3333333333333333
2241	0.14285714285714285
2242	0.0
2243	0.0
2244	0.0
2245	0.5714285714285714
2246	0.3333333333333333
2247	1.0
2248	0.0
2249	1.0
2250	0.5
2251	0.25
2252	0.0
2253	0.5
2254	1.0
2255	0.0
2256	0.6363636363636364
2257	0.2
2258	1.0
2259	0.0
2260	0.0
2261	0.0
2262	0.3333333333333333
2263	0.0
2264	1.0
2265	NaN
2266	0.0
2267	0.5
2268	0.0
2269	NaN
2270	0.0
2271	1.0
2272	0.0
2273	0.0
2274	0.0
2275	NaN
2276	0.0
2277	0.5714285714285714
2278	0.5
2279	0.3333333333333333
2280	0.5714285714285714
2281	0.75
2282	0.2
2283	0.25
2284	0.2
2285	0.3333333333333333
2286	0.38461538461538464
2287	0.75
2288	0.5
2289	0.2
2290	0.0
2291	0.0
2292	0.5
2293	0.0
2294	0.0
2295	0.0
2296	0.0
2297	0.0
2298	0.0
2299	0.0
2300	0.0
2301	0.0
2302	0.4
2303	0.25
2304	0.0
2305	0.0
2306	0.5
2307	0.0
2308	0.0
2309	0.0
2310	0.25
2311	0.0
2312	0.5
2313	0.3333333333333333
2314	0.0
2315	0.5
2316	0.2857142857142857
2317	1.0
2318	0.0
2319	1.0
2320	0.0
2321	0.0
2322	0.0
2323	1.0
2324	0.75
2325	0.0
2326	0.0
2327	0.0
2328	0.0
2329	0.0
2330	0.0
2331	0.0
2332	0.0
2333	0.4
2334	1.0
2335	0.0
2336	1.0
2337	0.0
2338	0.2857142857142857
2339	0.0
2340	0.0
2341	0.5
2342	0.0
2343	0.0
2344	0.0
2345	0.0
2346	0.6666666666666666
2347	0.75
2348	0.0
2349	1.0
2350	0.0
2351	0.3333333333333333
2352	0.875
2353	0.5
2354	0.5
2355	0.6666666666666666
2356	1.0
2357	0.0
2358	0.0
2359	0.8
2360	1.0
2361	0.0
2362	0.0
2363	0.0
2364	0.0
2365	0.0
2366	0.16666666666666666
2367	0.0
2368	0.7142857142857143
2369	0.5714285714285714
2370	0.0
2371	0.6666666666666666
2372	0.5
2373	0.7777777777777778
2374	1.0
2375	0.6666666666666666
2376	0.0
2377	0.0
2378	0.5
2379	0.75
2380	0.0
2381	0.0
2382	0.0
2383	0.0
2384	0.0
2385	0.0
2386	0.0
2387	0.3333333333333333
2388	0.0
2389	0.5
2390	0.5
2391	0.0
2392	0.0
2393	0.8
2394	0.0
2395	0.0
2396	0.0
2397	0.75
2398	0.8333333333333334
2399	0.0
2400	0.0
2401	0.6666666666666666
2402	0.0
2403	0.125
2404	0.3333333333333333
2405	0.0
2406	1.0
2407	0.0
2408	0.0
2409	0.5
2410	0.6666666666666666
2411	0.0
2412	0.0
2413	1.0
2414	0.0
2415	0.25
2416	0.5
2417	0.6
2418	1.0
2419	0.2857142857142857
2420	0.0
2421	0.0
2422	0.0
2423	0.0
2424	0.5
2425	1.0
2426	0.3333333333333333
2427	1.0
2428	0.0
2429	1.0
2430	0.0
2431	0.0
2432	0.0
2433	0.0
2434	NaN
2435	1.0
2436	1.0
2437	0.0
2438	0.0
2439	0.0
2440	0.0
2441	0.5
2442	NaN
2443	1.0
2444	0.0
2445	0.4
2446	0.6666666666666666
2447	0.4
2448	0.5
2449	0.0
2450	0.0
2451	0.0
2452	NaN
2453	0.0
2454	0.5
2455	0.0
2456	1.0
2457	0.25
2458	0.0
2459	0.5
2460	0.0
2461	0.0
2462	0.5714285714285714
2463	0.0
2464	0.0
2465	0.4
2466	0.0
2467	0.0
2468	0.75
2469	0.8333333333333334
2470	1.0
2471	0.0
2472	0.0
2473	0.0
2474	0.0
2475	NaN
2476	0.0
2477	0.14285714285714285
2478	0.0
2479	0.0
2480	0.14285714285714285
2481	1.0
2482	1.0
2483	0.6
2484	0.0
2485	0.0
2486	0.5
2487	0.0
2488	0.0
2489	0.6428571428571429
2490	0.5
2491	0.6
2492	0.5
2493	0.0
2494	0.0
2495	0.0
2496	0.0
2497	1.0
2498	0.4
2499	0.0
2500	0.0
2501	0.0
2502	0.0
2503	1.0
2504	0.0
2505	0.0
2506	0.0
2507	0.0
2508	0.0
2509	0.3333333333333333
2510	0.375
2511	0.3333333333333333
2512	1.0
2513	0.0
2514	0.6
2515	0.0
2516	0.3333333333333333
2517	0.5
2518	0.0
2519	0.5
2520	0.0
2521	1.0
2522	0.0
2523	0.5
2524	0.0
2525	0.0
2526	0.25
2527	0.0
2528	0.0
2529	0.0
2530	0.0
2531	0.0
2532	0.0
2533	0.2
2534	0.0
2535	0.0
2536	0.0
2537	0.25
2538	NaN
2539	0.0
2540	0.5
2541	0.2
2542	0.0
2543	0.6666666666666666
2544	0.0
2545	0.0
2546	0.0
2547	0.0
2548	1.0
2549	0.0
2550	0.75
2551	0.0
2552	0.0
2553	0.25
2554	0.8
2555	0.8571428571428571
2556	0.0
2557	0.5714285714285714
2558	0.0
2559	0.0
2560	0.0
2561	0.0
2562	0.5555555555555556
2563	0.2
2564	0.6
2565	0.5
2566	0.0
2567	0.75
2568	1.0
2569	0.0
2570	0.0
2571	0.0
2572	0.0
2573	0.0
2574	0.0
2575	0.0
2576	0.0
2577	0.5
2578	0.0
2579	1.0
2580	NaN
2581	0.5
2582	0.3333333333333333
2583	NaN
2584	0.0
2585	0.8333333333333334
2586	0.2
2587	0.6666666666666666
2588	0.0
2589	0.0
2590	0.5
2591	0.0
2592	0.7142857142857143
2593	0.4444444444444444
2594	0.8
2595	0.0
2596	0.0
2597	0.0
2598	0.0
2599	0.0
2600	0.14285714285714285
2601	0.0
2602	0.0
2603	0.0
2604	0.0
2605	0.0
2606	1.0
2607	0.0
2608	0.0
2609	0.4
2610	0.0
2611	0.8
2612	0.75
2613	1.0
2614	0.0
2615	1.0
2616	0.0
2617	1.0
2618	0.0
2619	0.4444444444444444
2620	0.0
2621	0.0
2622	0.0
2623	1.0
2624	0.6666666666666666
2625	0.0
2626	0.0
2627	0.0
2628	0.0
2629	0.5
2630	0.0
2631	0.2857142857142857
2632	0.0
2633	0.0
2634	0.25
2635	0.4
2636	0.0
2637	0.6666666666666666
2638	0.6666666666666666
2639	0.0
2640	0.3333333333333333
2641	0.5
2642	0.0
2643	0.0
2644	0.0
2645	0.0
2646	1.0
2647	0.0
2648	0.0
2649	0.0
2650	0.4
2651	0.4
2652	0.0
2653	0.0
2654	0.0
2655	0.0
2656	0.0
2657	0.0
2658	0.6
2659	0.0
2660	0.0
2661	0.0
2662	0.0
2663	0.0
2664	0.4444444444444444
2665	0.5
2666	0.25
2667	0.0
2668	1.0
2669	0.0
2670	0.0
2671	0.0
2672	0.3333333333333333
2673	0.0
2674	0.42857142857142855
2675	1.0
2676	1.0
2677	0.2222222222222222
2678	0.0
2679	1.0
2680	0.0
2681	0.42857142857142855
2682	0.0
2683	0.0
2684	0.0
2685	0.0
2686	0.0
2687	0.0
2688	0.1111111111111111
2689	1.0
2690	0.09090909090909091
2691	0.0
2692	0.0
2693	0.25
2694	0.25
2695	0.5
2696	0.6666666666666666
2697	0.6
2698	0.0
2699	0.4444444444444444
2700	0.0
2701	0.5
2702	0.0
2703	1.0
2704	0.0
2705	0.0
2706	0.6666666666666666
2707	0.3333333333333333
2708	0.0
2709	0.8333333333333334
2710	0.2222222222222222
2711	0.7
2712	1.0
2713	0.0
2714	0.0
2715	0.0
2716	0.5
2717	0.0
2718	0.0
2719	0.6666666666666666
2720	0.0
2721	0.0
2722	0.0
2723	0.5
2724	0.0
2725	0.0
2726	0.8
2727	0.0
2728	0.0
2729	0.5
2730	0.0
2731	0.5
2732	1.0
2733	0.0
2734	1.0
2735	0.5
2736	0.0
2737	0.0
2738	0.0
2739	0.3333333333333333
2740	0.4
2741	0.0
2742	0.0
2743	0.125
2744	0.0
2745	0.3333333333333333
2746	NaN
2747	1.0
2748	0.5
2749	0.0
2750	0.0
2751	0.0
2752	0.0
2753	0.5
2754	0.375
2755	0.0
2756	0.0
2757	0.0
2758	0.5
2759	0.6666666666666666
2760	0.0
2761	0.6
2762	0.45454545454545453
2763	0.0
2764	0.0
2765	0.0
2766	0.0
2767	0.0
2768	0.0
2769	0.0
2770	0.0
2771	0.0
2772	0.0
2773	1.0
2774	0.0
2775	0.0
2776	0.0
2777	0.6666666666666666
2778	0.5
2779	0.25
2780	0.0
2781	0.5
2782	1.0
2783	0.6666666666666666
2784	0.0
2785	NaN
2786	0.3333333333333333
2787	0.0
2788	0.5
2789	0.0
2790	0.0
2791	0.5
2792	0.0
2793	0.0
2794	0.6666666666666666
2795	0.0
2796	1.0
2797	0.875
2798	0.0
2799	0.0
2800	0.0
2801	0.0
2802	0.0
2803	1.0
2804	0.0
2805	1.0
2806	1.0
2807	1.0
2808	0.75
2809	0.0
2810	0.2
2811	0.375
2812	0.0
2813	0.0
2814	0.0
2815	0.0
2816	0.6666666666666666
2817	0.0
2818	0.0
2819	0.0
2820	0.7142857142857143
2821	0.875
2822	NaN
2823	0.5
2824	0.0
2825	NaN
2826	0.0
2827	0.6666666666666666
2828	0.75
2829	0.0
2830	1.0
2831	0.0
2832	0.6666666666666666
2833	0.75
2834	1.0
2835	0.0
2836	0.3333333333333333
2837	0.5
2838	0.0
2839	0.0
2840	0.0
2841	0.6
2842	0.3333333333333333
2843	0.0
2844	0.9166666666666666
2845	1.0
2846	0.5833333333333334
2847	0.0
2848	0.0
2849	0.8333333333333334
2850	0.0
2851	0.0
2852	0.0
2853	1.0
2854	0.3333333333333333
2855	0.0
2856	1.0
2857	0.0
2858	0.0
2859	0.8
2860	0.5
2861	0.6666666666666666
2862	0.0
2863	0.0
2864	0.4
2865	0.0
2866	NaN
2867	0.5
2868	0.0
2869	0.16666666666666666
2870	0.25
2871	0.0
2872	0.6666666666666666
2873	0.6666666666666666
2874	0.0
2875	0.0
2876	0.0
2877	0.0
2878	0.0
2879	0.0
2880	0.6
2881	0.0
2882	0.5
2883	0.6
2884	0.0
2885	0.0
2886	0.5
2887	0.6111111111111112
2888	0.0
2889	0.0
2890	0.0
2891	0.0
2892	0.4
2893	0.0
2894	0.6666666666666666
2895	0.0
2896	1.0
2897	0.0
2898	0.4
2899	0.5
2900	1.0
2901	0.0
2902	1.0
2903	0.0
2904	0.75
2905	0.75
2906	0.0
2907	0.3333333333333333
2908	0.0
2909	0.0
2910	0.0
2911	0.0
2912	0.0
2913	0.75
2914	0.6666666666666666
2915	0.0
2916	0.0
2917	0.0
2918	0.0
2919	1.0
2920	0.05
2921	0.75
2922	0.0
2923	0.5
2924	0.3333333333333333
2925	0.3333333333333333
2926	0.5
2927	0.0
2928	0.75
2929	0.875
2930	0.0
2931	0.0
2932	0.5
2933	0.3333333333333333
2934	0.625
2935	0.0
2936	0.0
2937	0.0
2938	0.0
2939	0.4
2940	0.25
2941	0.0
2942	0.3333333333333333
2943	0.0
2944	0.0
2945	0.0
2946	0.0
2947	NaN
2948	0.0
2949	NaN
2950	0.5384615384615384
2951	NaN
2952	0.0
2953	0.0
2954	0.0
2955	0.6666666666666666
2956	0.0
2957	0.8333333333333334
2958	0.25
2959	0.25
2960	0.3333333333333333
2961	0.0
2962	0.4444444444444444
2963	0.0
2964	0.0
2965	0.0
2966	0.0
2967	0.6
2968	0.16666666666666666
2969	0.6666666666666666
2970	1.0
2971	0.0
2972	0.0
2973	0.0
2974	0.6666666666666666
2975	0.6666666666666666
2976	0.5
2977	0.3333333333333333
2978	1.0
2979	0.0
2980	0.0
2981	0.75
2982	0.0
2983	0.0
2984	0.0
2985	0.0
2986	1.0
2987	0.5
2988	0.0
2989	0.0
2990	0.3333333333333333
2991	0.0
2992	0.0
2993	0.0
2994	0.2857142857142857
2995	0.0
2996	0.0
2997	0.0
2998	0.0
2999	0.0
3000	0.0
3001	0.5
3002	0.0
3003	0.0
3004	0.0
3005	1.0
3006	1.0
3007	0.6666666666666666
3008	0.0
3009	0.8
3010	0.16666666666666666
3011	0.0
3012	0.0
3013	0.0
3014	0.0
3015	1.0
3016	0.0
3017	0.0
3018	0.6
3019	0.0
3020	1.0
3021	0.0
3022	0.0
3023	1.0
3024	0.25
3025	0.0
3026	0.0
3027	0.0
3028	0.3333333333333333
3029	0.5
3030	0.0
3031	0.0
3032	0.0
3033	0.375
3034	0.375
3035	0.5
3036	0.0
3037	0.0
3038	0.0
3039	0.0
3040	0.4
3041	0.0
3042	1.0
3043	0.75
3044	1.0
3045	0.5
3046	0.0
3047	0.0
3048	0.0
3049	0.14285714285714285
3050	0.0
3051	0.5
3052	0.5
3053	0.0
3054	0.0
3055	0.42857142857142855
3056	0.0
3057	0.0
3058	0.0
3059	0.42857142857142855
3060	0.5
3061	0.0
3062	0.0
3063	0.0
3064	0.6
3065	1.0
3066	1.0
3067	0.0
3068	0.0
3069	0.0
3070	0.5555555555555556
3071	0.0
3072	0.3
3073	0.5
3074	0.0
3075	0.0
3076	0.0
3077	0.6666666666666666
3078	0.25
3079	0.0
3080	NaN
3081	0.0
3082	0.3333333333333333
3083	0.0
3084	0.0
3085	0.0
3086	0.25
3087	0.0
3088	0.0
3089	0.0
3090	0.3333333333333333
3091	0.0
3092	0.0
3093	0.4
3094	0.0
3095	0.0
3096	0.0
3097	0.2
3098	0.0
3099	0.0
3100	NaN
3101	0.75
3102	0.0
3103	0.5
3104	0.0
3105	0.0
3106	0.0
3107	0.125
3108	0.125
3109	0.0
3110	0.0
3111	0.0
3112	0.6666666666666666
3113	0.0
3114	0.0
3115	0.0
3116	0.5
3117	0.0
3118	0.0
3119	0.25
3120	0.5
3121	0.25
3122	1.0
3123	0.7142857142857143
3124	0.2857142857142857
3125	0.6
3126	0.0
3127	0.0
3128	0.6666666666666666
3129	0.0
3130	0.2
3131	0.0
3132	0.3333333333333333
3133	0.0
3134	0.5
3135	0.6
3136	0.5
3137	0.0
3138	0.0
3139	0.0
3140	0.0
3141	0.3333333333333333
3142	0.0
3143	0.6666666666666666
3144	0.3333333333333333
3145	0.0
3146	0.4
3147	0.5
3148	0.75
3149	0.0
3150	0.0
3151	0.75
3152	0.0
3153	0.0
3154	0.5
3155	0.0
3156	0.5
3157	0.0
3158	0.3333333333333333
3159	0.5882352941176471
3160	0.5
3161	0.0
3162	0.6666666666666666
3163	0.0
3164	0.0
3165	0.3333333333333333
3166	0.375
3167	0.6666666666666666
3168	NaN
3169	0.16666666666666666
3170	0.0
3171	0.0
3172	0.0
3173	1.0
3174	0.375
3175	0.0
3176	0.0
3177	0.2
3178	1.0
3179	0.5714285714285714
3180	1.0
3181	0.75
3182	0.0
3183	0.0
3184	0.3333333333333333
3185	1.0
3186	0.5
3187	0.0
3188	0.0
3189	0.0
3190	0.0
3191	0.6666666666666666
3192	0.0
3193	0.0
3194	0.6666666666666666
3195	0.625
3196	0.0
3197	0.2
3198	0.6
3199	0.75
3200	0.0
3201	0.3333333333333333
3202	0.0
3203	0.2222222222222222
3204	0.25
3205	0.6666666666666666
3206	0.2
3207	0.5384615384615384
3208	0.0
3209	1.0
3210	0.0
3211	0.0
3212	0.0
3213	0.0
3214	0.0
3215	0.0
3216	0.4
3217	0.2
3218	NaN
3219	1.0
3220	0.6666666666666666
3221	0.0
3222	0.0
3223	0.0
3224	0.0
3225	0.0
3226	0.25
3227	0.0
3228	0.8571428571428571
3229	0.0
3230	0.0
3231	0.0
3232	0.0
3233	0.8
3234	0.0
3235	1.0
3236	1.0
3237	0.25
3238	1.0
3239	0.0
3240	1.0
3241	0.0
3242	0.0
3243	1.0
3244	0.0
3245	0.0
3246	1.0
3247	0.0
3248	0.42857142857142855
3249	0.6666666666666666
3250	0.5
3251	0.0
3252	0.375
3253	0.25
3254	0.6
3255	0.8
3256	0.6666666666666666
3257	0.0
3258	0.0
3259	0.0
3260	NaN
3261	0.0
3262	0.14285714285714285
3263	1.0
3264	0.0
3265	0.0
3266	0.6
3267	0.0
3268	0.3333333333333333
3269	0.0
3270	0.0
3271	0.0
3272	1.0
3273	0.0
3274	0.0
3275	0.0
3276	0.0
3277	0.0
3278	0.0
3279	0.0
3280	1.0
3281	1.0
3282	0.0
3283	0.0
3284	0.0
3285	0.0
3286	0.0
3287	1.0
3288	0.0
3289	0.1875
3290	0.6666666666666666
3291	0.6666666666666666
3292	0.0
3293	0.0
3294	0.0
3295	0.4
3296	0.0
3297	0.0
3298	0.42857142857142855
3299	0.2
3300	0.25
3301	1.0
3302	1.0
3303	0.0
3304	0.4
3305	0.5
3306	0.0
3307	NaN
3308	0.0
3309	0.0
3310	0.0
3311	0.0
3312	0.5555555555555556
3313	0.8
3314	1.0
3315	0.0
3316	0.0
3317	0.0
3318	0.42857142857142855
3319	1.0
3320	0.0
3321	0.0
3322	0.0
3323	0.5
3324	0.0
3325	NaN
3326	0.0
3327	1.0
3328	0.6666666666666666
3329	0.0
3330	0.0
3331	0.0
3332	NaN
3333	0.3333333333333333
3334	0.7083333333333334
3335	0.0
3336	NaN
3337	1.0
3338	0.0
3339	0.0
3340	0.0
3341	1.0
3342	0.0
3343	0.0
3344	0.0
3345	0.6
3346	0.6666666666666666
3347	0.6
3348	0.0
3349	0.0
3350	1.0
3351	0.0
3352	0.0
3353	0.0
3354	0.0
3355	0.0
3356	0.0
3357	0.0
3358	0.0
3359	1.0
3360	0.3333333333333333
3361	0.6666666666666666
3362	1.0
3363	0.5714285714285714
3364	1.0
3365	0.6666666666666666
3366	0.6666666666666666
3367	0.6666666666666666
3368	0.6666666666666666
3369	0.25
3370	0.5
3371	0.0
3372	0.0
3373	0.0
3374	0.0
3375	0.0
3376	1.0
3377	0.0
3378	0.0
3379	0.0
3380	0.5
3381	0.25
3382	0.375
3383	0.8571428571428571
3384	0.0
3385	0.3333333333333333
3386	0.375
3387	0.0
3388	0.0
3389	0.0
3390	0.0
3391	0.4
3392	0.0
3393	0.0
3394	0.0
3395	0.42857142857142855
3396	0.0
3397	1.0
3398	0.0
3399	0.2
3400	0.2
3401	0.6666666666666666
3402	0.0
3403	0.0
3404	0.0
3405	0.0
3406	0.0
3407	0.0
3408	0.0
3409	0.0
3410	0.0
3411	0.0
3412	1.0
3413	0.6666666666666666
3414	0.875
3415	0.25
3416	0.0
3417	0.5555555555555556
3418	0.0
3419	0.0
3420	0.0
3421	0.0
3422	0.0
3423	0.75
3424	1.0
3425	0.0
3426	0.25
3427	0.0
3428	0.0
3429	0.5
3430	0.0
3431	1.0
3432	0.0
3433	0.0
3434	0.6666666666666666
3435	NaN
3436	NaN
3437	NaN
3438	0.3333333333333333
3439	1.0
3440	1.0
3441	0.5
3442	0.7142857142857143
3443	0.0
3444	0.42857142857142855
3445	0.0
3446	0.0
3447	0.6
3448	0.0
3449	0.3333333333333333
3450	0.0
3451	0.0
3452	0.5
3453	0.45454545454545453
3454	0.0
3455	0.0
3456	0.0
3457	0.6666666666666666
3458	0.4
3459	0.0
3460	0.0
3461	0.3333333333333333
3462	0.0
3463	NaN
3464	0.0
3465	0.3333333333333333
3466	1.0
3467	0.5714285714285714
3468	0.0
3469	0.6666666666666666
3470	0.2727272727272727
3471	1.0
3472	0.0
3473	0.0
3474	0.0
3475	0.8
3476	0.0
3477	0.0
3478	0.0
3479	0.0
3480	0.0
3481	1.0
3482	0.6428571428571429
3483	0.0
3484	0.0
3485	0.6666666666666666
3486	0.0
3487	0.0
3488	0.0
3489	1.0
3490	0.6666666666666666
3491	0.0
3492	0.0
3493	0.0
3494	0.0
3495	0.0
3496	0.8571428571428571
3497	0.8
3498	0.0
3499	0.0
3500	0.0
3501	0.6666666666666666
3502	0.16666666666666666
3503	1.0
3504	0.5
3505	0.8333333333333334
3506	0.0
3507	0.0
3508	0.0
3509	0.0
3510	0.0
3511	NaN
3512	NaN
3513	0.5
3514	0.0
3515	0.0
3516	0.3333333333333333
3517	0.0
3518	0.0
3519	0.0
3520	0.0
3521	0.0
3522	0.0
3523	0.0
3524	0.0
3525	0.0
3526	0.0
3527	0.0
3528	0.0
3529	0.0
3530	0.0
3531	0.8
3532	0.0
3533	0.5
3534	0.6666666666666666
3535	0.0
3536	0.0
3537	1.0
3538	0.0
3539	0.4
3540	0.4375
3541	0.0
3542	1.0
3543	0.5454545454545454
3544	0.75
3545	0.0
3546	0.0
3547	0.0
3548	0.75
3549	0.6666666666666666
3550	1.0
3551	0.0
3552	1.0
3553	1.0
3554	0.0
3555	1.0
3556	0.0
3557	0.0
3558	1.0
3559	0.0
3560	0.0
3561	0.6
3562	0.42857142857142855
3563	0.5
3564	0.0
3565	0.0
3566	0.0
3567	0.0
3568	0.0
3569	0.0
3570	0.0
3571	0.0
3572	0.0
3573	0.0
3574	0.0
3575	1.0
3576	1.0
3577	0.0
3578	1.0
3579	0.0
3580	0.0
3581	0.0
3582	NaN
3583	0.375
3584	0.0
3585	0.0
3586	0.46153846153846156
3587	NaN
3588	0.0
3589	1.0
3590	0.0
3591	0.0
3592	0.0
3593	0.16666666666666666
3594	1.0
3595	0.5
3596	0.7142857142857143
3597	0.25
3598	1.0
3599	0.0
3600	0.5
3601	0.0
3602	NaN
3603	1.0
3604	0.0
3605	0.4
3606	0.3333333333333333
3607	0.5
3608	0.2
3609	0.0
3610	0.0
3611	0.0
3612	0.2
3613	0.0
3614	0.0
3615	0.0
3616	0.0
3617	1.0
3618	0.0
3619	0.0
3620	0.0
3621	0.6666666666666666
3622	0.0
3623	0.0
3624	0.5454545454545454
3625	0.0
3626	0.0
3627	1.0
3628	1.0
3629	0.4444444444444444
3630	0.0
3631	0.0
3632	0.5
3633	0.0
3634	1.0
3635	0.5454545454545454
3636	0.25
3637	1.0
3638	0.0
3639	0.0
3640	0.5
3641	0.3333333333333333
3642	0.0
3643	0.0
3644	0.0
3645	0.0
3646	0.0
3647	0.25
3648	0.0
3649	1.0
3650	0.0
3651	1.0
3652	0.6666666666666666
3653	0.0
3654	0.0
3655	0.0
3656	0.0
3657	0.0
3658	0.0
3659	0.0
3660	0.6666666666666666
3661	0.0
3662	0.0
3663	0.0
3664	0.0
3665	0.0
3666	0.0
3667	1.0
3668	0.0
3669	0.0
3670	1.0
3671	0.0
3672	0.5
3673	1.0
3674	0.0
3675	0.5
3676	0.0
3677	0.0
3678	0.0
3679	0.0
3680	0.0
3681	0.0
3682	0.0
3683	0.4
3684	0.0
3685	1.0
3686	0.0
3687	1.0
3688	0.0
3689	0.0
3690	0.75
3691	0.4
3692	1.0
3693	1.0
3694	0.3333333333333333
3695	0.0
3696	0.3333333333333333
3697	0.0
3698	0.0
3699	0.0
3700	0.0
3701	0.0
3702	0.0
3703	0.0
3704	0.5
3705	0.0
3706	0.5
3707	1.0
3708	0.0
3709	0.5714285714285714
3710	0.0
3711	0.0
3712	0.0
3713	0.0
3714	0.0
3715	0.5
3716	0.0
3717	0.0
3718	0.0
3719	0.0
3720	0.0
3721	0.0
3722	0.0
3723	0.0
3724	0.0
3725	0.2857142857142857
3726	0.0
3727	0.0
3728	0.0
3729	0.3333333333333333
3730	0.0
3731	0.25
3732	0.0
3733	1.0
3734	0.0
3735	0.0
3736	0.75
3737	0.0
3738	0.3157894736842105
3739	0.0
3740	0.0
3741	0.0
3742	0.0
3743	0.3333333333333333
3744	0.3333333333333333
3745	0.0
3746	0.0
3747	0.0
3748	0.6666666666666666
3749	0.5
3750	0.0
3751	1.0
3752	1.0
3753	0.2
3754	0.0
3755	0.6666666666666666
3756	0.0
3757	0.5
3758	0.25
3759	0.8
3760	1.0
3761	1.0
3762	0.0
3763	0.3333333333333333
3764	0.5
3765	0.0
3766	0.0
3767	0.0
3768	0.0
3769	NaN
3770	0.0
3771	0.0
3772	0.0
3773	0.0
3774	0.0
3775	0.0
3776	0.0
3777	1.0
3778	0.0
3779	0.0
3780	0.0
3781	0.0
3782	0.6666666666666666
3783	0.6666666666666666
3784	0.0
3785	0.0
3786	0.6666666666666666
3787	1.0
3788	0.6666666666666666
3789	0.6666666666666666
3790	0.5
3791	0.0
3792	0.0
3793	0.0
3794	0.25
3795	0.0
3796	0.25
3797	0.5
3798	0.4
3799	0.0
3800	0.0
3801	0.0
3802	0.0
3803	0.0
3804	0.0
3805	0.0
3806	1.0
3807	0.5
3808	0.0
3809	0.5
3810	0.0
3811	0.25
3812	0.6
3813	0.8
3814	0.5555555555555556
3815	0.0
3816	0.0
3817	0.0
3818	0.0
3819	0.0
3820	0.2
3821	0.0
3822	0.2
3823	0.0
3824	0.0
3825	0.0
3826	0.8
3827	0.0
3828	0.375
3829	0.0
3830	0.14285714285714285
3831	0.0
3832	1.0
3833	0.6
3834	0.2
3835	0.35294117647058826
3836	1.0
3837	0.14285714285714285
3838	0.0
3839	0.8
3840	0.0
3841	0.0
3842	0.0
3843	0.125
3844	0.8
3845	0.0
3846	0.0
3847	0.0
3848	1.0
3849	0.6666666666666666
3850	0.0
3851	0.0
3852	0.3333333333333333
3853	0.42857142857142855
3854	1.0
3855	0.2222222222222222
3856	0.4
3857	1.0
3858	0.0
3859	0.4
3860	0.6666666666666666
3861	1.0
3862	0.3333333333333333
3863	0.0
3864	0.0
3865	0.6666666666666666
3866	0.0
3867	0.7
3868	0.0
3869	0.5714285714285714
3870	0.0
3871	0.0
3872	0.5833333333333334
3873	0.0
3874	0.75
3875	0.6666666666666666
3876	0.0
3877	0.0
3878	0.4
3879	1.0
3880	0.0
3881	0.0
3882	0.0
3883	0.6666666666666666
3884	0.0
3885	0.0
3886	0.5
3887	0.5
3888	0.2857142857142857
3889	0.0
3890	0.2727272727272727
3891	0.0
3892	0.0
3893	0.0
3894	0.0
3895	0.7142857142857143
3896	0.0
3897	0.0
3898	0.3333333333333333
3899	0.0
3900	0.0
3901	0.0
3902	1.0
3903	0.75
3904	0.0
3905	1.0
3906	0.0
3907	0.2
3908	0.0
3909	0.0
3910	0.25
3911	0.75
3912	0.0
3913	0.3333333333333333
3914	0.0
3915	0.0
3916	0.625
3917	0.0
3918	1.0
3919	0.6666666666666666
3920	0.0
3921	0.2
3922	0.0
3923	0.5
3924	0.0
3925	0.0
3926	1.0
3927	0.5
3928	0.0
3929	0.0
3930	0.0
3931	0.0
3932	0.6666666666666666
3933	0.0
3934	0.0
3935	0.25
3936	0.0
3937	0.4
3938	0.6
3939	0.0
3940	0.0
3941	1.0
3942	0.8333333333333334
3943	0.0
3944	1.0
3945	0.2
3946	0.4
3947	0.6666666666666666
3948	0.0
3949	0.0
3950	0.6666666666666666
3951	0.0
3952	0.25
3953	0.0
3954	0.5
3955	0.0
3956	0.0
3957	0.875
3958	0.0
3959	0.0
3960	0.0
3961	0.0
3962	0.0
3963	0.8571428571428571
3964	0.6666666666666666
3965	1.0
3966	0.0
3967	0.0
3968	0.0
3969	0.5
3970	1.0
3971	1.0
3972	0.6666666666666666
3973	0.0
3974	0.0
3975	0.0
3976	0.0
3977	0.0
3978	0.75
3979	0.0
3980	0.6666666666666666
3981	0.6
3982	0.0
3983	0.0
3984	0.0
3985	0.0
3986	0.1111111111111111
3987	0.0
3988	0.0
3989	0.05555555555555555
3990	0.2857142857142857
3991	0.5
3992	0.2857142857142857
3993	0.2857142857142857
3994	0.0
3995	0.0
3996	0.0
3997	0.25
3998	0.0
3999	0.3333333333333333
4000	0.0
4001	0.0
4002	0.0
4003	1.0
4004	0.0
4005	0.75
4006	0.75
4007	1.0
4008	0.0
4009	0.3333333333333333
4010	0.0
4011	0.0
4012	0.5
4013	0.8
4014	0.0
4015	0.3333333333333333
4016	0.42857142857142855
4017	1.0
4018	1.0
4019	1.0
4020	1.0
4021	0.0
4022	0.0
4023	0.6666666666666666
4024	0.3333333333333333
4025	0.6666666666666666
4026	0.0
4027	0.0
4028	0.0
4029	0.0
4030	0.0
4031	0.0
4032	0.0
4033	1.0
4034	0.0
4035	0.0
4036	0.0
4037	0.0
4038	0.0
4039	0.0
4040	0.0
4041	0.0
4042	0.375
4043	1.0
4044	0.6666666666666666
4045	0.7777777777777778
4046	0.0
4047	0.2857142857142857
4048	0.5
4049	0.0
4050	0.0
4051	0.6666666666666666
4052	1.0
4053	1.0
4054	0.0
4055	0.42857142857142855
4056	0.4
4057	0.0
4058	0.75
4059	0.5
4060	0.5
4061	0.25
4062	0.0
4063	0.0
4064	0.0
4065	0.9375
4066	1.0
4067	0.6
4068	1.0
4069	0.125
4070	0.0
4071	1.0
4072	0.5
4073	0.5
4074	0.0
4075	0.0
4076	0.0
4077	0.0
4078	0.25
4079	1.0
4080	0.4
4081	0.14285714285714285
4082	0.0
4083	0.5
4084	0.6
4085	0.5
4086	0.8
4087	0.25
4088	0.0
4089	1.0
4090	0.0
4091	0.0
4092	0.0
4093	0.8333333333333334
4094	0.5
4095	0.0
4096	0.0
4097	0.0
4098	1.0
4099	0.8461538461538461
4100	1.0
4101	1.0
4102	0.0
4103	0.0
4104	0.0
4105	1.0
4106	0.0
4107	0.0
4108	0.0
4109	0.0
4110	0.25
4111	0.0
4112	0.6666666666666666
4113	0.8571428571428571
4114	0.0
4115	0.0
4116	0.5
4117	0.0
4118	0.25
4119	0.42857142857142855
4120	0.3333333333333333
4121	0.0
4122	0.0
4123	1.0
4124	0.75
4125	0.5
4126	0.0
4127	0.6666666666666666
4128	0.0
4129	0.0
4130	0.8333333333333334
4131	0.0
4132	0.5
4133	0.0
4134	0.0
4135	0.0
4136	0.0
4137	0.0
4138	0.0
4139	0.0
4140	0.0
4141	0.0
4142	0.0
4143	0.0
4144	0.0
4145	0.5
4146	NaN
4147	0.0
4148	0.0
4149	0.0
4150	1.0
4151	1.0
4152	0.4
4153	0.0
4154	0.0
4155	0.0
4156	0.0
4157	0.3333333333333333
4158	0.75
4159	0.0
4160	0.3333333333333333
4161	0.0
4162	0.0
4163	0.0
4164	0.0
4165	0.5
4166	0.0
4167	0.0
4168	0.0
4169	1.0
4170	1.0
4171	0.16666666666666666
4172	0.0
4173	0.0
4174	0.0
4175	0.0
4176	0.0
4177	1.0
4178	0.0
4179	1.0
4180	0.6666666666666666
4181	0.5
4182	0.0
4183	1.0
4184	0.75
4185	0.0
4186	NaN
4187	0.0
4188	0.2
4189	0.0
4190	1.0
4191	0.6
4192	1.0
4193	0.0
4194	0.8333333333333334
4195	0.5
4196	1.0
4197	0.5
4198	0.0
4199	0.0
4200	0.7142857142857143
4201	NaN
4202	0.0
4203	0.0
4204	0.0
4205	0.0
4206	0.75
4207	0.0
4208	0.0
4209	0.25
4210	0.0
4211	0.25
4212	0.0
4213	0.6
4214	0.6666666666666666
4215	1.0
4216	0.0
4217	0.0
4218	0.5
4219	0.2
4220	0.75
4221	0.0
4222	0.7142857142857143
4223	0.0
4224	0.0
4225	1.0
4226	0.0
4227	0.25
4228	1.0
4229	0.0
4230	1.0
4231	0.0
4232	0.6
4233	0.5
4234	0.0
4235	0.0
4236	0.2857142857142857
4237	1.0
4238	1.0
4239	0.5
4240	0.6666666666666666
4241	1.0
4242	1.0
4243	1.0
4244	0.3333333333333333
4245	0.0
4246	1.0
4247	0.0
4248	0.0
4249	1.0
4250	0.6666666666666666
4251	0.3333333333333333
4252	0.0
4253	0.0
4254	0.0
4255	0.0
4256	0.0
4257	0.0
4258	0.0
4259	0.3333333333333333
4260	0.0
4261	0.4
4262	0.8333333333333334
4263	1.0
4264	0.0
4265	0.6666666666666666
4266	0.6
4267	0.0
4268	0.75
4269	0.5
4270	0.0
4271	1.0
4272	1.0
4273	0.0
4274	0.8333333333333334
4275	0.14285714285714285
4276	0.0
4277	0.0
4278	0.5
4279	0.7142857142857143
4280	0.0
4281	0.3333333333333333
4282	0.5
4283	1.0
4284	0.5
4285	0.5
4286	0.5
4287	1.0
4288	0.6666666666666666
4289	0.6363636363636364
4290	0.75
4291	0.0
4292	0.0
4293	0.6428571428571429
4294	0.0
4295	0.0
4296	0.0
4297	0.0
4298	0.0
4299	0.25
4300	0.0
4301	1.0
4302	1.0
4303	0.6
4304	0.0
4305	0.5
4306	0.0
4307	0.0
4308	0.0
4309	0.75
4310	0.75
4311	0.6666666666666666
4312	0.6666666666666666
4313	0.6
4314	0.0
4315	0.0
4316	0.4
4317	0.5
4318	0.0
4319	0.0
4320	0.0
4321	0.0
4322	0.3333333333333333
4323	0.75
4324	0.0
4325	1.0
4326	0.0
4327	0.3333333333333333
4328	0.0
4329	0.16666666666666666
4330	0.4
4331	0.0
4332	0.8
4333	0.0
4334	0.0
4335	1.0
4336	0.5
4337	1.0
4338	1.0
4339	0.0
4340	NaN
4341	0.0
4342	0.7142857142857143
4343	0.0
4344	0.0
4345	0.8
4346	0.0
4347	0.0
4348	0.0
4349	0.6666666666666666
4350	0.5
4351	0.0
4352	0.0
4353	0.0
4354	0.5
4355	0.8333333333333334
4356	0.0
4357	0.5
4358	0.0
4359	0.0
4360	0.5
4361	0.8333333333333334
4362	0.5
4363	0.5
4364	0.0
4365	0.0
4366	0.0
4367	1.0
4368	0.0
4369	0.4
4370	1.0
4371	0.5
4372	0.0
4373	0.0
4374	0.8
4375	0.0
4376	0.5
4377	1.0
4378	0.0
4379	0.0
4380	0.0
4381	0.6666666666666666
4382	1.0
4383	0.0
4384	0.4375
4385	0.0
4386	0.16666666666666666
4387	0.5
4388	0.49056603773584906
4389	0.0
4390	0.6
4391	0.0
4392	0.0
4393	0.0
4394	1.0
4395	0.0
4396	0.75
4397	0.0
4398	0.0
4399	0.8
4400	0.5714285714285714
4401	0.0
4402	0.0
4403	0.25
4404	0.0
4405	0.0
4406	0.0
4407	0.0
4408	0.0
4409	0.0
4410	0.0
4411	0.0
4412	0.0
4413	0.0
4414	0.0
4415	0.0
4416	0.0
4417	0.0
4418	0.0
4419	0.5
4420	1.0
4421	0.6666666666666666
4422	1.0
4423	0.8
4424	0.2
4425	1.0
4426	1.0
4427	0.0
4428	0.3333333333333333
4429	0.0
4430	0.0
4431	0.3333333333333333
4432	1.0
4433	1.0
4434	0.0
4435	0.0
4436	0.2
4437	0.3333333333333333
4438	0.0
4439	0.5
4440	0.0
4441	0.0
4442	0.0
4443	0.4
4444	0.8333333333333334
4445	1.0
4446	0.0
4447	0.0
4448	0.0
4449	0.0
4450	0.0
4451	0.0
4452	0.5
4453	0.0
4454	0.3333333333333333
4455	0.6
4456	0.0
4457	0.0
4458	0.8
4459	0.5
4460	0.0
4461	0.5
4462	0.47058823529411764
4463	0.0
4464	0.0
4465	0.0
4466	0.2
4467	0.0
4468	0.0
4469	0.5454545454545454
4470	0.2857142857142857
4471	0.6666666666666666
4472	1.0
4473	0.0
4474	0.6666666666666666
4475	0.0
4476	0.5
4477	0.3333333333333333
4478	0.0
4479	0.4444444444444444
4480	0.25
4481	0.5
4482	0.3333333333333333
4483	0.0
4484	0.0
4485	0.2
4486	0.0
4487	0.3333333333333333
4488	0.0
4489	0.0
4490	0.0
4491	0.0
4492	0.6
4493	0.0
4494	0.0
4495	0.0
4496	0.5
4497	0.0
4498	0.0
4499	0.0
4500	0.0
4501	0.0
4502	0.6666666666666666
4503	0.6666666666666666
4504	0.0
4505	0.0
4506	0.4
4507	0.0
4508	0.8
4509	0.0
4510	0.0
4511	1.0
4512	0.0
4513	1.0
4514	0.0
4515	0.0
4516	0.0
4517	0.0
4518	0.8
4519	0.8333333333333334
4520	1.0
4521	0.0
4522	0.0
4523	0.0
4524	0.0
4525	0.0
4526	0.0
4527	0.0
4528	0.0
4529	0.0
4530	0.6
4531	0.0
4532	0.6
4533	0.0
4534	1.0
4535	1.0
4536	0.5
4537	0.3333333333333333
4538	0.0
4539	0.5
4540	1.0
4541	0.0
4542	0.3076923076923077
4543	0.42857142857142855
4544	0.0
4545	0.35
4546	0.75
4547	0.6666666666666666
4548	0.0
4549	0.0
4550	1.0
4551	0.0
4552	1.0
4553	0.0
4554	0.0
4555	0.0
4556	0.0
4557	0.0
4558	0.0
4559	0.42857142857142855
4560	1.0
4561	0.0
4562	0.0
4563	1.0
4564	0.0
4565	0.0
4566	0.0
4567	0.75
4568	0.0
4569	1.0
4570	0.0
4571	0.5
4572	0.0
4573	0.0
4574	0.0
4575	0.5
4576	0.5
4577	0.5
4578	0.0
4579	0.0
4580	0.6666666666666666
4581	0.0
4582	0.0
4583	0.0
4584	0.0
4585	0.2
4586	0.0
4587	0.0
4588	0.0
4589	0.3333333333333333
4590	0.0
4591	0.35
4592	0.18181818181818182
4593	1.0
4594	0.6666666666666666
4595	0.0
4596	0.25
4597	0.0
4598	0.0
4599	0.6
4600	0.0
4601	0.0
4602	0.4
4603	0.8571428571428571
4604	0.6
4605	0.5
4606	0.8
4607	0.3333333333333333
4608	0.0
4609	0.0
4610	0.0
4611	0.5
4612	1.0
4613	0.0
4614	0.0
4615	1.0
4616	0.0
4617	1.0
4618	0.5
4619	0.0
4620	1.0
4621	0.0
4622	0.0
4623	1.0
4624	0.0
4625	0.0
4626	0.6
4627	0.0
4628	0.5
4629	0.0
4630	0.3333333333333333
4631	0.0
4632	0.0
4633	0.0
4634	0.0
4635	0.9411764705882353
4636	0.8333333333333334
4637	0.75
4638	0.7142857142857143
4639	0.8333333333333334
4640	0.0
4641	0.0
4642	0.0
4643	1.0
4644	1.0
4645	0.0
4646	0.0
4647	0.0
4648	0.6
4649	0.8666666666666667
4650	0.0
4651	0.16666666666666666
4652	0.0
4653	0.5
4654	0.0
4655	0.6666666666666666
4656	0.6666666666666666
4657	0.0
4658	0.6428571428571429
4659	0.0
4660	0.0
4661	0.6
4662	0.0
4663	0.0
4664	0.16666666666666666
4665	0.0
4666	0.0
4667	0.0
4668	0.0
4669	0.4
4670	0.8571428571428571
4671	0.375
4672	0.0
4673	0.0
4674	0.0
4675	0.0
4676	0.4444444444444444
4677	0.1111111111111111
4678	0.0
4679	0.0
4680	0.0
4681	0.75
4682	0.0
4683	0.0
4684	1.0
4685	0.6666666666666666
4686	0.3333333333333333
4687	1.0
4688	0.6666666666666666
4689	0.0
4690	0.0
4691	1.0
4692	0.0
4693	0.0
4694	0.5
4695	0.0
4696	0.0
4697	0.0
4698	0.0
4699	0.0
4700	0.16666666666666666
4701	0.0
4702	0.0
4703	0.5
4704	0.0
4705	0.25
4706	0.0
4707	0.0
4708	0.2
4709	0.0
4710	0.0
4711	0.0
4712	0.0
4713	0.0
4714	0.0
4715	0.0
4716	0.0
4717	0.5
4718	0.0
4719	0.0
4720	0.0
4721	1.0
4722	0.0
4723	0.0
4724	0.5
4725	0.25
4726	0.0
4727	1.0
4728	1.0
4729	1.0
4730	0.0
4731	0.2
4732	0.0
4733	0.0
4734	0.0
4735	0.5
4736	0.0
4737	0.0
4738	0.5
4739	1.0
4740	0.0
4741	0.0
4742	1.0
4743	0.6666666666666666
4744	0.0
4745	0.7142857142857143
4746	0.18181818181818182
4747	0.5
4748	0.0
4749	0.4
4750	1.0
4751	0.25
4752	0.0
4753	0.0
4754	0.0
4755	0.0
4756	0.6666666666666666
4757	0.0
4758	0.5
4759	1.0
4760	0.8333333333333334
4761	0.8333333333333334
4762	0.5
4763	1.0
4764	0.6666666666666666
4765	0.8181818181818182
4766	0.0
4767	0.0
4768	0.0
4769	0.6666666666666666
4770	0.3333333333333333
4771	0.0
4772	0.0
4773	1.0
4774	0.8333333333333334
4775	0.7142857142857143
4776	0.4
4777	0.2222222222222222
4778	0.0
4779	0.0
4780	1.0
4781	0.5
4782	0.0
4783	0.25
4784	1.0
4785	0.0
4786	1.0
4787	0.0
4788	0.0
4789	0.0
4790	0.6363636363636364
4791	1.0
4792	0.5
4793	0.0
4794	0.0
4795	0.7333333333333333
4796	0.0
4797	0.0
4798	0.0
4799	0.0
4800	0.5
4801	0.3333333333333333
4802	0.0
4803	0.0
4804	0.0
4805	0.0
4806	0.25
4807	0.0
4808	0.0
4809	0.3333333333333333
4810	0.0
4811	0.0
4812	0.6666666666666666
4813	0.0
4814	0.0
4815	0.0
4816	0.0
4817	0.16666666666666666
4818	1.0
4819	0.125
4820	0.125
4821	0.0
4822	0.6666666666666666
4823	1.0
4824	0.5
4825	0.0
4826	0.6666666666666666
4827	0.36363636363636365
4828	1.0
4829	0.0
4830	1.0
4831	1.0
4832	1.0
4833	0.2
4834	0.3333333333333333
4835	0.0
4836	0.0
4837	0.0
4838	0.6666666666666666
4839	1.0
4840	0.0
4841	0.6666666666666666
4842	0.0
4843	0.5
4844	0.0
4845	0.6153846153846154
4846	0.0
4847	0.0
4848	0.6666666666666666
4849	0.4
4850	1.0
4851	0.0
4852	0.5454545454545454
4853	0.0
4854	0.0
4855	1.0
4856	1.0
4857	0.0
4858	0.75
4859	0.0
4860	0.5
4861	0.0
4862	1.0
4863	0.5
4864	0.5
4865	0.2
4866	0.0
4867	0.0
4868	0.4
4869	0.0
4870	0.5
4871	0.3333333333333333
4872	0.0
4873	1.0
4874	0.0
4875	0.5
4876	0.0
4877	0.0
4878	1.0
4879	0.0
4880	0.5
4881	0.0
4882	0.0
4883	0.0
4884	0.0
4885	0.0
4886	0.5
4887	0.09090909090909091
4888	0.42857142857142855
4889	0.0
4890	0.0
4891	0.5
4892	0.0
4893	0.25
4894	0.0
4895	0.0
4896	1.0
4897	0.6
4898	0.375
4899	0.5
4900	0.0
4901	1.0
4902	0.0
4903	0.5714285714285714
4904	1.0
4905	1.0
4906	0.0
4907	0.0
4908	0.6666666666666666
4909	0.3333333333333333
4910	0.0
4911	0.375
4912	0.0
4913	0.0
4914	0.0
4915	0.0
4916	0.0
4917	0.0
4918	0.0
4919	0.0
4920	0.5
4921	0.0
4922	0.5
4923	0.0
4924	0.2
4925	0.5
4926	1.0
4927	0.0
4928	0.0
4929	0.5
4930	1.0
4931	0.625
4932	0.0
4933	0.0
4934	0.1
4935	0.375
4936	0.0
4937	1.0
4938	0.5
4939	0.0
4940	0.0
4941	1.0
4942	1.0
4943	1.0
4944	0.0
4945	0.0
4946	0.0
4947	0.3333333333333333
4948	0.75
4949	0.0
4950	0.0
4951	0.0
4952	0.0
4953	0.0
4954	0.875
4955	0.5
4956	0.75
4957	1.0
4958	0.0
4959	0.3333333333333333
4960	0.0
4961	0.16666666666666666
4962	0.2
4963	0.0
4964	0.0
4965	0.0
4966	0.0
4967	0.0
4968	0.0
4969	0.0
4970	0.6
4971	0.0
4972	0.75
4973	0.0
4974	0.16666666666666666
4975	1.0
4976	0.0
4977	0.5
4978	0.5
4979	0.0
4980	0.0
4981	1.0
4982	0.25
4983	0.0
4984	1.0
4985	0.2
4986	1.0
4987	0.0
4988	0.0
4989	0.25
4990	0.25
4991	1.0
4992	0.18181818181818182
4993	0.0
4994	0.0
4995	0.0
4996	0.25
4997	0.0
4998	0.25
4999	0.2
5000	0.07692307692307693
5001	0.0
5002	0.0
5003	0.0
5004	0.0
5005	0.0
5006	0.0
5007	0.5
5008	0.8
5009	0.0
5010	0.0
5011	0.0
5012	0.0
5013	0.0
5014	0.4444444444444444
5015	0.5555555555555556
5016	0.0
5017	0.0
5018	0.3333333333333333
5019	0.0
5020	1.0
5021	0.0
5022	0.0
5023	0.0
5024	0.0
5025	0.3
5026	0.0
5027	0.0
5028	0.3333333333333333
5029	0.0
5030	0.5
5031	0.23529411764705882
5032	0.7142857142857143
5033	0.6818181818181818
5034	0.5
5035	0.0
5036	0.0
5037	1.0
5038	0.0
5039	0.4
5040	1.0
5041	0.1111111111111111
5042	0.3333333333333333
5043	0.3333333333333333
5044	0.6666666666666666
5045	0.0
5046	0.0
5047	0.0
5048	0.0
5049	0.0
5050	0.25
5051	1.0
5052	0.0
5053	1.0
5054	0.0
5055	0.5
5056	0.0
5057	0.0
5058	0.0
5059	0.0
5060	0.0
5061	0.0
5062	1.0
5063	1.0
5064	0.0
5065	0.0
5066	0.0
5067	0.0
5068	0.0
5069	0.0
5070	1.0
5071	0.0
5072	0.0
5073	0.0
5074	0.0
5075	0.0
5076	0.3333333333333333
5077	0.3333333333333333
5078	0.0
5079	0.0
5080	0.3333333333333333
5081	0.0
5082	0.0
5083	0.5
5084	0.0
5085	0.0
5086	0.0
5087	0.3333333333333333
5088	0.0
5089	0.38461538461538464
5090	0.0
5091	0.0
5092	0.75
5093	0.25
5094	1.0
5095	0.6666666666666666
5096	0.0
5097	0.0
5098	0.0
5099	0.3333333333333333
5100	0.0
5101	0.0
5102	0.3333333333333333
5103	1.0
5104	0.0
5105	0.0
5106	0.0
5107	0.0
5108	0.0
5109	0.0
5110	0.0
5111	0.0
5112	0.0
5113	0.0
5114	0.0
5115	0.0
5116	0.0
5117	1.0
5118	0.8125
5119	0.0
5120	0.0
5121	1.0
5122	0.75
5123	0.5
5124	1.0
5125	0.4
5126	0.5
5127	0.0
5128	0.0
5129	1.0
5130	0.0
5131	0.0
5132	0.25
5133	0.0
5134	0.3333333333333333
5135	1.0
5136	1.0
5137	0.5
5138	0.0
5139	0.0
5140	0.0
5141	0.0
5142	0.0
5143	1.0
5144	0.0
5145	0.16666666666666666
5146	0.0
5147	1.0
5148	0.0
5149	0.0
5150	0.25
5151	0.5
5152	0.0
5153	0.0
5154	0.6666666666666666
5155	0.0
5156	0.42857142857142855
5157	0.6666666666666666
5158	0.0
5159	0.0
5160	0.0
5161	0.0
5162	0.0
5163	0.0
5164	0.0
5165	0.3333333333333333
5166	0.5
5167	0.0
5168	0.0
5169	0.0
5170	0.0
5171	0.0
5172	0.3333333333333333
5173	0.3333333333333333
5174	0.0
5175	0.0
5176	NaN
5177	0.0
5178	0.0
5179	0.0
5180	0.0
5181	0.0
5182	0.5
5183	0.6666666666666666
5184	0.5
5185	0.5
5186	0.6
5187	0.42857142857142855
5188	0.8
5189	0.0
5190	0.0
5191	0.5
5192	0.16666666666666666
5193	0.0
5194	0.75
5195	1.0
5196	0.0
5197	0.0
5198	0.0
5199	0.6666666666666666
5200	0.4
5201	0.3333333333333333
5202	0.0
5203	0.0
5204	0.0
5205	0.08333333333333333
5206	0.0
5207	0.3333333333333333
5208	0.0
5209	1.0
5210	0.0
5211	0.0
5212	0.25
5213	0.0
5214	0.0
5215	0.25
5216	0.0
5217	0.25
5218	0.0
5219	0.0
5220	0.0
5221	0.0
5222	0.25
5223	NaN
5224	0.0
5225	0.5
5226	0.0
5227	0.25
5228	0.0
5229	0.0
5230	0.0
5231	0.8
5232	1.0
5233	0.0
5234	0.6666666666666666
5235	0.25
5236	1.0
5237	0.0
5238	0.0
5239	0.0
5240	0.0
5241	0.0
5242	0.0
5243	0.0
5244	0.0
5245	0.0
5246	0.6666666666666666
5247	0.0
5248	0.3333333333333333
5249	0.0
5250	0.0
5251	0.0
5252	0.0
5253	0.0
5254	0.0
5255	0.0
5256	0.0
5257	0.0
5258	0.5
5259	0.8333333333333334
5260	0.0
5261	0.0
5262	0.0
5263	0.0
5264	0.75
5265	0.09090909090909091
5266	0.0
5267	1.0
5268	0.0
5269	0.0
5270	0.0
5271	0.0
5272	0.0
5273	0.0
5274	0.6666666666666666
5275	0.0
5276	0.0
5277	0.0
5278	0.0
5279	0.0
5280	0.0
5281	0.0
5282	0.0
5283	1.0
5284	0.0
5285	0.0
5286	0.0
5287	0.0
5288	0.0
5289	0.0
5290	0.625
5291	0.0
5292	0.0
5293	0.0
5294	0.0
5295	0.0
5296	0.0
5297	0.0
5298	0.16666666666666666
5299	0.16666666666666666
5300	1.0
5301	0.0
5302	0.0
5303	0.0
5304	1.0
5305	0.6666666666666666
5306	0.0
5307	1.0
5308	0.0
5309	0.0
5310	0.0
5311	0.0
5312	0.0
5313	0.0
5314	0.0
5315	0.5555555555555556
5316	0.0
5317	0.0
5318	1.0
5319	1.0
5320	0.0
5321	0.0
5322	0.0
5323	0.5
5324	0.0
5325	0.0
5326	0.0
5327	0.0
5328	0.0
5329	0.0
5330	1.0
5331	0.0
5332	0.2222222222222222
5333	0.0
5334	0.0
5335	0.0
5336	1.0
5337	0.5
5338	0.0
5339	1.0
5340	1.0
5341	0.4
5342	0.0
5343	1.0
5344	0.0
5345	1.0
5346	0.5
5347	0.0
5348	0.5
5349	0.0
5350	0.0
5351	0.0
5352	0.0
5353	0.0
5354	0.0
5355	0.0
5356	0.0
5357	0.0
5358	0.0
5359	0.0
5360	0.0
5361	0.0
5362	0.0
5363	0.0
5364	0.0
5365	0.0
5366	0.0
5367	0.0
5368	0.0
5369	0.0
5370	0.0
5371	0.5
5372	0.25
5373	0.2
5374	0.0
5375	0.0
5376	0.6666666666666666
5377	0.0
5378	0.5
5379	0.0
5380	1.0
5381	0.75
5382	0.6666666666666666
5383	0.0
5384	0.75
5385	1.0
5386	0.0
5387	0.0
5388	0.8
5389	0.5
5390	0.0
5391	0.0
5392	0.6666666666666666
5393	0.0
5394	0.0
5395	0.6666666666666666
5396	1.0
5397	0.0
5398	1.0
5399	0.6
5400	0.0
5401	0.0
5402	0.0
5403	0.25
5404	0.6666666666666666
5405	0.0
5406	0.25
5407	0.0
5408	1.0
5409	0.0
5410	0.5
5411	0.3333333333333333
5412	0.0
5413	0.0
5414	0.8571428571428571
5415	0.6666666666666666
5416	0.3333333333333333
5417	0.3333333333333333
5418	0.6666666666666666
5419	0.6410256410256411
5420	0.8
5421	0.0
5422	0.5
5423	0.75
5424	1.0
5425	0.0
5426	0.0
5427	0.6666666666666666
5428	0.5
5429	0.4
5430	1.0
5431	0.0
5432	0.75
5433	1.0
5434	1.0
5435	0.0
5436	1.0
5437	0.0
5438	0.0
5439	0.2857142857142857
5440	0.0
5441	0.0
5442	0.0
5443	0.0
5444	0.8
5445	0.0
5446	0.3333333333333333
5447	0.5
5448	0.6666666666666666
5449	0.75
5450	0.3333333333333333
5451	0.0
5452	0.0
5453	0.3333333333333333
5454	0.0
5455	0.3333333333333333
5456	0.5
5457	0.0
5458	0.25
5459	0.5
5460	0.0
5461	0.6666666666666666
5462	1.0
5463	0.7142857142857143
5464	0.2857142857142857
5465	0.2857142857142857
5466	0.5
5467	0.3333333333333333
5468	1.0
5469	0.25
5470	0.0
5471	1.0
5472	0.0
5473	0.0
5474	0.25
5475	1.0
5476	0.5
5477	1.0
5478	0.0
5479	0.0
5480	0.6666666666666666
5481	1.0
5482	1.0
5483	1.0
5484	0.75
5485	0.0
5486	0.5
5487	0.0
5488	0.0
5489	0.3333333333333333
5490	0.0
5491	0.0
5492	0.0
5493	0.14285714285714285
5494	0.6666666666666666
5495	0.0
5496	0.0
5497	1.0
5498	0.6666666666666666
5499	0.6666666666666666
5500	0.0
5501	0.0
5502	0.0
5503	0.14285714285714285
5504	0.4166666666666667
5505	0.0
5506	0.0
5507	0.5
5508	0.0
5509	0.3333333333333333
5510	0.5
5511	1.0
5512	1.0
5513	0.0
5514	0.0
5515	0.6666666666666666
5516	1.0
5517	0.5294117647058824
5518	0.75
5519	0.0
5520	0.375
5521	0.0
5522	0.0
5523	1.0
5524	0.5
5525	0.0
5526	0.0
5527	0.6666666666666666
5528	0.25
5529	0.75
5530	0.2
5531	0.0
5532	0.36363636363636365
5533	0.3333333333333333
5534	0.0
5535	1.0
5536	0.0
5537	0.0
5538	1.0
5539	1.0
5540	0.0
5541	0.0
5542	0.6666666666666666
5543	1.0
5544	0.5555555555555556
5545	0.4
5546	1.0
5547	1.0
5548	1.0
5549	0.6666666666666666
5550	0.5
5551	0.0
5552	1.0
5553	1.0
5554	0.4444444444444444
5555	0.25
5556	0.56
5557	0.0
5558	0.8461538461538461
5559	0.7692307692307693
5560	0.0
5561	0.0
5562	0.75
5563	1.0
5564	1.0
5565	1.0
5566	1.0
5567	0.5
5568	0.5
5569	0.5
5570	0.0
5571	1.0
5572	0.5
5573	0.8
5574	0.6
5575	0.4
5576	1.0
5577	0.2
5578	0.4
5579	1.0
5580	1.0
5581	0.0
5582	0.0
5583	0.5
5584	0.0
5585	1.0
5586	0.4117647058823529
5587	0.0
5588	0.0
5589	0.5
5590	0.3333333333333333
5591	1.0
5592	1.0
5593	0.75
5594	0.0
5595	0.5
5596	0.5
5597	0.6666666666666666
5598	1.0
5599	0.0
5600	0.2
5601	0.0
5602	1.0
5603	0.0
5604	1.0
5605	0.0
5606	1.0
5607	0.0
5608	0.5
5609	0.0
5610	1.0
5611	1.0
5612	0.0
5613	0.6666666666666666
5614	1.0
5615	0.0
5616	0.0
5617	0.0
5618	0.0
5619	0.0
5620	0.0
5621	0.5
5622	1.0
5623	0.3333333333333333
5624	1.0
5625	0.5
5626	0.5
5627	0.5
5628	0.6153846153846154
5629	0.0
5630	0.5
5631	0.5
5632	0.0
5633	0.0
5634	0.0
5635	0.7058823529411765
5636	0.0
5637	0.0
5638	0.0
5639	0.0
5640	0.0
5641	0.42857142857142855
5642	0.3333333333333333
5643	0.0
5644	0.0
5645	0.0
5646	0.2
5647	0.0
5648	1.0
5649	1.0
5650	1.0
5651	1.0
5652	0.0
5653	1.0
5654	0.0
5655	1.0
5656	0.0
5657	0.0
5658	0.0
5659	0.5
5660	1.0
5661	0.0
5662	1.0
5663	0.0
5664	1.0
5665	1.0
5666	0.5
5667	0.6
5668	0.6666666666666666
5669	0.8
5670	1.0
5671	0.0
5672	0.0
5673	0.375
5674	0.0
5675	1.0
5676	0.0
5677	0.0
5678	0.0
5679	0.7368421052631579
5680	0.6
5681	1.0
5682	0.0
5683	0.0
5684	0.0
5685	0.5
5686	0.4
5687	0.0
5688	0.5
5689	0.0
5690	0.0
5691	1.0
5692	0.0
5693	0.0
5694	0.0
5695	0.0
5696	0.0
5697	0.0
5698	0.0
5699	0.5
5700	0.0
5701	0.3333333333333333
5702	0.0
5703	0.75
5704	0.0
5705	0.0
5706	0.0
5707	0.0
5708	0.0
5709	0.0
5710	0.42857142857142855
5711	0.0
5712	0.0
5713	0.5555555555555556
5714	0.5454545454545454
5715	0.0
5716	0.6666666666666666
5717	0.0
5718	0.0
5719	0.0
5720	0.25
5721	0.0
5722	0.0
5723	1.0
5724	0.0
5725	1.0
5726	0.0
5727	0.0
5728	0.0
5729	0.3333333333333333
5730	0.0
5731	0.0
5732	0.5
5733	0.5
5734	0.4
5735	0.8333333333333334
5736	0.0
5737	0.0
5738	0.0
5739	0.0
5740	0.125
5741	0.0
5742	0.0
5743	0.6666666666666666
5744	0.4
5745	0.0
5746	0.0
5747	1.0
5748	0.3333333333333333
5749	0.0
5750	0.0
5751	0.3333333333333333
5752	0.0
5753	0.0
5754	0.5714285714285714
5755	0.625
5756	0.5
5757	1.0
5758	0.0
5759	0.3333333333333333
5760	1.0
5761	0.6666666666666666
5762	0.5
5763	0.0
5764	0.5
5765	0.3333333333333333
5766	0.4
5767	0.6666666666666666
5768	0.8
5769	1.0
5770	0.0
5771	0.0
5772	0.75
5773	0.0
5774	0.5238095238095238
5775	0.6666666666666666
5776	1.0
5777	0.6666666666666666
5778	0.75
5779	0.6
5780	0.25
5781	0.75
5782	0.8333333333333334
5783	0.5
5784	0.6666666666666666
5785	0.5555555555555556
5786	0.5294117647058824
5787	0.0
5788	0.6666666666666666
5789	0.0
5790	0.0
5791	0.6
5792	1.0
5793	0.0
5794	0.6666666666666666
5795	0.5
5796	0.0
5797	1.0
5798	0.0
5799	0.5
5800	0.0
5801	0.6
5802	0.5
5803	0.0
5804	0.0
5805	0.5
5806	0.0
5807	0.0
5808	0.5
5809	0.7142857142857143
5810	0.0
5811	0.0
5812	0.75
5813	1.0
5814	0.6666666666666666
5815	0.5
5816	0.6666666666666666
5817	0.7142857142857143
5818	0.0
5819	0.0
5820	0.0
5821	0.5714285714285714
5822	0.6666666666666666
5823	0.0
5824	0.0
5825	0.0
5826	0.0
5827	0.0
5828	0.25
5829	0.0
5830	0.0
5831	0.0
5832	0.0
5833	0.0
5834	0.6
5835	0.0
5836	0.0
5837	0.0
5838	0.0
5839	0.0
5840	0.0
5841	0.0
5842	0.375
5843	1.0
5844	0.46153846153846156
5845	0.3333333333333333
5846	0.375
5847	0.8
5848	0.3333333333333333
5849	0.0
5850	1.0
5851	0.4
5852	0.29411764705882354
5853	0.3333333333333333
5854	0.5
5855	0.5
5856	0.6666666666666666
5857	0.0
5858	0.0
5859	0.0
5860	0.25
5861	0.5
5862	0.0
5863	0.2222222222222222
5864	0.0
5865	0.0
5866	0.0
5867	0.0
5868	0.0
5869	0.0
5870	0.0
5871	0.5
5872	0.0
5873	0.0
5874	0.0
5875	0.0
5876	0.0
5877	0.2
5878	1.0
5879	1.0
5880	0.0
5881	0.0
5882	0.0
5883	0.5
5884	0.7142857142857143
5885	0.0
5886	0.6666666666666666
5887	0.0
5888	0.0
5889	0.0
5890	0.0
5891	0.0
5892	1.0
5893	1.0
5894	0.2
5895	1.0
5896	0.25
5897	0.75
5898	0.5
5899	0.4
5900	0.0
5901	0.8571428571428571
5902	0.0
5903	0.5
5904	0.6666666666666666
5905	1.0
5906	1.0
5907	0.5
5908	1.0
5909	0.5
5910	0.0
5911	1.0
5912	0.42857142857142855
5913	0.4
5914	0.6666666666666666
5915	0.0
5916	0.8
5917	0.0
5918	0.0
5919	0.75
5920	1.0
5921	1.0
5922	1.0
5923	0.0
5924	0.0
5925	0.5
5926	1.0
5927	0.0
5928	0.8
5929	0.5
5930	0.0
5931	0.0
5932	0.8333333333333334
5933	0.0
5934	0.0
5935	1.0
5936	0.5
5937	0.3333333333333333
5938	0.0
5939	0.0
5940	0.0
5941	0.0
5942	0.0
5943	0.0
5944	0.0
5945	0.0
5946	0.0
5947	0.0
5948	0.5
5949	0.0
5950	0.5
5951	0.6666666666666666
5952	1.0
5953	0.8
5954	0.6666666666666666
5955	1.0
5956	0.42857142857142855
5957	0.8571428571428571
5958	0.0
5959	0.0
5960	0.0
5961	0.0
5962	0.25
5963	1.0
5964	1.0
5965	0.0
5966	0.5
5967	0.6666666666666666
5968	0.6666666666666666
5969	0.0
5970	0.0
5971	0.75
5972	0.0
5973	1.0
5974	1.0
5975	0.5
5976	0.0
5977	0.42857142857142855
5978	0.0
5979	0.5
5980	1.0
5981	0.0
5982	0.0
5983	0.6
5984	1.0
5985	0.0
5986	1.0
5987	0.25
5988	0.3870967741935484
5989	0.6666666666666666
5990	0.625
5991	0.0
5992	0.0
5993	0.4444444444444444
5994	1.0
5995	0.3333333333333333
5996	0.0
5997	0.0
5998	0.75
5999	0.0
6000	0.2
6001	0.8
6002	0.0
6003	0.25
6004	0.75
6005	0.8333333333333334
6006	0.75
6007	0.6666666666666666
6008	0.0
6009	0.0
6010	0.7142857142857143
6011	0.0
6012	1.0
6013	0.0
6014	1.0
6015	1.0
6016	0.8333333333333334
6017	0.6666666666666666
6018	0.5714285714285714
6019	1.0
6020	0.75
6021	1.0
6022	1.0
6023	0.0
6024	0.0
6025	0.7
6026	0.5384615384615384
6027	0.0
6028	0.0
6029	1.0
6030	0.75
6031	0.8571428571428571
6032	1.0
6033	0.0
6034	1.0
6035	0.75
6036	1.0
6037	1.0
6038	0.0
6039	1.0
6040	0.6363636363636364
6041	0.6363636363636364
6042	0.5833333333333334
6043	0.8333333333333334
6044	0.75
6045	1.0
6046	0.3333333333333333
6047	0.0
6048	0.5
6049	0.5
6050	0.0
6051	0.875
6052	0.8333333333333334
6053	0.5454545454545454
6054	0.8
6055	0.4
6056	0.75
6057	0.0
6058	0.5
6059	1.0
6060	1.0
6061	0.0
6062	1.0
6063	0.0
6064	0.0
6065	0.0
6066	1.0
6067	1.0
6068	0.9
6069	1.0
6070	0.25
6071	1.0
6072	1.0
6073	0.0
6074	1.0
6075	0.5714285714285714
6076	0.0
6077	0.8
6078	0.7777777777777778
6079	1.0
6080	1.0
6081	1.0
6082	1.0
6083	0.0
6084	0.0
6085	0.7142857142857143
6086	1.0
6087	0.0
6088	0.0
6089	0.4
6090	0.0
6091	0.5
6092	0.5
6093	0.4
6094	1.0
6095	0.6666666666666666
6096	0.0
6097	0.75
6098	0.4
6099	0.6
6100	0.6
6101	1.0
6102	0.0
6103	1.0
6104	0.6666666666666666
6105	0.0
6106	1.0
6107	0.8
6108	0.5384615384615384
6109	0.45454545454545453
6110	0.0
6111	1.0
6112	1.0
6113	1.0
6114	1.0
6115	0.375
6116	0.3333333333333333
6117	0.5
6118	0.09090909090909091
6119	1.0
6120	0.875
6121	0.0
6122	1.0
6123	0.875
6124	0.8
6125	0.3333333333333333
6126	0.0
6127	0.0
6128	0.0
6129	0.0
6130	1.0
6131	0.0
6132	0.0
6133	0.4
6134	1.0
6135	1.0
6136	0.0
6137	1.0
6138	0.625
6139	0.4444444444444444
6140	0.0
6141	0.5
6142	0.5
6143	0.0
6144	0.75
6145	1.0
6146	0.5
6147	0.0
6148	0.0
6149	0.0
6150	0.0
6151	0.5555555555555556
6152	0.6666666666666666
6153	0.3333333333333333
6154	0.0
6155	0.0
6156	1.0
6157	0.0
6158	1.0
6159	0.9
6160	0.45454545454545453
6161	0.75
6162	1.0
6163	0.0
6164	1.0
6165	0.7142857142857143
6166	0.0
6167	1.0
6168	0.8
6169	0.0
6170	0.0
6171	0.625
6172	0.0
6173	0.6666666666666666
6174	0.5
6175	1.0
6176	0.5
6177	0.7142857142857143
6178	0.0
6179	1.0
6180	0.0
6181	0.75
6182	0.0
6183	0.7857142857142857
6184	1.0
6185	0.2
6186	0.8333333333333334
6187	0.0
6188	1.0
6189	0.0
6190	0.0
6191	0.0
6192	0.0
6193	0.0
6194	1.0
6195	1.0
6196	0.8888888888888888
6197	0.8333333333333334
6198	0.3
6199	0.0
6200	0.5
6201	0.0
6202	0.0
6203	0.0
6204	0.4166666666666667
6205	0.875
6206	0.0
6207	0.75
6208	0.0
6209	0.8571428571428571
6210	1.0
6211	0.0
6212	0.0
6213	0.5714285714285714
6214	0.75
6215	0.6666666666666666
6216	0.0
6217	1.0
6218	1.0
6219	0.5
6220	1.0
6221	0.8
6222	1.0
6223	0.6
6224	0.8333333333333334
6225	1.0
6226	0.6666666666666666
6227	0.4
6228	0.0
6229	0.0
6230	0.6666666666666666
6231	0.6666666666666666
6232	0.4
6233	0.7391304347826086
6234	0.6
6235	1.0
6236	0.2
6237	0.0
6238	1.0
6239	1.0
6240	0.0
6241	0.0
6242	1.0
6243	1.0
6244	0.5
6245	0.0
6246	0.0
6247	0.5714285714285714
6248	0.25
6249	0.8333333333333334
6250	0.3333333333333333
6251	NaN
6252	1.0
6253	0.8333333333333334
6254	0.0
6255	0.625
6256	0.5454545454545454
6257	1.0
6258	0.75
6259	0.0
6260	0.8
6261	0.6666666666666666
6262	1.0
6263	1.0
6264	0.5714285714285714
6265	0.0
6266	0.8888888888888888
6267	0.8333333333333334
6268	0.6111111111111112
6269	1.0
6270	0.4
6271	0.0
6272	0.7777777777777778
6273	0.6666666666666666
6274	0.0
6275	0.0
6276	0.0
6277	0.4444444444444444
6278	0.5714285714285714
6279	0.0
6280	1.0
6281	0.3333333333333333
6282	0.4
6283	0.0
6284	0.0
6285	0.0
6286	0.5714285714285714
6287	0.5
6288	0.0
6289	0.0
6290	0.5714285714285714
6291	0.75
6292	0.5
6293	0.8333333333333334
6294	0.6666666666666666
6295	0.8181818181818182
6296	0.0
6297	0.7272727272727273
6298	0.8333333333333334
6299	0.0
6300	0.3333333333333333
6301	0.625
6302	0.0
6303	0.4
6304	0.0
6305	0.25
6306	0.0
6307	0.0
6308	0.8
6309	0.2
6310	0.2
6311	0.0
6312	0.0
6313	0.5
6314	0.2
6315	0.0
6316	0.0
6317	0.0
6318	0.0
6319	0.75
6320	0.5
6321	0.8421052631578947
6322	0.25
6323	0.0
6324	0.3333333333333333
6325	0.75
6326	0.5
6327	0.4444444444444444
6328	0.625
6329	0.5
6330	0.5
6331	0.5
6332	1.0
6333	1.0
6334	1.0
6335	0.7027027027027027
6336	0.0
6337	0.47368421052631576
6338	1.0
6339	0.0
6340	1.0
6341	0.0
6342	0.4444444444444444
6343	0.65
6344	1.0
6345	1.0
6346	0.75
6347	0.0
6348	0.6
6349	0.7142857142857143
6350	0.0
6351	0.3333333333333333
6352	0.0
6353	0.2
6354	0.3333333333333333
6355	1.0
6356	0.8
6357	1.0
6358	0.0
6359	0.5
6360	0.6666666666666666
6361	1.0
6362	0.42857142857142855
6363	0.6666666666666666
6364	0.0
6365	0.0
6366	0.7142857142857143
6367	1.0
6368	1.0
6369	0.75
6370	0.0
6371	0.25
6372	0.0
6373	0.16666666666666666
6374	0.1111111111111111
6375	1.0
6376	0.8571428571428571
6377	0.0
6378	0.0
6379	0.75
6380	0.2
6381	0.0
6382	0.5833333333333334
6383	0.0
6384	0.5
6385	0.3333333333333333
6386	1.0
6387	1.0
6388	0.0
6389	0.0
6390	0.0
6391	0.6666666666666666
6392	1.0
6393	1.0
6394	0.6666666666666666
6395	0.0
6396	0.0
6397	0.6666666666666666
6398	1.0
6399	0.3333333333333333
6400	0.75
6401	1.0
6402	0.5
6403	0.0
6404	0.5
6405	0.25
6406	1.0
6407	0.3333333333333333
6408	0.8333333333333334
6409	0.5
6410	0.8333333333333334
6411	0.5555555555555556
6412	0.75
6413	1.0
6414	0.7272727272727273
6415	0.75
6416	0.5714285714285714
6417	0.5714285714285714
6418	0.5714285714285714
6419	0.0
6420	0.5625
6421	0.5
6422	0.3333333333333333
6423	0.0
6424	0.0
6425	0.0
6426	0.0
6427	0.0
6428	0.3333333333333333
6429	0.3333333333333333
6430	0.25
6431	1.0
6432	0.5
6433	0.0
6434	0.125
6435	0.2
6436	0.6666666666666666
6437	1.0
6438	0.0
6439	NaN
6440	0.0
6441	0.6666666666666666
6442	0.0
6443	0.0
6444	0.16666666666666666
6445	1.0
6446	0.6666666666666666
6447	0.4
6448	1.0
6449	0.0
6450	1.0
6451	0.0
6452	0.75
6453	0.75
6454	0.8571428571428571
6455	0.0
6456	0.75
6457	0.6875
6458	0.0
6459	0.0
6460	0.0
6461	0.0
6462	1.0
6463	1.0
6464	0.75
6465	0.0
6466	0.75
6467	0.2
6468	0.42857142857142855
6469	0.6666666666666666
6470	0.0
6471	0.47058823529411764
6472	0.0
6473	1.0
6474	0.5
6475	0.0
6476	0.6666666666666666
6477	0.0
6478	0.0
6479	0.3333333333333333
6480	0.0
6481	0.2727272727272727
6482	0.6666666666666666
6483	0.3333333333333333
6484	0.0
6485	1.0
6486	0.0
6487	0.5
6488	0.875
6489	0.5
6490	0.6666666666666666
6491	0.5
6492	0.0
6493	0.25
6494	0.5
6495	0.0
6496	0.45161290322580644
6497	0.0
6498	0.42857142857142855
6499	0.6
6500	0.0
6501	0.0
6502	0.16666666666666666
6503	0.16666666666666666
6504	1.0
6505	0.0
6506	0.0
6507	0.0
6508	0.0
6509	1.0
6510	0.0
6511	0.0
6512	0.16666666666666666
6513	0.2857142857142857
6514	1.0
6515	0.0
6516	0.8333333333333334
6517	0.0
6518	0.25
6519	0.3333333333333333
6520	0.6666666666666666
6521	0.5
6522	0.0
6523	0.3333333333333333
6524	0.16666666666666666
6525	0.7142857142857143
6526	0.6666666666666666
6527	0.75
6528	0.42857142857142855
6529	0.0
6530	0.0
6531	0.5
6532	1.0
6533	0.5
6534	0.6666666666666666
6535	1.0
6536	0.4
6537	0.6
6538	0.5
6539	0.875
6540	1.0
6541	0.75
6542	1.0
6543	0.0
6544	0.9166666666666666
6545	0.6666666666666666
6546	0.75
6547	0.2
6548	0.0
6549	0.0
6550	1.0
6551	0.0
6552	0.0
6553	1.0
6554	1.0
6555	0.2857142857142857
6556	0.0
6557	1.0
6558	0.0
6559	1.0
6560	0.0
6561	0.0
6562	0.75
6563	0.3333333333333333
6564	0.6666666666666666
6565	0.0
6566	0.5
6567	0.4
6568	0.0
6569	0.0
6570	0.6666666666666666
6571	1.0
6572	1.0
6573	1.0
6574	0.0
6575	0.0
6576	0.0
6577	0.0
6578	0.2
6579	0.8333333333333334
6580	0.2
6581	0.2857142857142857
6582	0.5
6583	0.2
6584	0.2
6585	0.2857142857142857
6586	0.875
6587	1.0
6588	0.75
6589	0.0
6590	1.0
6591	0.0
6592	0.0
6593	0.0
6594	1.0
6595	0.0
6596	0.5714285714285714
6597	0.0
6598	0.6666666666666666
6599	1.0
6600	0.2
6601	0.4444444444444444
6602	0.14285714285714285
6603	0.0
6604	0.0
6605	0.0
6606	0.3333333333333333
6607	0.5
6608	0.0
6609	1.0
6610	0.8333333333333334
6611	0.07692307692307693
6612	1.0
6613	0.0
6614	0.0
6615	0.0
6616	0.5
6617	0.4
6618	0.6666666666666666
6619	1.0
6620	0.5714285714285714
6621	0.75
6622	0.4
6623	0.5
6624	0.0
6625	0.0
6626	0.0
6627	0.0
6628	0.6666666666666666
6629	0.0
6630	0.1
6631	0.0
6632	0.0
6633	0.5
6634	0.0
6635	0.5
6636	1.0
6637	0.6666666666666666
6638	0.5
6639	0.6666666666666666
6640	0.0
6641	0.0
6642	1.0
6643	0.0
6644	0.0
6645	0.2
6646	1.0
6647	0.0
6648	0.0
6649	0.6666666666666666
6650	0.0
6651	0.3333333333333333
6652	0.0
6653	1.0
6654	0.8333333333333334
6655	0.0
6656	1.0
6657	1.0
6658	0.8947368421052632
6659	0.6428571428571429
6660	0.625
6661	0.5
6662	0.0
6663	0.3333333333333333
6664	0.0
6665	0.0
6666	0.0
6667	0.375
6668	1.0
6669	0.0
6670	0.0
6671	0.6
6672	0.0
6673	0.5
6674	0.0
6675	1.0
6676	0.2
6677	0.0
6678	0.6666666666666666
6679	0.0
6680	1.0
6681	0.0
6682	1.0
6683	0.0
6684	0.0
6685	0.5
6686	0.0
6687	0.4
6688	0.0
6689	0.7142857142857143
6690	0.4
6691	0.0
6692	1.0
6693	0.8
6694	0.0
6695	0.0
6696	1.0
6697	0.0
6698	0.3333333333333333
6699	0.0
6700	1.0
6701	1.0
6702	1.0
6703	0.7
6704	0.3333333333333333
6705	0.625
6706	0.0
6707	0.0
6708	0.625
6709	0.6428571428571429
6710	0.5
6711	1.0
6712	0.0
6713	0.0
6714	0.0
6715	0.0
6716	0.0
6717	0.5
6718	0.8
6719	1.0
6720	0.0
6721	0.0
6722	0.0
6723	0.75
6724	0.0
6725	0.75
6726	1.0
6727	0.75
6728	0.5
6729	0.25
6730	0.5
6731	0.0
6732	0.0
6733	0.0
6734	0.0
6735	0.25
6736	0.0
6737	0.5
6738	0.0
6739	0.6666666666666666
6740	0.8571428571428571
6741	0.8
6742	0.5
6743	0.0
6744	0.75
6745	0.0
6746	0.0
6747	1.0
6748	0.14285714285714285
6749	0.0
6750	0.5
6751	1.0
6752	1.0
6753	0.9090909090909091
6754	1.0
6755	0.0
6756	0.0
6757	0.0
6758	0.0
6759	0.0
6760	0.25
6761	0.0
6762	0.0
6763	0.25
6764	1.0
6765	0.4482758620689655
6766	0.0
6767	1.0
6768	NaN
6769	0.7272727272727273
6770	0.7142857142857143
6771	0.25
6772	0.0
6773	0.0
6774	0.3333333333333333
6775	0.0
6776	0.7
6777	0.0
6778	0.0
6779	0.0
6780	1.0
6781	0.5
6782	0.5
6783	0.0
6784	0.75
6785	0.6666666666666666
6786	0.0
6787	0.8571428571428571
6788	0.8571428571428571
6789	0.9230769230769231
6790	1.0
6791	1.0
6792	0.0
6793	0.0
6794	0.6666666666666666
6795	0.0
6796	0.5833333333333334
6797	1.0
6798	0.3
6799	0.0
6800	0.23529411764705882
6801	1.0
6802	0.0
6803	0.0
6804	0.0
6805	0.0
6806	0.5
6807	1.0
6808	1.0
6809	0.6153846153846154
6810	0.0
6811	0.5
6812	0.8
6813	0.6666666666666666
6814	0.6666666666666666
6815	0.0
6816	0.6666666666666666
6817	0.4
6818	0.4
6819	0.4
6820	0.0
6821	1.0
6822	0.6666666666666666
6823	0.0
6824	0.25
6825	0.0
6826	0.75
6827	0.0
6828	0.5
6829	0.16666666666666666
6830	0.6666666666666666
6831	0.0
6832	0.0
6833	1.0
6834	0.5
6835	0.0
6836	0.25
6837	0.3333333333333333
6838	0.0
6839	1.0
6840	0.3333333333333333
6841	0.5
6842	0.0
6843	0.75
6844	1.0
6845	0.0
6846	0.0
6847	0.0
6848	0.5
6849	0.0
6850	0.0
6851	0.16666666666666666
6852	0.0
6853	0.0
6854	0.0
6855	0.0
6856	0.0
6857	0.5
6858	0.0
6859	0.3333333333333333
6860	0.25
6861	0.0
6862	0.6470588235294118
6863	0.0
6864	1.0
6865	0.6666666666666666
6866	0.6666666666666666
6867	1.0
6868	0.7777777777777778
6869	0.8571428571428571
6870	0.0
6871	0.0
6872	0.0
6873	0.0
6874	0.25
6875	1.0
6876	0.0
6877	0.0
6878	0.0
6879	0.0
6880	0.0
6881	0.0
6882	0.75
6883	0.3333333333333333
6884	0.0
6885	1.0
6886	1.0
6887	0.0
6888	0.3333333333333333
6889	0.5
6890	0.125
6891	0.6666666666666666
6892	0.0
6893	0.0
6894	0.6
6895	0.0
6896	0.3333333333333333
6897	0.0
6898	0.5
6899	1.0
6900	0.0
6901	0.0
6902	0.0
6903	0.0
6904	0.0
6905	0.375
6906	0.0
6907	0.6
6908	0.0
6909	1.0
6910	0.5
6911	1.0
6912	0.0
6913	0.0
6914	0.0
6915	0.5
6916	0.0
6917	0.0
6918	0.0
6919	0.0
6920	0.0
6921	0.0
6922	0.6666666666666666
6923	0.0
6924	0.0
6925	0.2777777777777778
6926	0.42857142857142855
6927	0.0
6928	0.75
6929	0.0
6930	0.0
6931	0.0
6932	NaN
6933	0.5
6934	0.0
6935	0.4
6936	1.0
6937	0.0
6938	0.0
6939	0.0
6940	0.0
6941	0.0
6942	0.0
6943	0.0
6944	0.0
6945	0.4444444444444444
6946	0.0
6947	0.3333333333333333
6948	0.3333333333333333
6949	0.3333333333333333
6950	0.5
6951	0.5
6952	0.0
6953	0.6
6954	0.6
6955	0.6
6956	1.0
6957	0.8333333333333334
6958	0.8333333333333334
6959	0.0
6960	0.2
6961	0.4444444444444444
6962	0.0
6963	0.0
6964	1.0
6965	1.0
6966	0.0
6967	0.6666666666666666
6968	1.0
6969	0.0
6970	0.0
6971	0.0
6972	1.0
6973	1.0
6974	0.0
6975	0.75
6976	0.25
6977	0.3333333333333333
6978	0.0
6979	0.42857142857142855
6980	0.42857142857142855
6981	0.4
6982	1.0
6983	1.0
6984	0.75
6985	0.6
6986	0.0
6987	0.25
6988	0.8
6989	0.6666666666666666
6990	0.5
6991	0.4
6992	0.0
6993	0.0
6994	0.5
6995	0.8333333333333334
6996	0.3333333333333333
6997	1.0
6998	0.0
6999	0.0
7000	0.6666666666666666
7001	0.0
7002	0.3333333333333333
7003	0.0
7004	0.0
7005	0.0
7006	0.0
7007	0.0
7008	0.0
7009	0.0
7010	0.3333333333333333
7011	0.0
7012	0.0
7013	0.0
7014	0.3333333333333333
7015	0.0
7016	0.0
7017	0.0
7018	0.16666666666666666
7019	0.0
7020	0.0
7021	1.0
7022	0.5
7023	0.0
7024	1.0
7025	0.14285714285714285
7026	0.0
7027	0.0
7028	0.0
7029	0.0
7030	0.0
7031	0.0
7032	0.0
7033	0.0
7034	0.0
7035	0.0
7036	0.6666666666666666
7037	0.2857142857142857
7038	0.0
7039	0.5
7040	0.25
7041	0.25
7042	0.3333333333333333
7043	1.0
7044	0.0
7045	0.0
7046	0.0
7047	0.0
7048	0.3333333333333333
7049	0.0
7050	0.3333333333333333
7051	0.0
7052	0.0
7053	1.0
7054	1.0
7055	0.0
7056	0.0
7057	0.6666666666666666
7058	1.0
7059	0.25
7060	0.0
7061	0.0
7062	0.0
7063	0.0
7064	1.0
7065	0.0
7066	1.0
7067	0.0
7068	0.25
7069	0.0
7070	0.6666666666666666
7071	0.0
7072	0.4
7073	0.0
7074	0.5
7075	1.0
7076	0.5
7077	0.42857142857142855
7078	1.0
7079	0.5
7080	0.0
7081	0.0
7082	0.5
7083	1.0
7084	0.5
7085	0.5
7086	0.0
7087	1.0
7088	1.0
7089	1.0
7090	1.0
7091	0.6666666666666666
7092	0.2
7093	0.75
7094	0.0
7095	0.6
7096	0.3125
7097	0.0
7098	1.0
7099	0.5
7100	0.0
7101	0.75
7102	0.75
7103	0.75
7104	0.0
7105	0.0
7106	0.0
7107	0.0
7108	0.0
7109	1.0
7110	0.0
7111	0.4
7112	0.5
7113	0.0
7114	0.0
7115	0.0
7116	1.0
7117	0.0
7118	0.0
7119	0.0
7120	0.0
7121	0.0
7122	0.0
7123	0.0
7124	0.0
7125	0.6666666666666666
7126	0.6666666666666666
7127	0.0
7128	0.0
7129	0.0
7130	0.0
7131	0.0
7132	0.0
7133	0.0
7134	0.0
7135	1.0
7136	0.5
7137	1.0
7138	0.0
7139	0.0
7140	0.0
7141	0.0
7142	0.0
7143	0.0
7144	0.0
7145	0.0
7146	0.0
7147	0.0
7148	0.625
7149	0.0
7150	0.0
7151	0.5
7152	0.0
7153	0.5714285714285714
7154	0.0
7155	0.0
7156	0.0
7157	0.0
7158	0.0
7159	0.0
7160	0.5
7161	0.0
7162	0.0
7163	1.0
7164	0.3333333333333333
7165	0.0
7166	1.0
7167	1.0
7168	0.0
7169	0.0
7170	0.5
7171	0.5
7172	0.0
7173	0.6666666666666666
7174	0.3333333333333333
7175	0.3333333333333333
7176	0.5
7177	0.0
7178	0.5
7179	0.5
7180	0.5
7181	0.5
7182	0.0
7183	0.0
7184	0.0
7185	0.3333333333333333
7186	0.0
7187	0.5
7188	0.0
7189	0.0
7190	0.75
