6	1.0
8	0.0
9	0.0
10	0.0
12	0.75
13	0.2
15	0.5
16	0.9166666666666666
17	0.6666666666666666
20	0.5
21	0.5714285714285714
22	0.5
23	0.4
24	1.0
27	0.5833333333333334
29	0.0
30	0.5714285714285714
33	0.5
34	0.7777777777777778
36	0.0
37	1.0
38	1.0
40	0.15384615384615385
42	0.0
46	0.0625
49	0.25
50	0.8888888888888888
51	0.2
52	0.2857142857142857
54	0.0
55	0.5
58	0.0
59	0.5
61	1.0
63	0.25
64	1.0
66	0.5
68	1.0
70	1.0
71	0.375
72	0.2
73	0.7777777777777778
77	0.5
79	0.6666666666666666
81	1.0
82	0.6666666666666666
83	0.8
84	1.0
85	0.3333333333333333
87	1.0
89	0.2727272727272727
94	1.0
98	1.0
99	1.0
100	1.0
101	0.7
102	0.25
103	0.2222222222222222
104	1.0
105	0.5
107	0.6666666666666666
109	0.6
110	0.5
111	0.8
113	0.75
116	0.3333333333333333
117	0.0
122	0.6666666666666666
124	0.75
127	0.3333333333333333
129	0.3333333333333333
130	1.0
135	1.0
138	0.7777777777777778
139	0.0
140	0.5
141	0.3333333333333333
142	0.3888888888888889
145	1.0
146	1.0
147	0.0
150	0.5
151	0.7142857142857143
153	0.0
154	1.0
156	0.0
161	0.25
162	0.25
163	1.0
164	0.5
165	0.4
166	0.5151515151515151
169	0.8888888888888888
171	0.75
172	0.5454545454545454
175	0.0
177	1.0
179	1.0
182	1.0
183	1.0
184	0.25
188	0.7272727272727273
189	0.5
192	1.0
193	1.0
196	0.5
197	0.75
199	1.0
201	1.0
202	0.75
203	1.0
206	0.5
208	1.0
209	0.16666666666666666
210	0.5
211	0.5
212	0.5
213	0.3333333333333333
214	0.1111111111111111
218	0.1111111111111111
219	0.0
220	0.0
222	0.0
223	1.0
224	1.0
225	0.25
226	0.6666666666666666
227	0.2727272727272727
228	0.3333333333333333
229	0.16666666666666666
231	0.0
233	0.3333333333333333
234	0.3333333333333333
236	0.75
237	0.625
238	0.5
239	0.35714285714285715
240	1.0
242	0.3333333333333333
243	0.8571428571428571
244	1.0
245	1.0
246	0.6666666666666666
247	0.2916666666666667
251	1.0
253	0.7142857142857143
254	0.0
255	1.0
256	1.0
258	0.42857142857142855
260	0.6666666666666666
262	1.0
263	0.8333333333333334
264	1.0
265	0.2
266	0.8
268	0.8
269	1.0
270	1.0
271	0.25
273	1.0
275	0.6666666666666666
276	0.3333333333333333
279	0.0
280	0.2631578947368421
281	0.0
286	1.0
287	0.5
288	0.75
289	0.0
291	0.6
292	0.8571428571428571
293	1.0
294	0.18181818181818182
296	0.375
298	1.0
299	1.0
300	0.2857142857142857
301	0.4
302	0.5
305	0.4
306	0.18181818181818182
308	1.0
309	0.7142857142857143
311	0.4
312	0.5
313	0.75
316	0.0
317	0.6666666666666666
319	1.0
320	0.3333333333333333
321	0.6666666666666666
322	1.0
323	0.6666666666666666
324	1.0
326	0.0
327	0.4444444444444444
328	0.0
329	1.0
330	0.25
332	0.48484848484848486
333	0.48484848484848486
336	0.25
338	1.0
342	0.3333333333333333
343	0.5
347	0.0
348	1.0
349	0.5
352	0.14285714285714285
354	0.6666666666666666
355	1.0
357	1.0
358	0.07142857142857142
359	1.0
360	1.0
361	1.0
362	0.16666666666666666
363	1.0
364	0.5714285714285714
365	0.8
367	0.7142857142857143
370	1.0
371	0.6
373	0.4
375	0.0
376	0.1111111111111111
377	1.0
378	0.38235294117647056
379	0.6666666666666666
381	0.6666666666666666
385	0.875
386	0.6666666666666666
387	0.14285714285714285
388	0.3076923076923077
389	0.0
391	0.0
392	1.0
393	0.25
394	0.14285714285714285
398	0.6666666666666666
401	0.4666666666666667
402	0.5
404	0.6666666666666666
406	1.0
407	1.0
408	0.6
409	1.0
411	0.3
412	1.0
417	0.0
418	0.75
419	0.3076923076923077
420	0.5
421	1.0
424	0.0
425	1.0
426	1.0
427	0.6363636363636364
431	0.0
435	0.3333333333333333
436	1.0
437	1.0
440	0.625
441	1.0
442	0.7777777777777778
443	0.0
444	0.6666666666666666
445	0.5454545454545454
446	0.8333333333333334
447	0.2
448	0.5
450	0.75
451	0.125
452	0.5
453	0.8333333333333334
454	0.875
455	1.0
456	0.3333333333333333
457	0.6666666666666666
461	0.8571428571428571
463	0.8823529411764706
466	0.8
468	1.0
469	1.0
470	0.5
471	0.0
472	0.6666666666666666
473	0.6
474	0.75
477	0.0
482	1.0
483	0.3333333333333333
484	0.5555555555555556
485	0.75
486	0.5
487	0.875
488	0.8333333333333334
489	0.0
490	1.0
493	0.7272727272727273
494	0.4444444444444444
495	1.0
496	0.0
497	0.6666666666666666
498	0.25
499	1.0
502	0.6
506	0.4
509	1.0
510	0.0
511	0.35714285714285715
512	0.5833333333333334
513	0.8
514	0.0
515	0.8888888888888888
517	0.6
520	1.0
521	0.8888888888888888
526	0.3333333333333333
527	1.0
528	0.6666666666666666
529	0.36363636363636365
530	1.0
532	0.75
533	0.25
534	0.8
536	0.375
537	1.0
538	0.8
539	1.0
540	1.0
544	0.5
546	0.6666666666666666
548	0.6666666666666666
550	0.4
552	1.0
553	0.0
554	1.0
555	1.0
556	0.4
559	1.0
560	0.3333333333333333
561	1.0
562	0.7142857142857143
563	0.5
564	0.6666666666666666
565	0.8
566	0.8
567	0.25
570	0.1111111111111111
571	0.6666666666666666
572	0.4
573	1.0
575	1.0
577	0.25
578	0.0
583	1.0
584	0.2
585	1.0
586	1.0
589	0.0
592	0.75
593	0.6666666666666666
595	0.7142857142857143
598	1.0
600	1.0
601	1.0
603	0.3333333333333333
604	0.5
607	0.5
608	1.0
609	0.8125
611	0.46153846153846156
612	0.4444444444444444
613	0.6666666666666666
615	0.0
616	1.0
619	1.0
620	1.0
621	1.0
623	0.6666666666666666
627	0.75
628	1.0
629	1.0
630	0.8
632	0.7272727272727273
633	0.5714285714285714
635	0.5
636	0.2222222222222222
639	0.5
640	0.36363636363636365
641	0.25
642	0.9
643	0.09090909090909091
644	1.0
646	1.0
647	0.6666666666666666
648	0.6666666666666666
650	0.6666666666666666
651	0.8333333333333334
652	1.0
653	0.2
655	0.6363636363636364
658	0.5
659	0.75
660	0.6666666666666666
661	1.0
663	0.3333333333333333
664	0.6666666666666666
665	0.16666666666666666
667	0.5
668	1.0
670	0.14285714285714285
672	0.8
673	1.0
675	1.0
677	0.09090909090909091
678	1.0
680	1.0
683	1.0
685	0.875
686	0.6666666666666666
687	0.5
688	0.6666666666666666
689	1.0
690	1.0
691	1.0
693	1.0
696	0.2
697	0.5714285714285714
703	0.8571428571428571
705	0.75
707	0.3333333333333333
708	0.875
709	0.0
710	0.4
711	0.6
712	0.5333333333333333
713	0.4375
717	0.75
718	0.25
721	0.42857142857142855
723	0.5
724	0.6
728	1.0
729	0.2
730	0.8571428571428571
731	0.4
733	0.36363636363636365
737	1.0
738	0.3333333333333333
740	1.0
743	0.8
746	0.875
747	1.0
749	0.75
752	0.75
755	1.0
757	0.7777777777777778
758	0.7142857142857143
759	0.8
760	1.0
761	0.0
763	0.875
766	0.3333333333333333
767	0.16666666666666666
771	1.0
774	0.4
775	0.5
776	1.0
778	0.5
779	1.0
780	0.6
782	0.3333333333333333
783	0.7142857142857143
786	0.2
791	0.42857142857142855
792	0.75
793	0.5
794	0.5714285714285714
797	1.0
801	0.5384615384615384
802	0.5
804	0.4444444444444444
806	0.5
808	1.0
809	0.6363636363636364
810	1.0
812	0.5714285714285714
813	0.3333333333333333
817	0.2
820	0.5
821	0.0
822	0.2
823	0.0
824	0.0
825	0.1111111111111111
826	0.0
827	0.75
828	0.6428571428571429
829	1.0
830	0.3
834	1.0
837	1.0
838	0.3076923076923077
840	0.5384615384615384
841	0.0
843	0.6363636363636364
844	0.2727272727272727
846	0.0
852	0.75
859	1.0
860	1.0
861	0.0
862	1.0
863	0.6666666666666666
864	0.75
866	0.5
868	1.0
870	1.0
871	0.25
872	1.0
874	0.5
875	0.5555555555555556
876	0.1111111111111111
878	0.75
879	0.14285714285714285
880	0.0
881	0.3076923076923077
883	0.75
884	0.4
885	1.0
886	1.0
887	0.0
888	0.45454545454545453
889	0.25
890	0.3333333333333333
892	1.0
893	0.0
894	1.0
896	1.0
897	0.5
898	0.75
899	0.2727272727272727
901	1.0
903	0.35294117647058826
906	0.5
908	0.2222222222222222
910	0.8333333333333334
912	0.9166666666666666
914	0.6
919	0.375
920	0.45
921	0.6666666666666666
922	1.0
923	0.25
925	0.6
926	0.2
928	1.0
929	1.0
930	0.38461538461538464
931	1.0
933	0.3333333333333333
934	0.75
937	0.8333333333333334
943	0.375
944	0.6666666666666666
947	0.5789473684210527
948	0.0
951	0.6666666666666666
957	0.6666666666666666
959	0.9166666666666666
968	0.1111111111111111
970	0.6666666666666666
971	0.4
972	0.0
973	0.6666666666666666
974	0.5
977	0.2
979	0.5
980	1.0
981	0.75
983	1.0
985	0.6666666666666666
987	0.25
988	0.6666666666666666
990	1.0
992	0.8
994	0.88
995	0.0
996	0.5714285714285714
998	1.0
999	0.6666666666666666
1000	0.3
1001	0.7058823529411765
1003	0.6666666666666666
1004	1.0
1007	0.625
1008	1.0
1010	0.5
1011	1.0
1016	1.0
1017	1.0
1018	0.4
1019	1.0
1023	0.0
1025	1.0
1028	1.0
1030	0.6
1031	0.7272727272727273
1032	0.5
1033	1.0
1034	0.08333333333333333
1038	0.8571428571428571
1039	0.5
1041	0.8857142857142857
1042	0.8
1044	0.5
1045	0.45454545454545453
1046	0.0
1047	0.3333333333333333
1051	0.8888888888888888
1052	0.2
1053	0.4444444444444444
1054	1.0
1055	0.0
1056	0.3333333333333333
1057	0.6666666666666666
1059	1.0
1061	0.2
1062	0.6
1063	0.5
1064	0.75
1065	1.0
1066	1.0
1068	0.8
1069	0.2857142857142857
1070	0.29411764705882354
1071	0.5
1072	1.0
1075	0.7931034482758621
1076	1.0
1077	0.6666666666666666
1079	0.0
1080	0.4666666666666667
1081	0.8
1083	0.0
1084	0.7
1085	0.46153846153846156
1086	0.3333333333333333
1087	0.25
1088	0.3684210526315789
1090	0.6
1091	1.0
1092	0.5
1096	0.0
1097	0.3333333333333333
1098	1.0
1100	0.6666666666666666
1103	1.0
1104	0.875
1106	0.5
1108	1.0
1109	1.0
1114	0.5
1115	0.8
1116	0.36363636363636365
1117	0.0
1118	0.4
1119	0.3333333333333333
1120	0.8333333333333334
1121	0.5
1123	0.0
1125	0.375
1126	0.2727272727272727
1129	0.3333333333333333
1130	0.625
1132	1.0
1133	1.0
1134	0.3684210526315789
1135	0.14285714285714285
1136	0.2
1137	0.2857142857142857
1138	1.0
1140	0.5
1141	0.42857142857142855
1145	1.0
1148	0.5416666666666666
1149	0.0
1151	0.0
1152	1.0
1153	1.0
1155	1.0
1158	0.5714285714285714
1159	0.75
1160	1.0
1163	0.4
1164	1.0
1169	0.5
1172	0.25
1174	1.0
1180	0.6666666666666666
1183	0.0
1184	0.3333333333333333
1185	0.0
1186	0.3333333333333333
1188	1.0
1189	1.0
1190	0.38461538461538464
1192	0.5
1193	1.0
1195	0.38461538461538464
1196	0.6666666666666666
1198	0.0
1201	0.0
1203	0.6666666666666666
1208	0.7272727272727273
1210	0.3333333333333333
1211	0.4444444444444444
1213	0.3333333333333333
1214	0.75
1219	0.2
1220	0.75
1221	0.3333333333333333
1222	0.75
1223	1.0
1224	0.6818181818181818
1225	1.0
1226	0.6666666666666666
1227	1.0
1228	0.5555555555555556
1230	0.125
1232	0.2857142857142857
1233	0.875
1234	1.0
1235	0.5
1236	1.0
1239	1.0
1240	0.75
1241	0.2222222222222222
1245	0.875
1247	1.0
1248	1.0
1249	0.4375
1250	0.3333333333333333
1251	0.5
1253	1.0
1254	0.4375
1255	0.8571428571428571
1256	1.0
1259	0.4
1261	0.4444444444444444
1263	0.5
1264	0.42857142857142855
1265	0.5384615384615384
1266	1.0
1267	0.5
1268	1.0
1270	0.25
1271	0.4
1273	1.0
1274	0.4444444444444444
1275	0.5
1277	1.0
1278	1.0
1279	0.7222222222222222
1280	0.6666666666666666
1281	0.5
1282	0.5
1283	0.6666666666666666
1285	1.0
1287	0.7142857142857143
1288	0.8333333333333334
1289	1.0
1290	0.25
1291	1.0
1292	1.0
1294	1.0
1295	1.0
1296	1.0
1297	0.3333333333333333
1298	0.375
1299	0.25
1300	0.5
1301	0.11764705882352941
1302	0.625
1304	0.8333333333333334
1305	1.0
1306	0.3333333333333333
1308	1.0
1309	1.0
1310	0.36363636363636365
1311	1.0
1313	1.0
1316	0.5454545454545454
1317	0.5555555555555556
1319	0.0
1320	0.75
1322	0.21739130434782608
1323	0.09090909090909091
1328	0.6
1329	0.7692307692307693
1330	0.6
1334	0.5
1335	0.75
1336	1.0
1337	0.5
1339	0.23076923076923078
1340	0.5
1342	0.5
1344	0.0
1345	0.5
1347	0.7272727272727273
1349	0.5
1350	0.16666666666666666
1351	1.0
1352	0.75
1353	0.75
1354	1.0
1355	1.0
1356	0.6666666666666666
1357	0.5
1360	0.6666666666666666
1361	0.5
1364	1.0
1365	0.0
1367	0.2857142857142857
1368	0.6
1369	1.0
1370	1.0
1372	1.0
1374	0.0
1376	0.8571428571428571
1377	1.0
1379	0.4
1382	0.8
1383	1.0
1384	0.6
1385	0.6666666666666666
1386	0.23076923076923078
1387	0.0
1388	0.3333333333333333
1391	0.6
1392	0.6666666666666666
1394	0.42857142857142855
1396	0.5833333333333334
1400	0.5
1403	1.0
1405	0.5384615384615384
1409	1.0
1410	0.8
1411	0.8
1412	0.6363636363636364
1413	0.35294117647058826
1414	0.8333333333333334
1415	0.5
1416	1.0
1418	0.25
1422	0.3333333333333333
1424	0.5
1425	0.7647058823529411
1426	0.75
1427	1.0
1428	1.0
1429	0.6666666666666666
1430	0.2857142857142857
1431	0.2857142857142857
1432	0.5
1435	0.6666666666666666
1439	0.8
1443	1.0
1444	0.9090909090909091
1446	0.6666666666666666
1447	1.0
1448	0.5
1449	0.0
1450	0.7857142857142857
1451	0.0
1452	1.0
1453	0.4
1456	0.0
1458	1.0
1461	0.2
1462	0.23529411764705882
1463	0.25
1464	0.6111111111111112
1465	0.0
1467	0.5454545454545454
1468	0.4
1469	0.8333333333333334
1470	0.6666666666666666
1471	1.0
1472	0.44
1473	0.5
1476	0.75
1477	0.0
1478	0.5
1479	0.0
1481	0.6666666666666666
1482	1.0
1483	0.8
1484	0.6666666666666666
1485	0.0
1486	0.6666666666666666
1487	0.5
1488	0.5
1489	0.4444444444444444
1491	0.9411764705882353
1493	0.5
1494	0.8
1495	0.5
1496	0.5263157894736842
1497	0.3333333333333333
1498	1.0
1500	0.2222222222222222
1501	0.8333333333333334
1502	0.6666666666666666
1506	1.0
1508	0.75
1509	0.75
1510	0.2857142857142857
1513	0.5
1514	0.6666666666666666
1515	1.0
1518	0.6666666666666666
1519	0.6666666666666666
1520	0.0
1522	0.0
1523	1.0
1524	1.0
1525	0.0
1528	0.0
1529	1.0
1530	1.0
1531	0.6666666666666666
1532	0.3333333333333333
1533	0.3333333333333333
1534	0.75
1536	1.0
1537	0.25
1539	0.9
1540	0.6666666666666666
1541	1.0
1542	0.25
1543	1.0
1546	0.0
1547	0.5
1550	0.75
1552	0.5
1555	1.0
1556	0.5
1557	1.0
1558	0.7142857142857143
1559	0.6
1560	0.7777777777777778
1561	0.46153846153846156
1563	0.55
1565	1.0
1568	0.6666666666666666
1569	0.8333333333333334
1570	1.0
1571	0.42857142857142855
1573	0.4
1574	0.7333333333333333
1575	0.0
1577	0.17647058823529413
1578	0.0
1579	0.75
1581	0.4
1583	1.0
1584	1.0
1585	0.5
1587	0.6666666666666666
1590	0.5454545454545454
1591	0.875
1594	0.5
1596	0.6363636363636364
1599	0.2
1601	0.4
1603	0.6666666666666666
1604	1.0
1605	0.75
1608	1.0
1610	0.2857142857142857
1611	1.0
1614	0.7142857142857143
1615	0.6428571428571429
1618	0.7
1619	1.0
1620	0.0
1621	0.6
1622	0.16666666666666666
1625	0.5
1627	0.75
1628	0.42857142857142855
1629	0.5
1630	0.5
1631	0.8
1632	0.6666666666666666
1633	0.6
1635	0.4
1637	0.0
1638	0.0
1639	0.25
1640	0.0
1641	0.3333333333333333
1642	0.3333333333333333
1643	0.5833333333333334
1645	1.0
1646	0.0
1648	0.75
1649	1.0
1650	1.0
1652	0.75
1653	0.75
1654	0.5714285714285714
1655	0.8333333333333334
1657	0.6666666666666666
1658	0.5
1659	0.7142857142857143
1662	0.6666666666666666
1664	0.2857142857142857
1666	1.0
1667	0.0
1669	1.0
1670	1.0
1671	0.8
1672	0.75
1673	0.16666666666666666
1674	0.0
1676	0.0
1677	1.0
1681	0.25
1682	0.5
1685	0.8333333333333334
1686	0.625
1687	0.0
1688	0.0
1691	0.16666666666666666
1692	0.4166666666666667
1693	0.2631578947368421
1697	0.6666666666666666
1700	1.0
1701	0.3333333333333333
1702	0.08333333333333333
1704	0.8333333333333334
1705	0.6666666666666666
1706	1.0
1709	0.6666666666666666
1710	0.0
1711	0.3333333333333333
1713	0.5
1717	0.0
1718	0.25
1722	0.0
1723	1.0
1724	0.42857142857142855
1727	0.6
1729	0.16666666666666666
1731	0.5
1733	0.8
1734	0.6666666666666666
1735	0.25
1736	1.0
1737	1.0
1738	0.6
1739	0.0
1740	1.0
1745	0.3333333333333333
1747	0.5
1750	0.6
1751	1.0
1752	0.6666666666666666
1753	0.75
1755	0.4444444444444444
1756	0.25
1757	0.18181818181818182
1758	0.4
1759	0.75
1760	0.6666666666666666
1762	0.4
1763	0.75
1764	0.4166666666666667
1765	0.0
1766	0.4
1768	0.5769230769230769
1770	0.5
1773	0.6666666666666666
1775	0.3076923076923077
1776	1.0
1777	0.5
1778	0.6666666666666666
1779	0.4
1780	0.5
1781	0.8461538461538461
1783	0.3333333333333333
1784	0.6428571428571429
1786	1.0
1787	1.0
1790	0.5
1791	0.625
1792	1.0
1794	0.5454545454545454
1796	0.5
1798	0.0
1802	0.0
1804	1.0
1805	0.0
1807	0.7241379310344828
1808	1.0
1809	0.1
1810	0.0
1812	0.5714285714285714
1816	1.0
1817	0.6153846153846154
1821	0.7777777777777778
1822	0.42857142857142855
1823	0.0
1827	0.0
1828	0.7777777777777778
1829	0.5
1830	0.38095238095238093
1831	0.5833333333333334
1834	0.5
1835	0.6
1836	1.0
1837	0.25
1838	0.3333333333333333
1840	1.0
1841	0.6666666666666666
1843	0.8
1844	0.0
1845	1.0
1847	0.6666666666666666
1848	0.4
1850	1.0
1851	0.16666666666666666
1853	0.5
1855	0.4583333333333333
1856	0.29411764705882354
1857	0.8461538461538461
1858	0.8571428571428571
1859	0.8333333333333334
1864	0.06666666666666667
1866	0.5833333333333334
1868	1.0
1869	0.5
1870	0.6
1872	0.5714285714285714
1873	0.8
1874	1.0
1875	0.2857142857142857
1879	0.2222222222222222
1883	0.2727272727272727
1884	0.36363636363636365
1887	1.0
1888	0.6666666666666666
1889	1.0
1890	0.5454545454545454
1891	0.8571428571428571
1892	0.0
1893	0.5
1894	0.2
1896	0.8333333333333334
1899	0.25
1900	1.0
1901	0.6363636363636364
1902	0.375
1903	0.75
1904	0.42857142857142855
1905	0.2222222222222222
1906	0.75
1907	0.6428571428571429
1910	0.1
1911	0.5833333333333334
1912	0.4444444444444444
1913	0.47368421052631576
1914	0.5
1916	0.0
1917	0.5
1919	1.0
1921	0.5
1922	0.3684210526315789
1923	0.5
1924	1.0
1927	0.5
1930	0.6666666666666666
1931	0.375
1932	0.3333333333333333
1934	0.6666666666666666
1938	0.75
1940	0.47058823529411764
1942	0.4444444444444444
1943	0.0
1947	1.0
1948	0.25
1949	0.7142857142857143
1951	0.25
1952	0.625
1954	0.75
1957	0.0
1958	0.0
1959	0.3333333333333333
1960	1.0
1961	0.75
1962	0.5
1964	0.25
1965	0.5
1966	0.75
1967	0.625
1969	0.5
1971	1.0
1972	1.0
1973	0.3333333333333333
1974	0.5
1975	1.0
1977	0.6
1979	0.375
1980	0.3333333333333333
1981	1.0
1982	0.5
1983	0.4444444444444444
1984	0.5555555555555556
1985	0.2
1986	0.4444444444444444
1988	1.0
1990	0.6666666666666666
1993	0.4782608695652174
1994	1.0
1995	0.6
1997	0.5714285714285714
1998	0.5
2000	0.38461538461538464
2001	0.5
2002	0.0
2003	0.2222222222222222
2004	0.0
2005	0.625
2006	0.125
2007	1.0
2008	0.0
2009	0.21428571428571427
2010	0.14285714285714285
2014	0.8888888888888888
2015	1.0
2016	0.25
2019	0.6666666666666666
2020	0.75
2022	0.5
2026	0.0
2027	0.5
2028	0.75
2029	0.25
2031	0.6
2032	0.0
2033	0.6666666666666666
2035	0.8571428571428571
2037	0.1111111111111111
2038	0.5
2040	1.0
2042	0.125
2043	0.16666666666666666
2044	0.8571428571428571
2045	0.38461538461538464
2046	0.0
2047	0.5
2048	0.0
2050	0.23076923076923078
2051	1.0
2052	0.07692307692307693
2054	0.6666666666666666
2055	0.7142857142857143
2057	0.5384615384615384
2059	0.75
2060	0.6666666666666666
2061	0.0
2063	0.8666666666666667
2064	0.7333333333333333
2066	0.6666666666666666
2067	0.8333333333333334
2068	0.8333333333333334
2070	0.3333333333333333
2071	0.6666666666666666
2073	0.5
2074	0.11764705882352941
2076	0.42857142857142855
2077	0.14285714285714285
2080	0.3
2081	1.0
2082	0.3333333333333333
2084	1.0
2085	0.2857142857142857
2086	0.6666666666666666
2088	0.36065573770491804
2089	0.0
2090	0.42105263157894735
2091	0.16666666666666666
2092	0.0
2093	1.0
2094	0.75
2096	0.0
2098	0.0
2099	0.5
2103	1.0
2104	0.75
2105	0.4
2106	0.8
2107	0.6
2110	0.8571428571428571
2113	0.0
2116	0.18181818181818182
2118	0.5
2120	0.375
2121	0.40625
2122	0.8571428571428571
2123	0.3333333333333333
2124	1.0
2125	0.75
2126	0.8571428571428571
2127	0.23076923076923078
2128	0.75
2129	0.75
2131	0.42857142857142855
2132	0.5
2133	1.0
2136	0.875
2138	1.0
2139	0.25
2141	1.0
2143	1.0
2145	0.5
2146	0.5555555555555556
2147	0.1
2148	0.5
2150	0.25
2154	1.0
2155	0.3076923076923077
2156	0.8333333333333334
2159	0.5454545454545454
2161	1.0
2162	0.0
2163	0.6666666666666666
2164	0.8333333333333334
2165	0.6
2166	0.7142857142857143
2169	0.8461538461538461
2171	0.2857142857142857
2173	0.8333333333333334
2174	0.4
2175	0.8
2176	1.0
2177	1.0
2182	0.8571428571428571
2183	1.0
2184	0.5
2186	1.0
2188	0.3287671232876712
2189	0.8
2190	0.1111111111111111
2192	0.6666666666666666
2194	0.0
2195	0.3333333333333333
2196	0.5
2197	0.0
2198	0.0
2199	0.6666666666666666
2202	0.14285714285714285
2203	0.0
2205	0.7272727272727273
2207	1.0
2211	0.0
2214	0.45454545454545453
2215	0.0
2216	0.5714285714285714
2217	0.75
2218	0.2
2219	0.5833333333333334
2222	0.0
2223	0.3333333333333333
2225	0.0
2227	0.6666666666666666
2228	0.5151515151515151
2231	1.0
2232	0.6
2234	0.6666666666666666
2235	0.25
2238	1.0
2240	1.0
2241	0.75
2242	0.75
2243	0.0
2244	1.0
2245	0.8571428571428571
2246	1.0
2248	0.75
2249	1.0
2250	0.2
2252	0.6666666666666666
2253	0.75
2255	0.75
2257	0.8
2259	0.6
2261	1.0
2263	0.3333333333333333
2264	0.6
2268	0.0
2269	0.0
2271	1.0
2272	0.7777777777777778
2273	0.5
2274	0.5714285714285714
2275	0.5
2277	0.8333333333333334
2281	0.625
2282	0.4166666666666667
2283	1.0
2285	0.4666666666666667
2286	0.0
2287	0.5813953488372093
2288	0.25
2290	0.06666666666666667
2291	0.625
2292	1.0
2293	0.0
2296	0.6
2297	1.0
2298	0.631578947368421
2299	0.0
2301	1.0
2302	1.0
2303	0.6666666666666666
2305	0.0
2306	0.0
2307	1.0
2308	0.75
2309	0.3333333333333333
2310	1.0
2311	1.0
2312	0.0
2315	0.5
2316	0.0
2317	0.0
2321	1.0
2322	1.0
2323	1.0
2327	0.2857142857142857
2329	0.75
2330	1.0
2335	0.9285714285714286
2336	0.3
2337	0.25
2338	0.2857142857142857
2339	0.0
2340	0.5
2341	0.2857142857142857
2342	0.6666666666666666
2343	1.0
2344	0.2857142857142857
2347	0.2857142857142857
2348	0.8181818181818182
2349	0.14285714285714285
2350	0.2727272727272727
2351	0.7
2352	1.0
2353	0.8
2357	0.2222222222222222
2359	0.29411764705882354
2360	0.5
2361	1.0
2362	0.0
2363	0.0
2364	0.38461538461538464
2366	1.0
2368	0.45454545454545453
2369	0.4
2370	0.0
2372	0.7857142857142857
2373	1.0
2374	0.5714285714285714
2375	1.0
2376	0.6666666666666666
2377	0.75
2378	0.36363636363636365
2379	0.6666666666666666
2380	0.3333333333333333
2383	0.3333333333333333
2384	1.0
2386	0.5
2387	0.0
2390	0.9230769230769231
2391	0.3333333333333333
2392	0.0
2393	0.25
2395	0.5882352941176471
2396	0.6666666666666666
2398	0.6666666666666666
2401	0.6
2403	1.0
2404	0.5833333333333334
2407	0.8
2409	0.1590909090909091
2412	0.0
2413	0.5
2415	1.0
2416	1.0
2417	0.3333333333333333
2418	0.0
2421	0.75
2423	0.8333333333333334
2425	0.5
2426	1.0
2428	0.38461538461538464
2430	0.3333333333333333
2431	0.8333333333333334
2432	0.8
2435	0.4375
2437	0.5
2438	0.75
2439	0.5
2441	0.625
2444	1.0
2445	0.0
2447	0.42857142857142855
2449	0.3333333333333333
2450	0.3333333333333333
2451	0.5
2453	0.8571428571428571
2454	0.3333333333333333
2455	0.2727272727272727
2456	0.2727272727272727
2457	0.0
2458	0.8333333333333334
2461	0.5
2464	0.5555555555555556
2465	0.25
2468	0.0
2470	0.3333333333333333
2471	0.5
2472	1.0
2473	0.0
2474	0.625
2475	0.6
2476	1.0
2479	0.6666666666666666
2480	0.25
2481	0.5
2482	0.5
2483	0.8
2484	0.8
2485	0.75
2486	1.0
2487	0.75
2489	1.0
2491	0.3333333333333333
2493	0.3
2495	0.6190476190476191
2496	0.6666666666666666
2497	0.4
2500	0.14285714285714285
2501	0.4782608695652174
2502	0.8
2504	0.2
2505	0.14285714285714285
2506	1.0
2507	0.0
2509	0.8333333333333334
2511	0.6666666666666666
2512	0.75
2513	0.5555555555555556
2514	0.2
2515	0.5
2519	0.0
2522	1.0
2524	0.23809523809523808
2526	0.625
2528	0.4
2529	0.1
2530	0.8571428571428571
2531	0.6666666666666666
2533	1.0
2534	0.6428571428571429
2535	0.6666666666666666
2536	0.75
2537	1.0
2538	0.5789473684210527
2540	0.1111111111111111
2541	0.4444444444444444
2545	0.0
2548	0.6
2550	0.5714285714285714
2551	0.0
2552	0.75
2556	0.8
2558	0.06521739130434782
2560	0.6
2561	0.4375
2562	0.7142857142857143
2563	0.4583333333333333
2566	0.5625
2567	0.5
2570	1.0
2572	0.4166666666666667
2573	0.75
2574	0.5333333333333333
2575	0.5714285714285714
2577	0.5555555555555556
2578	0.058823529411764705
2579	0.0
2580	0.3333333333333333
2581	0.0
2583	0.5
2584	0.3
2586	1.0
2587	0.5
2588	0.6666666666666666
2589	0.9
2590	0.1
2591	0.8
2592	0.9
2593	0.5
2594	0.4
2596	0.5
2597	0.5
2598	0.21739130434782608
2599	0.375
2600	0.6
2602	1.0
2603	1.0
2604	1.0
2605	0.7692307692307693
2606	0.6666666666666666
2607	0.6
2610	0.75
2612	0.75
2613	0.7857142857142857
2614	0.5
2615	0.6666666666666666
2616	1.0
2617	0.0
2619	0.9
2620	0.6666666666666666
2621	0.6
2622	0.2222222222222222
2623	0.5555555555555556
2626	0.5
2627	0.3333333333333333
2628	0.0
2629	1.0
2633	0.8666666666666667
2634	1.0
2636	0.0
2637	0.0
2638	0.8
2639	1.0
2640	0.7142857142857143
2641	0.625
2642	0.0
2644	0.8181818181818182
2646	0.3333333333333333
2647	1.0
2648	0.0
2650	0.0
2651	0.9166666666666666
2652	0.6666666666666666
2653	0.25
2654	1.0
2656	0.25
2658	1.0
2659	0.6666666666666666
2661	0.75
2663	1.0
2664	1.0
2667	0.5
2668	0.5
2669	0.5
2673	0.6
2674	0.0
2675	0.5
2676	0.0
2677	1.0
2679	0.2
2681	1.0
2682	0.75
2683	0.5
2684	1.0
2685	0.6666666666666666
2686	0.6666666666666666
2688	0.75
2689	1.0
2690	0.75
2691	1.0
2692	0.5
2693	0.6
2694	0.6461538461538462
2695	1.0
2696	0.13333333333333333
2697	0.5
2698	1.0
2699	0.46153846153846156
2700	0.6666666666666666
2703	0.8
2705	0.0
2706	1.0
2707	0.5454545454545454
2708	1.0
2710	0.0
2714	1.0
2718	0.75
2719	0.6086956521739131
2720	0.6666666666666666
2721	0.6666666666666666
2723	0.6666666666666666
2724	0.75
2726	0.0
2727	0.5
2728	1.0
2729	0.0
2730	0.5714285714285714
2731	0.6666666666666666
2732	0.0
2737	0.3
2738	0.3333333333333333
2739	1.0
2740	0.75
2745	0.2777777777777778
2747	0.8
2748	0.5
2749	0.8333333333333334
2750	0.3333333333333333
2751	1.0
2753	1.0
2755	0.6666666666666666
2756	0.375
2757	1.0
2759	0.2857142857142857
2760	0.3
2762	0.3076923076923077
2764	1.0
2766	0.75
2767	0.47368421052631576
2769	0.6666666666666666
2770	0.0
2771	0.3333333333333333
2772	1.0
2773	0.2222222222222222
2774	0.7333333333333333
2775	0.16666666666666666
2777	0.16666666666666666
2779	0.36363636363636365
2780	0.0
2781	0.75
2782	0.5
2783	0.0
2784	0.3333333333333333
2785	0.5
2789	0.75
2790	1.0
2791	0.45454545454545453
2792	0.5833333333333334
2796	0.75
2797	0.07142857142857142
2800	0.75
2802	0.875
2803	1.0
2804	1.0
2805	0.6666666666666666
2806	0.42857142857142855
2808	0.0
2809	0.2857142857142857
2810	0.5454545454545454
2811	0.4
2814	0.16666666666666666
2817	0.2
2821	0.5
2822	1.0
2823	0.5
2827	0.5
2828	0.45454545454545453
2829	0.6666666666666666
2830	0.7777777777777778
2831	0.6
2832	0.5
2834	0.35714285714285715
2835	0.75
2836	0.46153846153846156
2837	0.3333333333333333
2838	0.0
2839	1.0
2840	0.5
2842	0.10714285714285714
2843	0.0
2844	0.5
2845	0.6
2846	0.25
2847	1.0
2848	1.0
2850	0.6
2851	0.8
2852	1.0
2853	0.0
2855	0.8
2858	1.0
2859	0.5555555555555556
2860	0.2857142857142857
2862	0.7333333333333333
2863	0.14285714285714285
2864	0.0
2867	0.9154929577464789
2868	0.25
2869	1.0
2870	0.4230769230769231
2872	0.8
2873	0.5714285714285714
2874	1.0
2877	0.5714285714285714
2878	0.2857142857142857
2879	0.5
2880	0.0
2881	1.0
2883	0.8
2885	0.2
2887	0.0
2889	1.0
2890	1.0
2891	1.0
2892	1.0
2893	0.5
2895	1.0
2896	0.0
2898	0.16666666666666666
2899	0.3125
2900	0.5
2901	1.0
2902	1.0
2903	1.0
2905	0.42857142857142855
2906	0.5714285714285714
2907	1.0
2911	0.6666666666666666
2912	0.0
2913	0.0
2915	0.42857142857142855
2916	0.6666666666666666
2917	0.3333333333333333
2918	0.6666666666666666
2919	0.36363636363636365
2920	0.5
2921	0.0
2922	1.0
2925	0.3333333333333333
2926	0.8333333333333334
2927	1.0
2928	0.0
2931	0.3333333333333333
2932	0.8
2934	0.5
2935	0.75
2936	0.45454545454545453
2937	0.5294117647058824
2938	0.375
2940	1.0
2942	0.7777777777777778
2943	1.0
2946	0.6666666666666666
2947	1.0
2948	1.0
2949	1.0
2950	0.25
2951	0.5
2952	0.0
2954	0.9090909090909091
2955	0.5333333333333333
2956	0.2857142857142857
2957	0.875
2960	0.5
2961	0.5
2962	0.7
2964	0.9
2965	0.0
2967	0.4
2969	0.6666666666666666
2970	0.0
2972	1.0
2977	1.0
2978	0.75
2979	0.4666666666666667
2980	1.0
2981	1.0
2982	0.8
2983	0.5
2984	0.16666666666666666
2985	0.8
2987	0.7272727272727273
2988	0.875
2990	1.0
2992	0.375
2993	0.6666666666666666
2994	1.0
2995	0.4444444444444444
2996	0.5
2997	0.6666666666666666
2998	0.5
2999	0.6666666666666666
3000	0.1875
3001	1.0
3003	0.0
3006	0.7777777777777778
3007	0.5
3008	0.6153846153846154
3009	1.0
3010	0.8
3011	0.3333333333333333
3012	0.0
3013	0.8
3014	0.5
3015	0.7142857142857143
3016	0.7857142857142857
3017	0.5555555555555556
3018	0.25
3019	0.375
3020	0.0
3021	1.0
3022	0.75
3024	0.14285714285714285
3025	1.0
3026	0.4
3028	0.8181818181818182
3030	1.0
3033	0.09523809523809523
3034	0.8333333333333334
3035	1.0
3036	0.8
3037	0.625
3038	1.0
3039	0.6
3040	0.8
3041	0.5555555555555556
3042	0.16666666666666666
3043	0.8
3045	1.0
3046	0.0
3049	0.75
3050	1.0
3051	0.16666666666666666
3052	0.7142857142857143
3053	0.14285714285714285
3054	0.0
3055	0.3
3057	0.4
3058	0.4
3060	0.75
3061	1.0
3062	1.0
3063	1.0
3064	0.8333333333333334
3066	0.16666666666666666
3067	1.0
3069	1.0
3070	0.2727272727272727
3074	0.5789473684210527
3075	1.0
3076	1.0
3077	1.0
3078	0.0
3079	0.25
3080	0.5
3081	0.5
3082	1.0
3083	0.6666666666666666
3084	0.5
3085	0.0
3086	0.75
3087	0.5116279069767442
3088	1.0
3090	0.0
3091	0.6666666666666666
3092	1.0
3093	0.2
3094	0.8571428571428571
3095	0.875
3096	0.6666666666666666
3099	0.0
3103	0.5714285714285714
3104	0.2857142857142857
3105	0.6666666666666666
3109	0.5
3110	0.6666666666666666
3111	0.5
3116	1.0
3118	0.5
3119	0.8
3121	0.5
3125	1.0
3126	0.6363636363636364
3127	0.25
3129	0.75
3131	0.3157894736842105
3132	0.75
3135	0.35294117647058826
3137	1.0
3138	1.0
3139	1.0
3141	0.0
3142	0.5333333333333333
3143	1.0
3144	0.6666666666666666
3145	0.058823529411764705
3146	1.0
3148	0.3333333333333333
3149	0.5
3150	0.8333333333333334
3151	0.5625
3154	0.6666666666666666
3155	0.18181818181818182
3156	1.0
3157	0.8333333333333334
3158	0.3333333333333333
3159	0.75
3160	0.5
3161	0.5
3162	1.0
3163	1.0
3164	0.6923076923076923
3166	1.0
3168	0.25
3169	1.0
3170	0.8333333333333334
3171	1.0
3172	1.0
3173	1.0
3174	1.0
3175	0.8
3176	0.42857142857142855
3178	0.8235294117647058
3179	0.2222222222222222
3181	1.0
3182	0.8571428571428571
3184	0.36363636363636365
3185	0.3333333333333333
3186	0.75
3188	1.0
3189	1.0
3191	0.9166666666666666
3192	1.0
3195	0.6666666666666666
3197	0.6666666666666666
3198	0.6666666666666666
3199	0.0
3200	0.75
3203	0.6
3205	0.375
3206	0.75
3207	1.0
3209	1.0
3211	0.8181818181818182
3212	0.4166666666666667
3213	0.625
3214	0.0
3216	1.0
3217	0.42857142857142855
3218	1.0
3219	1.0
3220	0.0
3221	0.7142857142857143
3224	0.8
3226	0.8
3231	0.3333333333333333
3233	0.6666666666666666
3235	0.25
3236	0.6
3237	0.6666666666666666
3238	0.8
3240	1.0
3241	0.5
3242	0.6
3243	0.8333333333333334
3245	0.75
3247	0.2
3248	1.0
3249	0.5
3250	0.0
3251	0.0
3252	0.5833333333333334
3253	0.75
3254	0.3333333333333333
3255	0.5
3258	0.6923076923076923
3259	1.0
3260	1.0
3263	1.0
3268	0.0
3269	1.0
3271	0.0
3273	0.0
3274	0.4
3275	1.0
3276	0.6666666666666666
3278	0.25
3279	0.0
3280	0.14285714285714285
3282	1.0
3284	1.0
3285	0.5714285714285714
3286	0.6666666666666666
3287	0.9166666666666666
3289	1.0
3290	0.5
3292	0.5
3293	0.5555555555555556
3294	1.0
3295	0.6666666666666666
3296	0.6
3298	0.5
3299	0.0
3300	0.6296296296296297
3301	0.6
3302	0.75
3303	1.0
3304	0.0
3305	0.42857142857142855
3306	0.5
3307	0.8333333333333334
3310	0.3
3313	0.16666666666666666
3316	0.6428571428571429
3318	0.125
3319	0.25
3321	0.0
3322	0.3333333333333333
3323	0.2857142857142857
3324	0.5
3325	0.6666666666666666
3326	0.75
3327	0.7222222222222222
3329	0.6666666666666666
3330	0.0
3331	0.0
3335	0.0
3336	0.7
3337	0.8333333333333334
3338	0.75
3339	0.3
3340	1.0
3341	1.0
3343	0.4
3344	0.36363636363636365
3345	0.25
3346	0.125
3347	0.0
3349	0.2727272727272727
3350	0.15
3352	0.6
3353	1.0
3355	1.0
3356	0.6
3358	0.6666666666666666
3359	0.2222222222222222
3361	1.0
3362	0.2857142857142857
3364	0.2
3367	0.4
3368	1.0
3370	0.0
3371	1.0
3372	0.875
3373	0.7142857142857143
3374	0.4
3375	1.0
3376	0.3
3377	1.0
3378	0.39285714285714285
3379	0.0
3380	0.5
3382	0.5714285714285714
3383	0.0
3384	1.0
3386	0.3333333333333333
3387	0.28125
3388	1.0
3389	0.8333333333333334
3390	0.058823529411764705
3391	0.6666666666666666
3392	0.8333333333333334
3393	1.0
3394	0.2222222222222222
3396	1.0
3397	0.4
3398	0.875
3399	0.5
3400	0.6363636363636364
3401	1.0
3402	0.8
3403	0.4583333333333333
3405	0.14285714285714285
3407	0.8
3408	0.75
3410	0.5
3411	1.0
3412	0.25
3413	0.6666666666666666
3414	0.631578947368421
3417	0.75
3418	0.5
3419	1.0
3420	1.0
3421	0.25
3422	0.7
3423	0.5
3424	1.0
3425	0.5
3427	0.5
3428	0.5
3429	0.0
3431	1.0
3432	0.0
3433	0.6666666666666666
3434	0.38461538461538464
3435	0.9230769230769231
3437	0.2
3438	0.7142857142857143
3439	0.5
3440	0.3333333333333333
3441	0.6666666666666666
3442	1.0
3443	0.8
3444	0.6
3445	0.0
3446	0.3333333333333333
3448	0.25
3449	0.5
3450	0.07692307692307693
3451	0.6666666666666666
3452	0.0
3454	0.8
3456	1.0
3458	0.8888888888888888
3461	0.0
3462	1.0
3464	1.0
3465	0.7142857142857143
3466	0.6
3467	0.0
3468	0.5
3469	0.75
3470	0.3333333333333333
3471	0.5714285714285714
3472	0.2
3473	1.0
3476	1.0
3477	0.5
3478	0.6666666666666666
3479	1.0
3480	1.0
3481	1.0
3482	0.07142857142857142
3483	0.0
3484	1.0
3489	0.5
3490	0.6666666666666666
3491	0.42857142857142855
3492	0.0
3494	0.42857142857142855
3495	1.0
3496	0.4375
3497	0.4
3498	1.0
3499	0.42857142857142855
3500	0.5454545454545454
3501	0.6
3502	0.3333333333333333
3503	0.3333333333333333
3504	0.6666666666666666
3505	0.0
3507	0.0
3509	1.0
3510	1.0
3511	0.8333333333333334
3513	0.7857142857142857
3514	1.0
3515	0.7142857142857143
3516	0.5
3517	1.0
3518	1.0
3519	1.0
3520	0.5909090909090909
3521	0.2
3522	0.3333333333333333
3523	1.0
3524	0.5
3525	1.0
3526	0.7777777777777778
3527	0.25
3528	0.6666666666666666
3531	0.5
3532	0.5
3534	0.5384615384615384
3536	0.6666666666666666
3537	1.0
3538	0.2857142857142857
3539	0.8571428571428571
3540	0.625
3541	0.5
3542	0.5
3543	1.0
3545	0.6
3546	1.0
3549	0.8333333333333334
3550	0.14285714285714285
3554	0.75
3555	1.0
3556	0.0
3557	0.0
3558	0.6666666666666666
3559	0.6521739130434783
3561	0.5
3563	0.5
3564	0.8571428571428571
3565	1.0
3566	0.3333333333333333
3567	0.75
3568	0.21052631578947367
3569	1.0
3570	0.0
3573	0.3333333333333333
3574	1.0
3575	0.3
3576	0.2857142857142857
3577	0.8333333333333334
3578	0.8571428571428571
3579	0.5
3580	0.6666666666666666
3581	0.0
3582	0.625
3583	0.6666666666666666
3584	0.5
3585	1.0
3586	0.8888888888888888
3587	1.0
3588	1.0
3589	0.8
3590	0.0
3592	0.4
3593	0.7142857142857143
3594	0.6666666666666666
3595	0.5
3596	0.8461538461538461
3597	1.0
3598	0.4444444444444444
3599	0.3333333333333333
3600	0.75
3601	1.0
3602	1.0
3603	0.0
3604	1.0
3606	0.4444444444444444
3607	0.75
3608	0.0
3610	0.8
3611	0.8
3613	1.0
3615	0.5
3618	0.16666666666666666
3620	1.0
3621	0.25
3622	0.42857142857142855
3623	0.0
3624	0.5
3625	0.8
3626	0.6666666666666666
3627	0.3333333333333333
3629	1.0
3631	1.0
3632	0.5
3633	1.0
3635	0.25
3636	0.3333333333333333
3637	0.75
3639	0.5714285714285714
3640	0.35714285714285715
3642	0.6
3643	0.75
3644	0.25
3646	0.0
3647	1.0
3648	0.6
3649	1.0
3650	0.6
3651	0.2857142857142857
3652	0.5714285714285714
3653	0.5217391304347826
3654	0.42857142857142855
3656	0.75
3657	0.6666666666666666
3658	0.5
3659	0.09090909090909091
3660	0.38461538461538464
3662	1.0
3663	1.0
3664	0.0
3665	1.0
3666	0.0
3668	0.0
3669	1.0
3671	0.2857142857142857
3673	0.5
3674	0.6666666666666666
3675	1.0
3676	0.5
3677	1.0
3678	0.8333333333333334
3679	0.5
3680	0.5
3681	0.8
3682	0.0
3683	0.0
3684	0.3333333333333333
3685	1.0
3687	0.0
3688	0.23529411764705882
3689	0.0
3691	1.0
3692	0.0
3693	0.0
3694	0.0
3696	0.5
3697	0.2222222222222222
3699	0.3333333333333333
3700	0.5416666666666666
3701	0.5555555555555556
3702	0.5714285714285714
3703	0.6666666666666666
3704	0.6666666666666666
3705	0.0
3706	1.0
3707	0.8571428571428571
3708	0.7777777777777778
3709	0.09090909090909091
3710	0.8333333333333334
3711	0.2
3712	0.8333333333333334
3714	0.6666666666666666
3715	0.2
3716	0.7142857142857143
3717	1.0
3719	0.0
3721	0.6
3724	0.4117647058823529
3725	0.3333333333333333
3726	0.5
3729	0.5
3731	1.0
3733	1.0
3734	0.75
3736	0.3333333333333333
3737	0.6666666666666666
3740	0.3333333333333333
3741	0.5
3742	1.0
3743	0.9166666666666666
3744	1.0
3745	1.0
3746	1.0
3748	0.0
3749	1.0
3750	0.75
3751	0.3333333333333333
3752	0.75
3753	0.875
3754	0.9
3756	0.0
3757	0.53125
3758	0.6470588235294118
3759	1.0
3760	0.6666666666666666
3761	0.3333333333333333
3763	0.0
3772	0.4
3774	0.8
3775	1.0
3776	0.5
3777	1.0
3778	0.6666666666666666
3779	0.9166666666666666
3781	0.0
3782	0.6470588235294118
3783	0.42857142857142855
3784	0.7142857142857143
3785	0.8181818181818182
3786	0.0
3787	0.16666666666666666
3788	0.7777777777777778
3790	0.4
3792	0.36
3793	1.0
3795	0.6666666666666666
3796	0.2
3797	1.0
3798	0.3333333333333333
3800	0.3333333333333333
3801	1.0
3802	0.6
3803	0.0
3804	0.0
3805	0.6666666666666666
3807	0.8
3808	0.5714285714285714
3809	0.6666666666666666
3812	0.7142857142857143
3814	0.0
3815	0.7
3816	0.3333333333333333
3817	1.0
3819	1.0
3820	1.0
3821	0.75
3824	0.625
3825	0.6666666666666666
3827	0.25
3828	0.5
3830	0.6666666666666666
3831	0.75
3832	1.0
3833	1.0
3836	0.5714285714285714
3837	1.0
3838	0.5
3839	0.2631578947368421
3842	0.0
3845	0.6
3846	0.5
3847	1.0
3850	0.6
3851	0.6666666666666666
3852	0.25
3854	0.0
3856	0.0
3857	0.5714285714285714
3858	0.8461538461538461
3860	1.0
3861	0.3333333333333333
3862	0.5333333333333333
3863	1.0
3864	0.2
3865	0.6666666666666666
3868	0.0
3871	0.6
3872	0.8
3873	0.6842105263157895
3876	0.38095238095238093
3879	0.6666666666666666
3881	0.75
3882	0.8571428571428571
3883	1.0
3884	0.5
3885	0.4166666666666667
3886	0.7
3888	1.0
3889	1.0
3891	1.0
3892	0.625
3893	1.0
3894	0.3333333333333333
3895	0.25
3896	1.0
3897	0.6818181818181818
3898	0.3333333333333333
3899	1.0
3903	0.0
3904	0.3333333333333333
3906	0.8888888888888888
3909	0.2222222222222222
3910	0.6
3911	1.0
3913	0.0
3914	0.5
3915	0.75
3916	1.0
3918	0.9
3919	0.3333333333333333
3922	1.0
3923	1.0
3924	1.0
3925	0.2
3926	0.7777777777777778
3927	0.5
3930	0.4
3931	0.8333333333333334
3932	1.0
3933	0.0
3934	0.5
3935	0.0
3936	0.9
3937	0.5
3940	0.75
3941	0.375
3942	0.6666666666666666
3943	0.5217391304347826
3944	1.0
3945	0.75
3947	0.3333333333333333
3948	0.6666666666666666
3950	1.0
3951	0.5333333333333333
3953	0.6666666666666666
3954	0.6363636363636364
3956	1.0
3957	0.6363636363636364
3958	1.0
3959	0.4
3960	1.0
3961	1.0
3962	0.8
3963	0.8
3964	0.8571428571428571
3965	0.4
3966	0.6153846153846154
3967	0.42857142857142855
3968	0.8
3969	0.6
3970	0.05
3971	0.0
3972	0.0
3974	0.5833333333333334
3975	0.75
3976	0.9
3977	0.3333333333333333
3978	1.0
3979	1.0
3980	1.0
3981	0.25
3982	0.0
3985	0.6666666666666666
3988	0.6666666666666666
3989	1.0
3991	0.0
3992	1.0
3994	0.0
3995	0.8260869565217391
3996	0.8571428571428571
3997	0.6666666666666666
3998	0.0
3999	1.0
4000	1.0
4001	0.6666666666666666
4002	0.25
4003	0.5454545454545454
4004	0.0
4005	0.7333333333333333
4006	0.8
4010	0.75
4011	1.0
4012	0.6666666666666666
4014	0.0
4015	0.5
4017	0.5769230769230769
4018	0.0
4019	0.0
4020	0.8888888888888888
4021	1.0
4023	1.0
4024	0.0
4025	0.75
4026	0.23809523809523808
4029	0.6666666666666666
4030	0.5
4031	0.9285714285714286
4032	0.75
4033	1.0
4034	0.5714285714285714
4036	0.5
4037	0.4
4038	1.0
4039	0.0
4040	0.6
4041	0.3333333333333333
4042	1.0
4043	0.0
4044	0.4864864864864865
4045	0.875
4046	1.0
4048	0.25
4049	0.14285714285714285
4053	0.45
4054	1.0
4055	1.0
4058	1.0
4059	1.0
4062	0.0
4063	1.0
4064	0.14285714285714285
4065	0.6666666666666666
4066	0.375
4067	0.4
4069	1.0
4070	0.3
4071	0.6666666666666666
4072	0.6
4073	0.0
4074	1.0
4077	0.3181818181818182
4078	1.0
4079	0.2857142857142857
4080	0.14285714285714285
4081	1.0
4082	0.5294117647058824
4083	1.0
4085	0.6
4086	0.6
4087	0.5
4089	0.5
4091	0.1
4094	0.3333333333333333
4095	0.1875
4097	0.3333333333333333
4098	1.0
4099	0.8
4100	1.0
4101	0.25
4102	1.0
4103	1.0
4104	0.25
4106	1.0
4109	0.7058823529411765
4111	0.6666666666666666
4113	0.2857142857142857
4114	0.8333333333333334
4115	0.625
4116	0.8333333333333334
4117	0.75
4121	0.625
4122	0.0
4124	0.6
4125	0.6
4126	1.0
4127	0.875
4128	0.6
4129	0.8333333333333334
4130	0.5
4132	0.0
4135	0.6153846153846154
4136	0.42857142857142855
4137	0.0
4139	0.75
4140	0.5
4141	0.6428571428571429
4142	0.75
4143	0.625
4144	0.25
4145	0.0
4146	0.3333333333333333
4147	0.5
4148	1.0
4151	0.0
4152	0.5
4154	0.7272727272727273
4155	0.8
4156	0.3333333333333333
4157	1.0
4158	1.0
4159	0.5121951219512195
4161	0.65
4162	0.6666666666666666
4163	0.7
4164	1.0
4165	1.0
4166	0.5
4167	0.5555555555555556
4168	0.34615384615384615
4170	0.14285714285714285
4172	1.0
4174	0.3157894736842105
4175	1.0
4176	1.0
4177	1.0
4178	0.8333333333333334
4179	0.3448275862068966
4180	0.5
4181	0.7272727272727273
4182	0.5
4184	1.0
4185	0.3125
4187	0.0
4188	0.6666666666666666
4189	0.6666666666666666
4190	0.4166666666666667
4192	0.85
4193	0.8
4194	1.0
4195	0.6923076923076923
4196	0.0
4197	0.4
4199	1.0
4200	0.4
4201	0.75
4203	0.6842105263157895
4205	0.4
4207	1.0
4208	1.0
4209	0.6470588235294118
4213	0.875
4216	0.8
4217	1.0
4218	1.0
4219	0.3333333333333333
4220	0.0
4221	0.0
4222	1.0
4223	0.5
4224	0.0
4225	0.4
4226	0.75
4228	0.5
4229	0.75
4230	0.75
4231	0.5714285714285714
4232	0.5263157894736842
4233	0.5
4234	0.5
4235	1.0
4237	0.5714285714285714
4238	1.0
4239	1.0
4240	0.75
4241	0.8461538461538461
4242	0.6470588235294118
4244	0.4
4245	0.5
4246	1.0
4250	1.0
4251	0.75
4253	0.0
4254	0.0
4255	0.0625
4256	0.09090909090909091
4257	0.5454545454545454
4258	0.4
4259	0.3
4260	0.631578947368421
4262	0.0
4263	0.4444444444444444
4264	0.875
4265	0.75
4266	1.0
4268	1.0
4269	0.0
4270	0.4
4272	1.0
4274	0.42857142857142855
4275	0.6666666666666666
4276	0.6666666666666666
4279	1.0
4280	0.5
4281	1.0
4282	0.6666666666666666
4283	0.5882352941176471
4285	0.3333333333333333
4287	0.8571428571428571
4288	0.8
4289	0.6
4290	0.0
4291	0.6
4293	0.5
4294	0.5263157894736842
4295	0.5
4297	0.75
4301	1.0
4302	0.6363636363636364
4304	0.8
4307	0.6
4309	0.7222222222222222
4310	0.8571428571428571
4311	0.5
4313	0.4
4314	0.125
4315	0.5
4316	1.0
4317	1.0
4318	0.4166666666666667
4320	0.6666666666666666
4321	0.8888888888888888
4322	0.8571428571428571
4323	1.0
4324	0.7142857142857143
4327	1.0
4328	1.0
4329	0.5
4331	0.75
4332	1.0
4334	0.9
4335	0.0
4336	0.0
4337	0.4
4338	0.7142857142857143
4340	0.8666666666666667
4341	1.0
4342	0.7
4343	1.0
4344	1.0
4345	0.5
4347	0.14285714285714285
4348	0.5
4350	0.8666666666666667
4351	1.0
4353	1.0
4354	0.6
4357	0.0
4358	0.7777777777777778
4360	0.08333333333333333
4361	0.7857142857142857
4362	0.3333333333333333
4363	0.3333333333333333
4365	0.8571428571428571
4366	0.0
4367	0.75
4368	0.375
4369	0.6
4370	0.7142857142857143
4371	0.7142857142857143
4372	1.0
4373	1.0
4375	0.5625
4376	0.26666666666666666
4377	0.2857142857142857
4378	0.0
4379	1.0
4380	0.6666666666666666
4381	0.36363636363636365
4382	0.42857142857142855
4383	0.5
4384	0.42857142857142855
4385	0.3333333333333333
4387	0.8
4388	1.0
4389	0.6666666666666666
4391	0.4
4393	0.6153846153846154
4395	0.0
4397	1.0
4398	0.5
4399	0.5714285714285714
4400	1.0
4401	0.6666666666666666
4402	1.0
4406	1.0
4407	0.25
4408	1.0
4409	1.0
4411	1.0
4412	0.6
4413	0.3125
4414	0.2857142857142857
4415	0.7777777777777778
4416	0.9444444444444444
4417	0.13333333333333333
4418	0.5
4419	1.0
4420	0.0
4421	0.8333333333333334
4423	0.6
4424	0.8888888888888888
4425	1.0
4426	0.6
4427	0.8333333333333334
4428	0.6666666666666666
4430	0.14285714285714285
4433	1.0
4435	0.8571428571428571
4436	0.5
4437	0.8
4438	0.5
4440	1.0
4441	0.5
4442	1.0
4443	0.7142857142857143
4444	1.0
4445	1.0
4446	0.6842105263157895
4447	0.5714285714285714
4448	0.8
4451	0.38461538461538464
4454	0.5833333333333334
4456	0.5384615384615384
4457	0.5
4458	0.4166666666666667
4460	0.5555555555555556
4461	0.8181818181818182
4462	0.1875
4464	0.5714285714285714
4465	0.5238095238095238
4466	0.3333333333333333
4468	0.5
4469	0.7
4470	0.6
4471	0.3157894736842105
4472	0.6666666666666666
4473	0.6666666666666666
4474	0.4444444444444444
4477	1.0
4479	0.6666666666666666
4480	0.75
4481	0.8
4482	0.0
4486	0.3157894736842105
4487	1.0
4488	1.0
4489	0.5
4491	0.0
4492	1.0
4493	0.7142857142857143
4494	0.0
4495	0.5
4496	0.8
4498	0.5
4499	0.7857142857142857
4501	1.0
4502	0.25
4503	0.875
4504	0.2
4505	1.0
4506	0.2857142857142857
4507	0.5714285714285714
4508	0.2
4509	0.16666666666666666
4510	1.0
4511	0.25
4512	0.6
4513	0.5
4515	1.0
4517	1.0
4518	1.0
4519	0.8571428571428571
4520	0.6666666666666666
4524	0.65
4525	0.8571428571428571
4526	0.6666666666666666
4527	0.8888888888888888
4528	0.0
4529	0.75
4530	0.15384615384615385
4531	0.5714285714285714
4532	1.0
4533	0.6
4534	0.9473684210526315
4536	0.3333333333333333
4537	0.0
4539	0.8333333333333334
4540	0.7
4541	0.75
4542	0.6666666666666666
4543	0.35714285714285715
4544	1.0
4545	0.9
4546	0.2222222222222222
4548	0.2
4549	0.4
4551	0.8
4553	0.75
4554	0.5
4555	0.5384615384615384
4556	1.0
4557	0.8461538461538461
4558	0.6666666666666666
4559	1.0
4560	1.0
4561	0.7368421052631579
4562	0.6
4564	1.0
4565	0.4666666666666667
4566	0.4
4569	0.5
4570	0.3333333333333333
4571	0.0
4572	0.9090909090909091
4573	0.6
4574	1.0
4575	0.875
4577	0.5714285714285714
4578	0.0
4579	0.5
4580	0.8235294117647058
4582	0.8888888888888888
4583	1.0
4587	0.0
4589	0.4117647058823529
4590	0.6923076923076923
4591	0.5
4593	0.9090909090909091
4595	0.3333333333333333
4596	0.8181818181818182
4597	0.2727272727272727
4598	0.9090909090909091
4599	1.0
4600	0.46153846153846156
4601	0.75
4602	1.0
4604	0.45454545454545453
4605	0.75
4606	0.43478260869565216
4607	0.2727272727272727
4608	0.38095238095238093
4609	0.6
4610	0.5046728971962616
4611	0.7777777777777778
4613	0.5
4614	0.375
4615	1.0
4616	0.0
4617	1.0
4619	1.0
4621	1.0
4623	0.3333333333333333
4624	0.5789473684210527
4625	1.0
4626	0.7222222222222222
4628	0.0
4631	0.4
4632	0.3333333333333333
4633	0.5
4635	1.0
4637	0.25
4639	1.0
4642	0.23076923076923078
4644	0.0
4645	0.48484848484848486
4646	1.0
4647	1.0
4651	0.5
4653	0.7142857142857143
4654	0.0
4655	0.6666666666666666
4656	1.0
4657	0.7142857142857143
4658	0.3333333333333333
4659	1.0
4660	0.0
4662	1.0
4663	0.48
4664	1.0
4665	0.7272727272727273
4666	0.8888888888888888
4667	0.625
4668	0.0
4669	1.0
4671	0.75
4672	0.5
4674	0.36363636363636365
4675	0.4444444444444444
4678	0.21052631578947367
4679	0.6666666666666666
4680	0.42857142857142855
4681	0.5
4682	1.0
4683	0.125
4685	0.2
4686	0.0
4687	1.0
4688	0.6666666666666666
4690	0.6666666666666666
4692	1.0
4694	0.8333333333333334
4697	1.0
4698	0.8
4699	0.75
4700	0.5
4701	0.0
4703	1.0
4704	0.5384615384615384
4705	0.75
4706	0.6666666666666666
4707	0.9090909090909091
4708	0.7142857142857143
4709	1.0
4710	0.75
4712	0.0
4713	0.875
4714	1.0
4715	0.5
4716	0.5714285714285714
4717	0.07142857142857142
4720	0.5
4722	0.0
4723	0.0
4724	0.5
4725	0.375
4726	0.7
4727	0.25
4728	0.5833333333333334
4729	0.6666666666666666
4731	0.6923076923076923
4732	0.4444444444444444
4733	0.5
4734	0.0
4735	0.36363636363636365
4736	0.6666666666666666
4738	0.625
4739	0.875
4740	0.0
4743	1.0
4745	0.42857142857142855
4749	0.8181818181818182
4750	0.42857142857142855
4751	0.18181818181818182
4753	0.8333333333333334
4754	0.6666666666666666
4756	0.5517241379310345
4758	0.46153846153846156
4759	0.0
4760	0.0
4761	0.5
4762	1.0
4764	1.0
4766	0.4
4767	0.5333333333333333
4768	0.8
4769	0.5
4771	1.0
4772	0.7142857142857143
4773	1.0
4775	0.3333333333333333
4777	0.3333333333333333
4781	1.0
4782	0.6666666666666666
4783	0.2222222222222222
4784	0.5714285714285714
4785	1.0
4787	0.9
4788	0.8
4789	0.7142857142857143
4790	0.2857142857142857
4791	1.0
4792	0.35714285714285715
4794	0.2857142857142857
4795	0.0
4796	0.5
4797	0.8
4798	0.3333333333333333
4801	1.0
4802	0.9
4803	0.5
4804	0.5625
4805	0.0
4806	0.8461538461538461
4807	0.75
4808	1.0
4809	1.0
4810	0.6
4811	0.0
4812	0.0
4814	0.6666666666666666
4815	0.5
4816	0.0
4817	0.8333333333333334
4818	1.0
4819	0.6
4820	1.0
4821	1.0
4823	0.5714285714285714
4824	0.875
4828	0.5384615384615384
4829	1.0
4831	1.0
4832	0.4
4833	1.0
4835	1.0
4836	0.8
4837	0.5714285714285714
4838	0.6
4839	0.4
4840	1.0
4841	0.75
4842	1.0
4843	0.5
4844	0.6666666666666666
4845	1.0
4846	0.6666666666666666
4847	0.0
4848	1.0
4849	0.75
4850	0.4
4852	1.0
4854	1.0
4855	0.5714285714285714
4856	0.42857142857142855
4857	0.5
4858	0.6666666666666666
4860	1.0
4861	1.0
4863	0.2
4864	0.4
4865	0.8333333333333334
4866	0.0
4867	0.5555555555555556
4868	1.0
4869	0.9166666666666666
4870	0.7272727272727273
4871	0.75
4872	1.0
4873	1.0
4876	0.6666666666666666
4877	1.0
4879	0.4
4880	0.8
4881	1.0
4882	0.2
4883	0.6666666666666666
4884	0.8
4886	0.6666666666666666
4887	0.0
4888	0.5
4889	0.4
4890	1.0
4891	0.8571428571428571
4892	0.5
4893	1.0
4895	1.0
4896	0.0
4898	0.875
4899	0.5833333333333334
4900	1.0
4902	1.0
4903	1.0
4904	0.5
4905	0.75
4907	0.3333333333333333
4908	1.0
4909	0.75
4911	0.6
4912	1.0
4913	0.3333333333333333
4914	0.6923076923076923
4916	1.0
4917	1.0
4918	0.5
4919	1.0
4920	0.0
4921	0.8333333333333334
4922	0.45454545454545453
4923	0.0
4924	0.8333333333333334
4925	0.3333333333333333
4926	1.0
4927	0.47619047619047616
4928	0.72
4930	0.7777777777777778
4932	0.8888888888888888
4933	0.4117647058823529
4934	0.3181818181818182
4936	0.16666666666666666
4937	1.0
4940	0.6
4941	0.8181818181818182
4942	0.46153846153846156
4946	0.6666666666666666
4948	1.0
4949	0.8
4951	0.1875
4954	0.0
4955	0.4444444444444444
4956	1.0
4957	0.3888888888888889
4958	0.45454545454545453
4960	0.8333333333333334
4962	0.8
4963	0.8333333333333334
4964	0.4
4965	1.0
4966	0.5
4967	0.6666666666666666
4968	0.4
4969	0.6
4972	0.0
4973	0.3488372093023256
4975	1.0
4977	0.0
4980	0.75
4982	1.0
4984	1.0
4986	1.0
4988	0.3333333333333333
4989	0.0
4990	0.42857142857142855
4991	0.0
4993	0.9285714285714286
4995	0.0
4996	0.5
4997	0.8
4998	0.7
4999	0.5833333333333334
5001	0.6
5002	1.0
5004	0.2857142857142857
5006	0.75
5007	0.8
5008	0.4444444444444444
5009	0.25
5010	0.75
5011	0.7692307692307693
5012	0.5
5015	1.0
5016	0.75
5017	0.8888888888888888
5018	0.3333333333333333
5020	0.8
5022	0.2
5023	0.8
5025	0.3333333333333333
5026	0.75
5027	0.6
5028	0.5
5032	0.5
5033	1.0
5034	0.7777777777777778
5036	0.5
5037	1.0
5038	0.8888888888888888
5039	0.5306122448979592
5040	0.2222222222222222
5042	0.14285714285714285
5043	0.14285714285714285
5044	0.5
5045	0.0
5046	0.6666666666666666
5047	0.75
5051	0.9285714285714286
5052	0.8571428571428571
5053	0.8
5054	0.0
5055	0.4
5056	1.0
5057	0.8333333333333334
5060	1.0
5061	0.75
5062	1.0
5065	0.3125
5066	1.0
5067	0.0
5069	1.0
5074	1.0
5075	1.0
5076	0.75
5079	0.3333333333333333
5080	0.5
5082	0.375
5083	0.75
5084	0.16666666666666666
5085	0.3333333333333333
5086	1.0
5090	1.0
5093	1.0
5096	0.8333333333333334
5098	0.0
5099	0.5789473684210527
5100	0.375
5101	0.7142857142857143
5102	0.4
5103	0.8
5104	0.75
5106	0.41935483870967744
5107	0.75
5108	0.14285714285714285
5109	0.6
5110	0.5714285714285714
5112	0.6
5114	0.14285714285714285
5117	0.36363636363636365
5118	0.375
5120	0.8181818181818182
5121	0.875
5123	0.7142857142857143
5125	0.6
5126	0.6666666666666666
5127	1.0
5128	0.75
5130	0.6666666666666666
5131	0.2857142857142857
5132	1.0
5133	0.5
5134	0.36363636363636365
5135	0.6
5137	0.49523809523809526
5139	0.4666666666666667
5140	0.36363636363636365
5141	0.5555555555555556
5142	0.75
5143	0.625
5144	0.21212121212121213
5145	0.06666666666666667
5146	0.8888888888888888
5147	0.5
5148	0.6666666666666666
5149	0.6153846153846154
5150	0.75
5152	0.5
5153	0.3333333333333333
5154	0.6666666666666666
5155	0.3333333333333333
5156	0.8
5158	0.5714285714285714
5159	0.42857142857142855
5160	1.0
5161	0.25
5162	0.25
5163	0.25
5164	0.14285714285714285
5166	0.0
5167	0.35714285714285715
5168	0.75
5169	0.2
5170	0.0967741935483871
5171	0.0
5172	1.0
5173	0.5
5174	1.0
5175	1.0
5177	1.0
5178	0.6666666666666666
5179	0.875
5180	0.2857142857142857
5181	0.5
5185	0.36363636363636365
5186	0.5
5188	1.0
5189	0.6666666666666666
5190	0.6666666666666666
5191	0.75
5192	1.0
5193	0.5333333333333333
5194	0.6
5195	0.6153846153846154
5196	1.0
5198	0.75
5199	0.9090909090909091
5200	0.7777777777777778
5201	0.38461538461538464
5202	0.5555555555555556
5203	0.28125
5205	1.0
5206	1.0
5207	0.8
5208	1.0
5209	0.5
5212	0.6666666666666666
5213	1.0
5218	0.4444444444444444
5219	1.0
5220	0.5714285714285714
5221	1.0
5223	0.7142857142857143
5224	0.0
5225	0.0
5227	1.0
5229	0.3333333333333333
5231	0.8333333333333334
5232	0.0
5233	1.0
5235	0.6666666666666666
5236	0.75
5237	1.0
5238	0.8571428571428571
5239	1.0
5240	0.75
5241	0.6666666666666666
5242	1.0
5243	0.9166666666666666
5244	0.7567567567567568
5245	1.0
5246	1.0
5247	0.7692307692307693
5248	0.10526315789473684
5249	0.75
5250	0.8
5253	0.3
5254	0.5555555555555556
5255	1.0
5256	0.8
5257	0.25
5258	0.16666666666666666
5259	0.8571428571428571
5260	0.75
5261	0.75
5264	0.2
5265	0.6666666666666666
5266	0.4
5268	1.0
5269	0.7142857142857143
5270	0.18181818181818182
5271	0.5
5273	0.4827586206896552
5274	0.9
5276	0.25
5278	0.4166666666666667
5279	0.8571428571428571
5280	0.5
5281	0.6666666666666666
5282	0.5
5285	0.5
5286	1.0
5288	1.0
5290	0.25
5291	0.6363636363636364
5294	0.75
5295	0.6666666666666666
5297	0.55
5298	0.4
5299	0.25
5300	1.0
5302	0.5555555555555556
5304	1.0
5305	1.0
5307	0.5714285714285714
5308	0.5
5309	0.5833333333333334
5310	1.0
5313	0.14285714285714285
5314	0.25
5315	0.75
5316	1.0
5317	0.2857142857142857
5318	0.6923076923076923
5319	1.0
5320	0.3333333333333333
5322	0.4444444444444444
5323	0.6666666666666666
5324	0.8
5325	1.0
5327	0.6666666666666666
5328	0.8333333333333334
5329	0.7142857142857143
5331	0.5714285714285714
5332	0.25
5333	0.2
5334	1.0
5335	0.45454545454545453
5339	0.125
5341	0.7142857142857143
5342	1.0
5343	0.0
5344	1.0
5345	1.0
5346	0.3333333333333333
5350	0.7058823529411765
5351	0.6153846153846154
5353	1.0
5355	0.5
5356	0.5263157894736842
5357	0.4444444444444444
5358	1.0
5359	0.6
5360	0.3333333333333333
5362	0.6
5363	0.4
5365	0.6
5367	0.6666666666666666
5368	0.6666666666666666
5369	0.2857142857142857
5370	0.75
5374	1.0
5376	0.9285714285714286
5379	0.3
5380	0.625
5381	0.6
5382	1.0
5383	0.4444444444444444
5384	0.5
5385	0.4
5386	0.3888888888888889
5387	0.5
5388	0.75
5389	0.6
5390	0.6
5391	0.0
5392	0.5
5394	0.4444444444444444
5395	0.3076923076923077
5397	0.3333333333333333
5398	1.0
5399	0.6
5400	0.9090909090909091
5401	0.7
5402	0.9090909090909091
5403	0.25
5404	0.8
5407	0.25
5409	0.5714285714285714
5410	0.42857142857142855
5413	0.0
5414	0.4
5415	0.3333333333333333
5416	0.5
5417	0.6666666666666666
5418	1.0
5420	0.0
5421	1.0
5422	0.75
5423	0.6
5424	0.0
5425	0.8571428571428571
5427	0.6666666666666666
5428	0.5714285714285714
5429	1.0
5430	0.5714285714285714
5431	1.0
5432	0.5333333333333333
5437	1.0
5438	1.0
5439	0.5185185185185185
5440	0.5
5441	0.2
5442	0.6666666666666666
5444	0.8
5445	1.0
5447	0.7
5449	0.4
5450	0.3333333333333333
5451	0.5714285714285714
5452	0.5
5453	0.875
5455	0.8333333333333334
5456	0.75
5457	0.5384615384615384
5460	0.0
5461	1.0
5462	1.0
5463	0.2727272727272727
5464	0.0
5466	0.8333333333333334
5467	0.8571428571428571
5471	0.25
5472	1.0
5473	0.4
5474	1.0
5475	0.8571428571428571
5477	0.5555555555555556
5478	0.5555555555555556
5479	1.0
5480	1.0
5482	0.7647058823529411
5484	0.9047619047619048
5486	1.0
5487	0.0
5490	0.8
5493	0.42857142857142855
5494	1.0
5496	0.6666666666666666
5497	0.0
5499	0.6666666666666666
5501	1.0
5502	0.625
5503	1.0
5504	0.6666666666666666
5505	1.0
5506	0.4
5507	0.375
5508	0.9166666666666666
5509	0.6
5510	0.42857142857142855
5511	0.5
5512	1.0
5513	0.0
5514	0.14285714285714285
5515	0.6666666666666666
5516	0.11764705882352941
5518	1.0
5519	0.7142857142857143
5520	0.6875
5521	1.0
5522	0.6
5524	1.0
5525	0.25
5527	0.75
5528	0.625
5529	0.5454545454545454
5531	0.42857142857142855
5532	0.5
5534	0.3333333333333333
5537	0.6666666666666666
5539	0.6
5540	0.6666666666666666
5541	0.1
5542	0.75
5543	0.8
5544	1.0
5545	0.75
5546	0.4
5547	1.0
5549	0.4166666666666667
5550	1.0
5551	0.8571428571428571
5552	0.5
5553	0.4
5554	0.0
5556	0.7
5557	1.0
5558	0.75
5559	0.6666666666666666
5560	0.4
5561	0.5
5562	0.3333333333333333
5563	0.8
5564	1.0
5566	0.6
5568	0.8333333333333334
5569	0.6666666666666666
5571	0.27586206896551724
5572	0.5
5576	0.5
5577	0.8
5578	0.5
5581	0.5
5584	0.6470588235294118
5585	1.0
5586	1.0
5587	0.3333333333333333
5589	0.0
5591	1.0
5592	0.8
5593	0.3333333333333333
5594	0.8181818181818182
5595	1.0
5596	1.0
5597	0.0
5598	1.0
5599	0.8333333333333334
5600	0.6363636363636364
5601	0.5
5602	0.6666666666666666
5603	0.7647058823529411
5604	0.9230769230769231
5605	0.5333333333333333
5606	0.35714285714285715
5607	0.375
5608	0.5
5609	0.0
5611	0.1111111111111111
5612	0.7272727272727273
5613	0.7142857142857143
5617	0.4
5620	0.3
5622	0.8
5623	0.5
5625	0.46153846153846156
5626	0.3333333333333333
5627	0.7142857142857143
5629	0.8
5630	1.0
5632	0.8125
5634	0.5
5635	1.0
5636	0.0
5637	0.42857142857142855
5639	0.0
5640	0.7142857142857143
5641	0.5714285714285714
5642	0.4444444444444444
5644	0.75
5645	0.4444444444444444
5646	1.0
5647	0.2
5648	1.0
5649	0.625
5650	0.5
5652	0.35294117647058826
5653	0.75
5654	0.5714285714285714
5655	0.1111111111111111
5657	0.0
5660	0.3333333333333333
5661	1.0
5662	0.6666666666666666
5663	1.0
5664	0.6
5668	0.4444444444444444
5669	0.6666666666666666
5671	0.8333333333333334
5672	0.0
5673	0.4
5674	0.6086956521739131
5675	0.2
5676	0.4
5677	1.0
5679	1.0
5682	1.0
5685	0.75
5686	0.75
5687	0.0
5688	1.0
5689	0.6
5690	0.5
5692	0.6666666666666666
5693	0.5333333333333333
5695	0.5714285714285714
5696	0.5
5697	0.42857142857142855
5698	0.6666666666666666
5700	1.0
5701	0.5555555555555556
5702	1.0
5704	0.6
5705	0.5625
5706	0.6666666666666666
5708	1.0
5709	0.6923076923076923
5712	1.0
5715	0.3333333333333333
5716	1.0
5717	0.5
5718	1.0
5719	0.0
5720	0.0
5721	1.0
5722	0.4666666666666667
5724	0.5
5725	0.9230769230769231
5726	1.0
5727	1.0
5728	0.6
5730	1.0
5732	0.6
5733	0.7777777777777778
5734	0.8461538461538461
5735	0.7142857142857143
5736	0.4090909090909091
5737	0.7
5738	1.0
5739	0.2857142857142857
5740	0.4666666666666667
5741	1.0
5742	1.0
5743	0.5454545454545454
5744	0.0
5745	0.4444444444444444
5746	0.9090909090909091
5747	0.14285714285714285
5748	0.5
5749	0.6944444444444444
5750	0.3333333333333333
5751	1.0
5752	0.5
5753	0.6
5754	0.5555555555555556
5755	0.6666666666666666
5757	0.5
5758	1.0
5759	0.7142857142857143
5760	0.9
5761	0.625
5762	1.0
5763	0.7058823529411765
5765	1.0
5766	1.0
5767	0.75
5769	0.8333333333333334
5772	1.0
5775	0.0
5776	0.6
5777	0.42857142857142855
5778	0.5
5779	1.0
5780	0.6470588235294118
5781	0.0
5782	0.6363636363636364
5783	0.8
5786	0.6666666666666666
5787	0.3333333333333333
5788	0.75
5789	1.0
5790	1.0
5791	0.6
5792	1.0
5793	0.0
5794	1.0
5795	0.3333333333333333
5796	1.0
5797	0.875
5798	0.8333333333333334
5799	0.8333333333333334
5800	0.5
5801	0.7142857142857143
5802	0.36363636363636365
5803	0.6
5804	0.3
5805	0.5714285714285714
5807	0.75
5808	0.2857142857142857
5810	0.08333333333333333
5811	0.875
5812	0.5
5813	0.8
5814	0.6923076923076923
5819	1.0
5820	0.5
5821	0.0
5822	0.0
5824	0.5
5825	0.5
5826	0.5
5827	0.8571428571428571
5828	0.8333333333333334
5830	0.5
5831	1.0
5832	0.75
5834	1.0
5835	1.0
5836	1.0
5837	0.5
5838	0.5
5839	0.8333333333333334
5840	0.6
5841	0.25
5842	1.0
5843	0.3888888888888889
5844	0.3333333333333333
5845	0.5555555555555556
5846	0.8181818181818182
5847	0.4375
5849	0.5833333333333334
5850	0.75
5851	0.5454545454545454
5852	1.0
5853	0.6
5854	1.0
5855	1.0
5856	1.0
5857	1.0
5858	0.3333333333333333
5859	1.0
5860	0.875
5861	0.42857142857142855
5862	0.5
5863	0.0
5864	0.3333333333333333
5865	1.0
5867	0.5384615384615384
5868	0.875
5869	0.5714285714285714
5870	0.8333333333333334
5871	0.25
5872	0.4375
5874	0.8333333333333334
5876	1.0
5877	1.0
5879	0.9285714285714286
5880	0.3333333333333333
5882	0.125
5883	0.5263157894736842
5884	0.8571428571428571
5886	0.8
5887	0.0
5888	0.0
5890	0.7142857142857143
5891	0.8
5892	0.5
5894	0.875
5895	0.75
5896	0.625
5897	1.0
5898	1.0
5899	0.07142857142857142
5900	0.9333333333333333
5903	0.35
5906	0.7142857142857143
5907	0.36363636363636365
5908	0.7
5909	0.5
5910	0.7
5911	0.6
5912	0.75
5913	1.0
5917	0.9230769230769231
5918	0.38461538461538464
5919	0.6666666666666666
5920	1.0
5921	0.6181818181818182
5922	0.3
5923	0.6
5924	0.6666666666666666
5925	0.42857142857142855
5926	0.5
5927	0.4
5928	0.5714285714285714
5929	0.3333333333333333
5930	0.4
5931	0.375
5932	0.09090909090909091
5933	0.0
5934	0.14285714285714285
5935	0.0
5936	0.6363636363636364
5937	0.8
5938	0.42857142857142855
5940	0.48148148148148145
5941	0.8
5943	0.6666666666666666
5944	0.0
5945	0.42857142857142855
5947	0.6
5948	0.75
5949	0.6666666666666666
5952	0.08333333333333333
5953	0.35294117647058826
5954	0.6
5955	1.0
5956	0.9166666666666666
5957	0.25
5958	0.8571428571428571
5959	0.16666666666666666
5960	0.75
5961	0.8
5962	0.0
5966	0.0
5967	1.0
5968	0.5
5969	0.45454545454545453
5970	0.0
5971	0.25
5972	0.47619047619047616
5973	0.625
5974	0.6666666666666666
5976	1.0
5977	0.2857142857142857
5978	0.6666666666666666
5979	0.5555555555555556
5982	0.3333333333333333
5984	0.6
5985	0.4
5986	0.4
5987	0.375
5988	0.8888888888888888
5989	0.6666666666666666
5990	0.4
5991	0.6666666666666666
5992	0.8
5993	0.8888888888888888
5995	0.9230769230769231
5997	0.4
5999	0.6
6001	0.7142857142857143
6003	0.8888888888888888
6004	0.5555555555555556
6005	0.6
6006	1.0
6007	0.75
6008	0.0
6009	0.0
6011	0.8888888888888888
6012	0.3333333333333333
6013	0.42857142857142855
6014	0.5925925925925926
6015	0.0
6016	0.6
6018	0.6666666666666666
6019	0.0
6020	0.42857142857142855
6021	0.9166666666666666
6023	0.75
6024	0.5
6025	1.0
6026	0.5
6027	0.3684210526315789
6028	0.75
6029	0.42857142857142855
6031	0.5555555555555556
6032	0.0
6033	0.0
6034	0.75
6035	0.4444444444444444
6036	0.8
6037	0.6666666666666666
6038	0.8
6039	1.0
6040	0.8333333333333334
6041	1.0
6042	0.3333333333333333
6043	0.6
6044	0.6
6045	0.2727272727272727
6047	0.35
6048	1.0
6049	1.0
6050	0.75
6051	0.3333333333333333
6053	0.75
6054	1.0
6055	1.0
6056	0.6
6058	0.4
6059	0.6
6060	0.2
6061	0.75
6062	0.75
6063	0.5
6064	0.9411764705882353
6065	0.6666666666666666
6066	0.3333333333333333
6067	0.4
6069	0.5
6070	0.5
6074	0.4117647058823529
6075	0.4117647058823529
6076	1.0
6077	0.5
6078	0.75
6079	0.5
6080	0.5
6081	0.75
6082	0.7142857142857143
6083	1.0
6084	0.7058823529411765
6085	0.8333333333333334
6086	0.5333333333333333
6087	0.5
6088	1.0
6090	0.6428571428571429
6092	0.6666666666666666
6093	0.3076923076923077
6094	0.6
6096	0.0
6099	0.45454545454545453
6100	0.3333333333333333
6103	0.5
6104	0.45864661654135336
6107	0.7222222222222222
6108	0.7142857142857143
6109	1.0
6110	0.5555555555555556
6111	0.6666666666666666
6113	0.7142857142857143
6114	0.4444444444444444
6115	0.5
6117	0.6666666666666666
6118	0.5
6119	0.2
6120	0.5833333333333334
6121	0.2222222222222222
6122	0.9
6123	1.0
6124	1.0
6125	0.25
6126	1.0
6127	0.7777777777777778
6128	0.21428571428571427
6129	1.0
6130	0.8
6131	0.7142857142857143
6132	0.2857142857142857
6133	0.6666666666666666
6134	0.3
6135	0.75
6136	1.0
6137	0.8
6140	0.8333333333333334
6141	0.39215686274509803
6142	0.32142857142857145
6144	0.6153846153846154
6145	0.5
6146	0.875
6147	0.625
6148	0.5
6149	0.875
6151	0.2222222222222222
6152	1.0
6153	0.0
6154	0.3333333333333333
6155	1.0
6156	0.0
6157	1.0
6160	0.7777777777777778
6162	0.8181818181818182
6163	0.8333333333333334
6164	0.25
6166	1.0
6168	0.125
6170	0.8333333333333334
6171	0.47619047619047616
6172	1.0
6173	1.0
6174	1.0
6175	1.0
6176	0.8571428571428571
6179	0.9
6180	0.5
6181	0.7142857142857143
6182	0.3333333333333333
6183	0.75
6184	1.0
6186	0.5
6187	0.5714285714285714
6189	0.6666666666666666
6190	1.0
6192	0.2857142857142857
6193	0.38095238095238093
6194	0.6
6196	1.0
6198	1.0
6200	0.5714285714285714
6201	0.6666666666666666
6202	1.0
6203	0.8
6204	0.6666666666666666
6205	0.6666666666666666
6206	0.6666666666666666
6207	0.8
6208	0.7142857142857143
6209	0.6666666666666666
6210	0.7142857142857143
6212	0.8333333333333334
6213	1.0
6214	0.5
6215	0.6
6216	1.0
6219	1.0
6220	0.0
6221	1.0
6224	0.8888888888888888
6225	0.75
6226	1.0
6227	1.0
6228	0.75
6229	0.5
6230	0.5333333333333333
6232	0.3333333333333333
6234	0.75
6235	0.6666666666666666
6237	0.15384615384615385
6238	0.8333333333333334
6239	0.35714285714285715
6240	0.3333333333333333
6241	0.25
6242	0.5
6243	1.0
6244	0.875
6245	0.4
6246	0.6
6248	1.0
6249	1.0
6250	0.6
6253	0.2857142857142857
6254	0.8333333333333334
6255	0.07142857142857142
6256	0.25
6257	0.0
6258	0.0
6259	0.8181818181818182
6260	0.0
6261	0.6666666666666666
6263	0.4
6264	0.625
6265	1.0
6266	0.6666666666666666
6267	0.45454545454545453
6268	0.6666666666666666
6269	0.42857142857142855
6270	0.75
6271	0.8571428571428571
6273	0.6
6274	1.0
6275	0.8571428571428571
6276	0.7142857142857143
6278	1.0
6279	0.5416666666666666
6280	1.0
6281	0.6428571428571429
6282	0.75
6283	0.45
6284	1.0
6285	0.0
6286	0.25
6287	0.6666666666666666
6288	0.0
6290	0.8
6291	0.75
6292	0.1
6293	0.5384615384615384
6294	0.6
6295	0.4
6296	0.0
6299	0.2857142857142857
6301	0.6363636363636364
6302	0.25
6305	0.0
6306	0.4166666666666667
6307	0.4117647058823529
6308	0.5333333333333333
6310	0.18181818181818182
6311	1.0
6312	1.0
6314	0.8
6316	0.5
6317	0.8571428571428571
6319	0.5714285714285714
6320	0.6
6322	0.53125
6323	0.6
6324	0.75
6325	0.36363636363636365
6326	0.6666666666666666
6327	0.625
6328	0.5
6329	0.5
6331	0.6153846153846154
6332	0.8888888888888888
6333	0.6666666666666666
6334	0.6666666666666666
6335	0.75
6337	0.42857142857142855
6338	1.0
6339	0.7272727272727273
6341	0.0
6342	0.8
6344	1.0
6345	0.625
6346	1.0
6347	0.5714285714285714
6349	1.0
6352	1.0
6353	0.5
6355	1.0
6356	1.0
6357	0.4
6358	0.625
6360	0.5263157894736842
6361	0.9
6362	0.3333333333333333
6364	0.375
6365	0.625
6366	0.25
6367	1.0
6369	0.3333333333333333
6370	0.0
6373	0.625
6375	0.8
6376	0.14285714285714285
6377	0.75
6378	0.42857142857142855
6379	1.0
6380	1.0
6383	0.6
6386	0.5714285714285714
6387	0.6
6388	1.0
6389	0.6666666666666666
6390	0.6
6391	1.0
6392	0.8333333333333334
6393	0.8
6394	0.625
6395	0.6666666666666666
6399	0.8333333333333334
6400	0.5
6401	0.75
6402	0.7
6405	0.6666666666666666
6408	1.0
6409	0.5
6411	1.0
6415	0.375
6416	0.5
6418	0.2857142857142857
6419	0.0
6420	0.4
6421	0.5625
6423	0.25925925925925924
6424	0.5
6425	0.0
6426	0.0
6427	1.0
6428	1.0
6429	0.0
6431	0.48
6432	0.875
6434	0.8
6436	1.0
6437	0.3333333333333333
6438	0.8461538461538461
6441	0.6
6442	0.0
6443	0.375
6444	0.3333333333333333
6445	0.5833333333333334
6447	0.3333333333333333
6448	0.8333333333333334
6449	0.5555555555555556
6450	1.0
6451	0.4444444444444444
6452	0.6
6454	1.0
6455	0.9047619047619048
6456	0.6
6457	0.5714285714285714
6458	0.6666666666666666
6459	0.25
6460	0.5
6461	0.6666666666666666
6463	0.8333333333333334
6465	0.15384615384615385
6466	0.8235294117647058
6467	0.8571428571428571
6468	1.0
6469	0.0
6470	0.16666666666666666
6471	0.42857142857142855
6472	1.0
6473	0.7
6474	0.0
6475	0.9090909090909091
6477	0.6666666666666666
6478	0.9
6479	0.42857142857142855
6480	0.7272727272727273
6481	0.8
6483	0.6923076923076923
6484	0.4444444444444444
6486	1.0
6488	0.25
6489	0.36363636363636365
6490	0.6666666666666666
6491	0.10526315789473684
6492	0.6
6494	0.25
6496	0.6666666666666666
6499	1.0
6500	0.4
6501	0.8333333333333334
6502	0.8
6504	0.6666666666666666
6505	0.5
6506	1.0
6507	0.2
6508	0.8
6509	0.4
6510	0.8333333333333334
6511	0.8
6512	1.0
6515	0.7
6516	0.0
6517	0.4
6518	0.5
6519	0.8571428571428571
6520	0.7
6523	0.3333333333333333
6524	0.42857142857142855
6525	0.5
6526	1.0
6527	0.8
6528	1.0
6529	0.8
6530	0.5
6531	1.0
6532	0.6666666666666666
6533	1.0
6534	0.625
6535	0.6
6536	1.0
6538	1.0
6539	0.6
6541	0.4
6542	1.0
6544	0.25
6550	0.9230769230769231
6551	0.8
6552	0.5
6553	0.5
6554	0.8333333333333334
6555	0.7
6557	0.5714285714285714
6558	0.6666666666666666
6559	0.2857142857142857
6561	0.6666666666666666
6562	0.5
6563	1.0
6564	0.75
6565	0.0
6566	0.8333333333333334
6567	0.3333333333333333
6568	0.8333333333333334
6569	0.8888888888888888
6570	0.5
6571	0.2
6572	1.0
6573	0.0
6574	0.42857142857142855
6575	0.20833333333333334
6576	0.5714285714285714
6577	0.6666666666666666
6578	0.0
6579	0.8
6580	0.875
6581	0.5
6582	0.6428571428571429
6583	0.6666666666666666
6584	0.5625
6585	1.0
6587	0.5714285714285714
6590	0.46153846153846156
6591	1.0
6593	1.0
6594	0.4
6595	0.7692307692307693
6597	1.0
6598	0.5
6599	1.0
6601	0.7931034482758621
6602	1.0
6603	1.0
6605	1.0
6607	0.8235294117647058
6610	0.75
6611	1.0
6613	0.5
6614	0.14285714285714285
6615	0.8
6616	0.1
6617	0.5555555555555556
6618	0.6666666666666666
6623	0.625
6625	0.8333333333333334
6626	0.7
6627	0.8
6628	0.75
6629	1.0
6630	0.6
6631	1.0
6632	1.0
6633	1.0
6634	1.0
6638	0.16666666666666666
6639	1.0
6640	0.4117647058823529
6642	0.5555555555555556
6643	0.8333333333333334
6646	1.0
6649	0.8461538461538461
6650	0.8
6651	1.0
6654	1.0
6655	0.0
6656	1.0
6657	0.4
6658	0.6666666666666666
6659	0.0
6660	0.75
6662	0.5
6663	0.0
6666	0.4
6667	0.625
6668	0.5833333333333334
6669	1.0
6670	0.0
6672	0.0
6673	0.6842105263157895
6674	0.7692307692307693
6675	0.5714285714285714
6676	1.0
6678	0.5833333333333334
6679	0.5714285714285714
6682	1.0
6685	1.0
6687	0.4
6688	1.0
6689	0.6666666666666666
6690	1.0
6691	0.6666666666666666
6693	1.0
6694	0.5555555555555556
6695	0.8571428571428571
6696	0.2222222222222222
6697	0.8888888888888888
6698	0.42857142857142855
6699	0.42857142857142855
6700	0.38461538461538464
6702	0.38461538461538464
6703	0.375
6704	0.0
6705	0.8333333333333334
6707	0.5
6708	0.8333333333333334
6709	0.775
6710	1.0
6711	0.8181818181818182
6712	0.42105263157894735
6713	0.3333333333333333
6714	0.5
6715	0.6923076923076923
6717	0.375
6719	0.8333333333333334
6720	0.8333333333333334
6723	1.0
6724	0.5
6725	1.0
6726	0.5
6727	0.5
6728	0.6
6729	0.5294117647058824
6730	0.14285714285714285
6731	1.0
6732	0.5
6733	0.0
6735	1.0
6737	1.0
6738	0.0
6739	0.25
6740	0.75
6742	0.2
6743	0.625
6744	1.0
6745	1.0
6747	0.6666666666666666
6748	0.4375
6750	0.7
6752	0.48
6753	0.6
6754	0.6666666666666666
6755	0.75
6756	0.2
6757	0.75
6758	0.1111111111111111
6760	0.23076923076923078
6761	0.8571428571428571
6762	0.4
6763	0.0
6764	1.0
6765	0.7142857142857143
6766	0.5
6768	1.0
6769	0.6666666666666666
6770	0.5
6772	1.0
6773	1.0
6774	1.0
6775	0.0
6776	0.5357142857142857
6777	0.21428571428571427
6778	0.4
6779	1.0
6781	1.0
6782	0.7777777777777778
6784	0.8
6785	0.8
6787	0.11764705882352941
6788	0.5
6789	0.0
6790	1.0
6792	1.0
6793	0.5
6794	0.3333333333333333
6795	1.0
6797	0.0
6800	0.4
6801	0.8
6802	0.7368421052631579
6804	0.6666666666666666
6805	0.5
6806	0.6666666666666666
6807	0.5
6808	1.0
6809	0.2222222222222222
6812	1.0
6813	1.0
6814	0.6666666666666666
6815	1.0
6816	0.6666666666666666
6817	0.8571428571428571
6818	0.16666666666666666
6819	1.0
6820	1.0
6821	0.8333333333333334
6822	1.0
6823	0.6666666666666666
6824	0.4444444444444444
6826	0.2857142857142857
6827	0.3333333333333333
6828	0.3333333333333333
6829	0.5
6830	0.2727272727272727
6831	0.5555555555555556
6832	0.8
6833	0.14285714285714285
6834	0.6666666666666666
6835	0.4444444444444444
6836	0.375
6837	0.3333333333333333
6838	0.5
6840	0.5
6841	0.8571428571428571
6842	0.5
6843	0.6363636363636364
6844	0.75
6846	0.5
6847	0.7272727272727273
6850	0.3333333333333333
6851	0.6
6852	0.8333333333333334
6854	0.3333333333333333
6855	0.5
6856	0.75
6858	0.6
6859	0.1111111111111111
6861	0.4444444444444444
6862	0.5555555555555556
6863	0.34615384615384615
6864	1.0
6865	0.6
6866	0.3333333333333333
6867	0.75
6868	0.4
6871	0.5
6872	0.5
6877	0.8571428571428571
6878	1.0
6879	0.25
6880	0.6
6881	0.875
6883	0.7
6884	1.0
6885	0.6666666666666666
6886	0.6666666666666666
6887	1.0
6888	0.0
6889	0.5
6892	0.7142857142857143
6893	0.7142857142857143
6895	0.7272727272727273
6896	1.0
6898	1.0
6899	0.8
6900	0.8
6902	1.0
6904	0.875
6906	0.0
6907	0.5833333333333334
6908	1.0
6912	0.6
6917	0.75
6918	0.0
6919	0.6666666666666666
6920	0.0
6921	0.4
6922	0.75
6923	0.75
6925	0.25
6926	0.6666666666666666
6927	0.2222222222222222
6928	0.8
6929	0.7
6930	0.75
6931	0.5714285714285714
6932	0.26666666666666666
6936	1.0
6937	0.6666666666666666
6938	1.0
6940	0.625
6941	0.4
6942	0.0
6943	0.8
6945	1.0
6946	0.0
6947	1.0
6949	0.8
6950	0.5
6951	0.6666666666666666
6952	0.8
6953	0.5
6954	0.4
6956	0.2692307692307692
6957	0.6666666666666666
6958	0.8
6959	0.6
6961	0.8181818181818182
6962	1.0
6963	0.0
6967	0.75
6969	0.25
6970	0.5
6971	0.4
6972	0.4444444444444444
6973	0.6666666666666666
6974	0.5714285714285714
6975	0.22727272727272727
6976	0.6
6977	1.0
6978	0.0
6979	0.75
6980	1.0
6981	0.6666666666666666
6982	0.75
6983	1.0
6984	0.4
6985	0.8181818181818182
6986	0.625
6988	0.32
6989	0.1
6990	0.6
6991	0.2857142857142857
6992	0.26666666666666666
6995	0.5
6996	0.375
6997	0.6666666666666666
6998	0.5
7000	0.0
7001	1.0
7002	0.75
7004	0.5
7005	1.0
7006	0.5
7007	0.0
7008	0.75
7009	0.2857142857142857
7010	0.2857142857142857
7011	0.1875
7012	0.08333333333333333
7013	1.0
7015	0.25
7016	0.5
7017	0.5
7018	1.0
7020	0.55
7021	1.0
7023	0.5
7024	0.4166666666666667
7025	1.0
7026	0.2857142857142857
7027	1.0
7029	0.42857142857142855
7030	0.0
7031	0.5
7033	0.45
7034	0.5555555555555556
7037	0.5
7038	0.3333333333333333
7040	0.0
7042	0.0
7043	1.0
7044	1.0
7045	0.6666666666666666
7046	0.5
7048	0.6666666666666666
7049	0.5
7050	0.5
7051	1.0
7052	0.8421052631578947
7053	0.22727272727272727
7054	1.0
7055	0.3333333333333333
7058	1.0
7059	1.0
7060	0.0
7061	0.2
7062	0.5
7064	1.0
7065	0.1111111111111111
7066	0.625
7067	0.36363636363636365
7068	0.9230769230769231
7069	1.0
7070	0.0
7072	0.5
7073	1.0
7075	0.0
7076	0.5
7077	0.3333333333333333
7078	0.42857142857142855
7079	0.6666666666666666
7080	1.0
7081	0.16666666666666666
7082	0.75
7083	0.5
7085	1.0
7086	0.5833333333333334
7087	0.7777777777777778
7088	0.0
7089	1.0
7090	0.6666666666666666
7091	0.4375
7092	0.75
7093	1.0
7094	0.3333333333333333
7095	0.5
7096	0.5
7098	0.5454545454545454
7099	0.5
7100	1.0
7101	0.6
7102	0.3448275862068966
7103	0.2857142857142857
7105	0.8571428571428571
7107	1.0
7108	0.5
7109	0.5
7110	1.0
7112	0.5714285714285714
7113	0.3333333333333333
7114	1.0
7115	0.47058823529411764
7119	0.42857142857142855
7120	0.6666666666666666
7121	0.0
7124	1.0
7125	1.0
7127	0.8
7128	0.6470588235294118
7129	0.8
7130	0.125
7131	0.7142857142857143
7135	0.0
7136	0.0
7138	0.5
7139	0.2
7140	0.2222222222222222
7141	0.5
7143	0.2
7148	0.8
7149	1.0
7150	0.6666666666666666
7153	0.8571428571428571
7154	0.75
7157	0.3333333333333333
7158	0.3333333333333333
7162	0.0
7164	0.3333333333333333
7166	0.6666666666666666
7167	0.08
7168	0.46153846153846156
7171	0.6666666666666666
7172	0.3
7173	0.11764705882352941
7174	0.5769230769230769
7175	0.2857142857142857
7176	0.75
7179	0.5714285714285714
7181	0.4444444444444444
7182	0.5714285714285714
7183	0.18181818181818182
7184	0.5
7185	0.8
7186	0.6
7187	0.7272727272727273
7188	0.6666666666666666
7189	0.0
7190	1.0
7191	0.5714285714285714
7192	1.0
7194	0.0
7195	0.3
7199	0.2222222222222222
7201	0.4
7202	0.5
7203	0.0
7204	0.75
7205	1.0
7206	0.6666666666666666
7207	0.7272727272727273
7210	0.5
7211	0.75
7212	1.0
7214	0.0
7215	1.0
7217	1.0
7218	0.5
7219	0.3333333333333333
7220	1.0
7221	0.5
7222	1.0
7223	0.5
7224	1.0
7225	0.6666666666666666
7227	1.0
7228	0.6666666666666666
7231	0.6
7232	0.5
7233	1.0
7235	0.48484848484848486
7236	0.3333333333333333
7237	0.0
7238	0.6
7239	1.0
7240	0.6666666666666666
7241	0.625
7243	0.3333333333333333
7245	0.3333333333333333
7246	0.6
7247	1.0
7248	0.2727272727272727
7249	0.7058823529411765
7250	1.0
7251	0.07692307692307693
7252	0.8
7253	0.2
7254	1.0
7255	0.75
7256	0.75
7260	0.42857142857142855
7262	0.16666666666666666
7263	0.5
7265	0.625
7267	0.7272727272727273
7268	0.16666666666666666
7269	0.6666666666666666
7272	0.7142857142857143
7274	0.6666666666666666
7275	0.38461538461538464
7277	0.4
7278	0.3
7279	0.3333333333333333
7282	0.3333333333333333
7283	0.25
7284	0.0
7285	0.2
7287	0.43243243243243246
7288	0.7222222222222222
7290	0.16666666666666666
7291	0.0
7292	1.0
7293	0.25
7294	0.625
7297	0.18181818181818182
7298	0.8333333333333334
7301	0.2857142857142857
7303	0.8333333333333334
7305	0.375
7307	0.0
7308	0.25
7309	0.21428571428571427
7311	0.1111111111111111
7312	0.8333333333333334
7313	1.0
7316	0.18181818181818182
7317	1.0
7318	1.0
7320	0.6666666666666666
7321	0.5
7323	0.0
7324	0.8333333333333334
7325	0.5555555555555556
7326	0.625
7327	0.30434782608695654
7328	0.0
7329	0.5714285714285714
7330	0.16666666666666666
7331	0.8333333333333334
7333	0.14285714285714285
7334	0.8
7335	0.8333333333333334
7336	0.4642857142857143
7339	0.125
7343	0.5
7344	0.0
7345	0.5
7346	1.0
7347	0.2222222222222222
7348	0.3333333333333333
7352	1.0
7353	0.6666666666666666
7354	0.8333333333333334
7355	0.3333333333333333
7358	0.7567567567567568
7359	0.3333333333333333
7360	0.5555555555555556
7361	0.14285714285714285
7363	0.2
7366	0.15789473684210525
7368	0.6666666666666666
7370	0.55
7371	0.6666666666666666
7372	0.7142857142857143
7373	0.16666666666666666
7374	0.5
7375	0.8333333333333334
7377	0.8
7378	1.0
7380	0.0
7383	0.16666666666666666
7384	0.0
7385	1.0
7386	0.625
7387	1.0
7388	0.4166666666666667
7389	0.7142857142857143
7390	0.75
7392	1.0
7394	1.0
7396	0.75
7397	1.0
7398	0.0
7400	0.0
7402	1.0
7403	0.6666666666666666
7405	0.3333333333333333
7406	1.0
7407	1.0
7409	0.6666666666666666
7411	1.0
7414	0.3333333333333333
7416	1.0
7418	0.8
7421	0.75
7422	0.5
7423	1.0
7424	1.0
7426	0.0
7430	0.0
7431	0.36363636363636365
7433	0.5
7434	0.8888888888888888
7435	0.75
7436	1.0
7437	1.0
7439	0.6
7440	1.0
7441	0.6
7442	1.0
7444	0.8888888888888888
7445	0.25
7446	1.0
7447	1.0
7448	1.0
7450	0.5555555555555556
7451	0.4
7452	0.6
7453	0.8571428571428571
7455	0.35714285714285715
7457	0.0
7458	0.8
7459	0.5833333333333334
7460	0.4444444444444444
7461	0.3
7462	0.0
7464	0.2
7465	0.2
7466	0.4666666666666667
7467	1.0
7468	0.75
7469	0.4444444444444444
7472	0.4
7473	0.4
7474	0.8823529411764706
7475	1.0
7476	1.0
7478	0.3333333333333333
7479	1.0
7480	0.4444444444444444
7481	0.0
7482	0.4
7483	0.75
7484	0.75
7487	0.0
7488	0.5
7490	0.5714285714285714
7491	0.5714285714285714
7493	0.21428571428571427
7494	0.6666666666666666
7495	0.1
7500	0.6666666666666666
7501	0.75
7506	0.3333333333333333
7507	1.0
7509	0.5
7512	0.25
7513	0.391304347826087
7515	0.5384615384615384
7516	0.8
7518	0.0
7519	1.0
7522	0.4
7523	0.8333333333333334
7525	0.5
7527	0.0
7528	0.8571428571428571
7529	0.2
7531	0.8181818181818182
7533	0.5
7534	0.3
7536	0.6666666666666666
7537	0.8571428571428571
7538	0.75
7539	0.5
7540	0.4090909090909091
7542	1.0
7543	0.14285714285714285
7544	0.4
7545	1.0
7546	0.6363636363636364
7547	0.5
7548	0.8
7551	0.5
7552	0.0
7553	0.0
7556	1.0
7557	0.42857142857142855
7558	0.6666666666666666
7559	0.0
7560	0.5
7561	0.5
7562	0.75
7563	0.0
7565	0.8
7567	0.85
7568	1.0
7569	0.1
7572	0.6666666666666666
7573	0.7
7574	0.42857142857142855
7575	0.0
7576	0.5
7578	0.6
7579	0.0
7580	1.0
7581	0.4
7582	0.9090909090909091
7583	1.0
7585	0.6
7588	0.8
7589	0.2
7590	1.0
7592	0.5
7594	0.8333333333333334
7596	1.0
7597	1.0
7598	0.5
7599	0.4444444444444444
7600	0.8
7601	1.0
7603	0.75
7604	0.5
7606	0.4444444444444444
7608	1.0
7611	0.75
7612	0.5
7614	1.0
7615	0.625
7616	1.0
7617	0.5
7618	1.0
7619	1.0
7620	1.0
7621	1.0
7622	0.0
7623	0.7272727272727273
7625	0.6666666666666666
7626	0.14285714285714285
7627	0.5
7628	0.6666666666666666
7629	1.0
7630	0.8571428571428571
7633	0.6666666666666666
7635	0.6666666666666666
7638	0.8
7639	0.6666666666666666
7640	0.75
7641	0.5945945945945946
7642	0.0
7643	1.0
7644	0.8
7645	1.0
7647	0.0
7648	0.125
7650	0.1111111111111111
7651	0.0
7652	0.0
7654	0.0
7655	0.8
7660	0.75
7661	1.0
7662	1.0
7663	1.0
7664	0.5
7666	0.75
7668	0.6666666666666666
7669	0.0
7670	0.0
7673	0.8
7675	0.2857142857142857
7676	0.6666666666666666
7678	0.875
7680	1.0
7684	0.4
7685	0.5
7686	0.6666666666666666
7690	0.3333333333333333
7691	0.5
7692	0.0
7693	1.0
7694	0.0
7695	1.0
7696	0.8571428571428571
7697	0.2
7698	0.125
7699	0.8
7700	0.46153846153846156
7703	0.11764705882352941
7704	0.22916666666666666
7705	0.0
7706	0.8333333333333334
7708	0.5555555555555556
7709	0.5
7711	0.3333333333333333
7712	0.7272727272727273
7713	0.7272727272727273
7714	0.5
7715	0.5
7716	0.0
7717	1.0
7718	0.5
7720	0.0
7721	1.0
7722	0.3333333333333333
7724	0.25
7725	1.0
7726	1.0
7727	1.0
7728	0.625
7729	0.375
7730	0.5555555555555556
7731	0.75
7732	0.0
7733	0.6666666666666666
7734	0.6
7735	0.75
7736	0.42857142857142855
7737	0.3333333333333333
7738	1.0
7741	0.3333333333333333
7742	0.2727272727272727
7743	0.75
7744	0.3333333333333333
7745	0.8333333333333334
7746	0.16666666666666666
7748	1.0
7749	1.0
7750	0.0
7751	0.23076923076923078
7752	0.4444444444444444
7753	0.0
7755	0.25
7757	0.25
7758	1.0
7759	1.0
7760	0.8
7761	0.6666666666666666
7762	1.0
7763	1.0
7764	0.25
7765	0.5
7766	0.5
7767	0.8333333333333334
7770	0.0
7772	0.5
7773	0.76
7774	1.0
7775	0.5
7776	1.0
7777	0.5
7778	1.0
7779	0.9565217391304348
7780	0.8333333333333334
7781	1.0
7782	0.8
7783	0.42857142857142855
7784	0.5
7785	1.0
7786	0.6666666666666666
7787	0.0
7788	0.0
7789	0.75
7790	0.4444444444444444
7791	0.3076923076923077
7793	1.0
7794	0.21052631578947367
7795	0.7692307692307693
7797	0.3684210526315789
7798	0.5
7800	0.0
7801	1.0
7802	0.6666666666666666
7803	0.2
7804	0.5
7805	0.0
7806	0.625
7807	0.6046511627906976
7808	0.0
7813	0.6551724137931034
7814	0.3333333333333333
7817	0.6666666666666666
7818	1.0
7819	0.5
7820	0.4
7822	0.42857142857142855
7823	0.5
7824	0.5
7826	0.5
7828	0.16666666666666666
7831	1.0
7832	0.8333333333333334
7834	1.0
7837	0.0
7838	1.0
7839	1.0
7840	0.6666666666666666
7842	0.6666666666666666
7843	0.2
7844	0.0
7847	0.75
7848	0.25
7850	0.6
7852	1.0
7853	0.35714285714285715
7854	0.6666666666666666
7859	0.6666666666666666
7860	1.0
7861	0.75
7862	0.8
7863	0.75
7866	0.6
7867	0.5
7869	0.2
7871	1.0
7872	1.0
7874	0.25
7876	1.0
7877	0.6666666666666666
7878	0.6153846153846154
7879	0.0
7881	0.5
7883	1.0
7884	0.0
7885	0.6
7887	0.3333333333333333
7888	0.6666666666666666
7889	0.0
7890	0.0
7891	1.0
7892	1.0
7893	1.0
7895	1.0
7897	0.8333333333333334
7899	0.5333333333333333
7900	0.0
7901	0.0
7902	0.9
7904	0.0
7906	0.42857142857142855
7909	0.3333333333333333
7910	0.6666666666666666
7911	0.3333333333333333
7912	0.13333333333333333
7914	0.6666666666666666
7915	0.9166666666666666
7916	1.0
7917	0.8
7918	0.5
7919	0.2
7922	0.0
7923	1.0
7924	1.0
7926	0.875
7927	0.0
7930	0.16666666666666666
7931	0.42105263157894735
7935	0.45454545454545453
7936	1.0
7937	0.2857142857142857
7939	0.5
7940	0.3333333333333333
7942	0.0
7943	0.0
7944	0.5555555555555556
7945	0.8
7946	0.5454545454545454
7948	0.8333333333333334
7949	0.5555555555555556
7950	0.5333333333333333
7951	0.45454545454545453
7953	0.7692307692307693
7954	0.36363636363636365
7955	0.3333333333333333
7956	1.0
7957	0.16666666666666666
7958	1.0
7960	0.45454545454545453
7961	1.0
7962	1.0
7963	0.8571428571428571
7964	0.0
7965	1.0
7966	0.5
7967	0.6666666666666666
7968	0.5
7969	1.0
7970	0.4375
7971	0.6666666666666666
7974	0.7142857142857143
7975	0.8
7977	0.0
7978	0.2857142857142857
7979	1.0
7980	0.5
7981	0.22727272727272727
7982	1.0
7983	0.09090909090909091
7984	0.3333333333333333
7985	0.2
7986	0.6666666666666666
7987	0.7
7988	0.5714285714285714
7989	0.3333333333333333
7990	0.3333333333333333
7991	0.2
7992	0.0
7993	0.6
7994	0.5
7996	0.6666666666666666
8002	0.42857142857142855
8004	0.3333333333333333
8005	1.0
8006	0.6
8007	0.7
8009	0.3333333333333333
8010	0.4
8013	0.3181818181818182
8014	0.1111111111111111
8015	0.2
8016	0.5
8017	0.6666666666666666
8021	0.0
8022	0.1111111111111111
8023	0.75
8024	0.3333333333333333
8027	1.0
8029	0.6
8030	0.75
8031	0.875
8032	0.0
8035	0.0
8036	1.0
8037	0.0
8038	0.0
8039	0.4
8040	0.42105263157894735
8041	0.1
8042	0.75
8043	0.4
8044	0.5
8045	0.75
8046	0.4
8047	0.5714285714285714
8048	0.75
8049	0.6666666666666666
8053	0.0
8055	0.6666666666666666
8056	0.6206896551724138
8057	0.6
8058	0.76
8059	1.0
8060	0.23529411764705882
8062	0.42857142857142855
8064	0.125
8065	0.4444444444444444
8066	1.0
8067	0.6666666666666666
8068	0.16666666666666666
8070	0.0
8071	0.5
8073	0.3
8074	0.75
8075	0.7142857142857143
8077	1.0
8079	0.3333333333333333
8080	0.2727272727272727
8081	0.6666666666666666
8083	0.45454545454545453
8085	0.75
8086	1.0
8089	1.0
8090	0.875
8092	0.0
8096	0.75
8097	0.5
8098	0.8333333333333334
8099	1.0
8100	1.0
8101	0.875
8106	0.6666666666666666
8108	0.3333333333333333
8109	0.5
8110	0.0
8111	0.6
8112	0.6
8116	0.2
8118	0.0
8119	0.4166666666666667
8120	0.4166666666666667
8121	0.0
8122	1.0
8123	0.42857142857142855
8124	0.7692307692307693
8125	1.0
8126	1.0
8127	0.9473684210526315
8128	0.45454545454545453
8129	0.38095238095238093
8130	1.0
8131	1.0
8132	0.9
8133	0.8333333333333334
8134	0.8333333333333334
8137	1.0
8139	0.8
8140	1.0
8141	0.8333333333333334
8142	0.8
8143	0.3333333333333333
8144	0.0
8145	0.6666666666666666
8146	0.5
8147	0.5
8148	0.6
8151	0.0
8152	0.0
8154	0.4
8155	0.5833333333333334
8156	0.6666666666666666
8157	0.2
8159	0.5
8160	0.6666666666666666
8161	0.6666666666666666
8162	0.6666666666666666
8163	0.6
8164	0.5
8165	1.0
8166	0.5
8167	0.6666666666666666
8168	0.3
8170	0.125
8171	0.0
8174	1.0
8175	0.5
8177	0.2222222222222222
8179	0.3333333333333333
8180	0.0
8181	1.0
8182	0.6666666666666666
8185	0.2
8186	0.25
8187	0.2
8188	0.6190476190476191
8189	0.75
8190	0.5714285714285714
8191	0.5555555555555556
8192	0.7142857142857143
8194	0.3333333333333333
8195	1.0
8196	0.6666666666666666
8197	0.7
8199	0.8
8200	0.0
8201	1.0
8202	1.0
8203	0.6666666666666666
8204	0.6666666666666666
8205	0.6
8206	0.6
8207	0.5
8210	0.75
8211	0.3333333333333333
8212	0.47619047619047616
8213	0.5
8214	0.0
8215	0.75
8216	0.5
8217	0.3333333333333333
8218	0.5
8219	0.0
8220	0.8
8221	1.0
8224	0.6666666666666666
8225	0.6666666666666666
8227	0.75
8228	0.6666666666666666
8229	0.0
8230	0.0
8233	0.7142857142857143
8235	0.5
8236	0.0
8238	0.0
8239	0.8333333333333334
8241	0.0
8242	1.0
8243	0.5
8245	0.42857142857142855
8246	0.5
8248	0.0
8249	0.5
8250	0.42857142857142855
8253	0.0
8254	0.25
8255	0.23529411764705882
8256	0.5
8257	0.6666666666666666
8258	0.0
8261	0.0
8265	0.5714285714285714
8266	0.0
8268	0.5625
8272	1.0
8274	0.0
8276	0.5
8277	1.0
8278	1.0
8279	0.4
8280	1.0
8282	0.625
8284	0.5
8285	0.5
8287	0.5
8288	0.8
8291	0.2857142857142857
8292	0.5
8293	1.0
8295	1.0
8297	0.8571428571428571
8301	0.0
8304	1.0
8306	0.75
8307	0.8333333333333334
8309	1.0
8310	0.8
8312	0.3333333333333333
8313	1.0
8317	0.5
8320	0.9090909090909091
8322	0.6666666666666666
8323	0.8
8324	0.9
8325	0.6666666666666666
8326	0.0
8330	0.9
8332	1.0
8333	0.5
8334	1.0
8335	0.5
8336	0.40816326530612246
8339	1.0
8345	1.0
8347	0.0
8348	0.75
8349	0.6666666666666666
8350	0.42857142857142855
8355	0.0
8358	1.0
8360	0.9166666666666666
8362	0.9
8363	1.0
8364	1.0
8365	0.5
8367	1.0
8368	0.5
8370	0.7333333333333333
8371	1.0
8372	1.0
8373	0.4
8374	0.4074074074074074
8375	0.7777777777777778
8376	0.6666666666666666
8377	0.8333333333333334
8378	0.0
8379	1.0
8380	0.2
8382	0.0
8383	0.6666666666666666
8386	1.0
8388	0.3333333333333333
8393	0.3333333333333333
8395	0.6
8396	1.0
8397	0.7777777777777778
8398	0.5
8399	0.5
8403	0.5
8405	0.5
8406	0.6666666666666666
8407	0.75
8408	0.3888888888888889
