626
627
629
634
638
640
643
756
646
648
759
649
651
653
654
766
659
769
773
665
666
674
675
679
691
697
706
792
709
716
718
798
722
736
738
0
3
16
371
25
35
381
38
44
387
388
50
56
57
62
64
65
75
419
421
103
108
112
428
429
430
124
431
132
437
139
140
142
442
462
175
179
181
185
478
187
188
199
202
208
209
210
495
499
218
501
223
224
225
228
231
232
241
529
246
256
259
546
264
269
557
558
280
283
563
291
572
300
579
309
320
322
326
594
334
337
344
348
349
351
608
364
367
628
748
749
633
750
751
641
758
762
658
661
777
672
676
686
688
785
787
704
707
793
708
717
800
802
803
725
804
735
741
1
817
818
11
12
15
372
24
382
41
49
53
392
61
397
398
399
70
72
80
88
90
91
416
97
102
424
106
114
115
137
138
438
439
146
148
155
458
167
169
171
173
468
472
473
184
186
195
198
488
491
212
213
496
217
219
222
509
511
226
512
237
525
247
535
251
253
254
257
260
262
265
267
268
560
278
282
288
565
290
575
299
304
578
580
308
311
313
584
316
597
338
342
605
352
609
610
355
361
621
623
630
660
781
783
683
687
690
701
702
790
705
710
719
720
723
806
734
742
8
17
18
23
26
34
40
385
47
390
54
394
59
67
69
71
76
86
413
418
94
99
111
113
116
119
122
123
127
131
133
441
443
145
444
147
449
454
151
153
160
163
164
170
464
466
467
177
485
196
204
205
207
492
214
216
235
236
242
243
244
528
248
532
250
252
261
547
548
551
275
276
285
568
292
569
301
305
312
315
317
318
323
325
328
329
590
596
336
603
345
350
356
363
365
619
636
753
755
639
655
656
662
664
670
779
673
678
681
684
689
692
694
703
711
715
727
807
808
730
811
732
737
739
6
819
10
820
27
30
379
383
389
401
68
74
408
82
83
87
415
95
98
422
105
109
120
126
128
129
130
135
143
149
452
152
158
159
459
461
165
172
480
481
189
190
192
193
200
203
206
490
215
227
515
233
249
539
541
258
542
552
271
272
573
574
306
582
314
324
333
606
354
612
359
360
615
362
617
642
761
652
657
778
784
799
729
13
28
32
37
48
405
79
84
89
101
110
125
141
446
455
166
178
470
182
183
477
497
220
519
545
263
277
284
286
294
296
303
357
618
622
624
625
743
744
745
746
747
631
632
752
635
637
754
644
645
757
647
650
760
763
764
765
767
768
770
663
771
772
774
775
776
667
668
669
671
677
780
782
680
682
685
786
788
789
693
695
696
698
699
700
791
712
713
794
795
714
796
797
801
721
724
805
726
809
728
810
731
733
812
813
814
815
740
816
2
4
5
7
9
821
822
14
823
19
20
824
825
21
369
22
370
373
29
374
375
376
31
377
33
378
36
380
39
42
43
384
45
386
46
51
52
391
55
393
58
395
396
60
63
400
66
402
403
404
73
406
407
77
78
81
409
410
411
412
85
414
92
417
93
96
420
100
423
104
425
107
426
117
118
427
121
432
433
434
435
134
436
136
440
144
445
447
448
450
451
453
150
456
457
154
156
157
460
161
162
168
463
465
174
176
469
471
180
474
475
476
479
482
191
483
484
486
194
487
197
201
489
211
493
494
498
500
221
502
503
504
505
506
507
508
510
513
514
516
517
518
229
230
520
234
238
239
240
521
522
523
524
526
527
245
530
531
533
534
536
537
538
540
255
543
544
549
266
550
270
553
554
555
556
273
559
274
561
279
281
562
287
289
564
566
567
293
570
571
295
297
298
302
576
577
307
581
310
583
585
319
321
586
587
327
588
589
591
592
593
330
595
331
332
335
598
599
339
340
341
600
601
602
343
604
346
347
607
353
611
613
358
614
616
366
368
620
