3	0.015384615
4	0.015384615
2903	0.584615384
3637	0.261538461
3970	0.584615384
4499	0.584615384
5264	0.584615384
5265	0.015384615
5570	0.030769230
6048	0.015384615
6190	0.584615384
6732	0.584615384
7153	0.015384615
7394	0.584615384
7646	0.323076923
7675	0.569230769
7829	0.015384615
8381	0.246153846
8573	0.246153846
11285	0.123076923
12643	0.584615384
13533	0.015384615
14687	0.030769230
15227	0.015384615
16987	0.584615384
17664	0.246153846
18506	0.584615384
18642	0.015384615
20571	0.015384615
20687	0.030769230
20990	0.415384615
21283	0.584615384
22849	0.030769230
23889	0.153846153
26066	0.015384615
30473	0.584615384
30959	0.030769230
31063	0.584615384
31612	0.584615384
33995	0.246153846
36010	0.092307692
36017	0.030769230
38596	0.123076923
38812	0.584615384
39680	0.461538461
39955	0.030769230
40260	0.015384615
40303	0.584615384
40439	0.030769230
44033	0.584615384
44144	0.030769230
45381	0.584615384
45415	0.015384615
45975	0.030769230
46277	0.015384615
48340	0.584615384
50249	0.584615384
50258	0.415384615
50682	0.415384615
52980	0.046153846
53451	0.030769230
53669	0.584615384
54564	0.015384615
55792	0.030769230
55866	0.015384615
56038	0.415384615
56801	0.584615384
57347	0.584615384
58521	0.584615384
60747	0.584615384
62528	0.584615384
63979	0.415384615
64633	0.015384615
64757	0.307692307
67798	0.030769230
68875	0.046153846
69405	0.030769230
72425	0.584615384
75950	0.015384615
79557	0.153846153
83742	0.015384615
87448	0.584615384
87937	0.553846153
89395	0.584615384
89452	0.584615384
93520	0.584615384
95443	0.415384615
95925	0.553846153
99379	0.015384615
101635	0.584615384
101775	0.584615384
103697	0.584615384
104238	0.584615384
107328	0.584615384
108893	0.015384615
110285	0.553846153
110618	0.584615384
113899	0.123076923
115471	0.492307692
120044	0.584615384
121043	0.584615384
122138	0.030769230
122458	0.030769230
123252	0.030769230
128091	0.030769230
129362	0.584615384
129568	0.030769230
129668	0.123076923
130150	0.584615384
131751	0.184615384
134082	0.015384615
135733	0.553846153
139100	0.015384615
144384	0.030769230
150908	0.030769230
152221	0.584615384
153226	0.184615384
156246	0.015384615
157241	0.030769230
157561	0.415384615
160846	0.107692307
162508	0.030769230
164864	0.030769230
165449	0.415384615
168527	0.246153846
168985	0.107692307
170417	0.030769230
170601	0.415384615
180208	0.584615384
188212	0.538461538
191041	0.015384615
194638	0.584615384
194732	0.584615384
202750	0.584615384
206873	0.415384615
209051	0.046153846
209192	0.123076923
213454	0.030769230
216708	0.584615384
219756	0.584615384
221385	0.584615384
222446	0.584615384
226432	0.030769230
226446	0.584615384
226595	0.030769230
230893	0.246153846
232502	0.584615384
233126	0.584615384
234495	0.138461538
235546	0.046153846
241605	0.584615384
242447	0.030769230
243154	0.015384615
245850	0.092307692
247686	0.015384615
249315	0.584615384
249987	0.415384615
251123	0.015384615
251338	0.584615384
251590	0.030769230
252843	0.046153846
253451	0.015384615
254150	0.246153846
255766	0.015384615
255938	0.584615384
256355	0.584615384
256945	0.584615384
257111	0.046153846
257142	0.061538461
257868	0.030769230
257981	0.076923076
259903	0.584615384
260803	0.584615384
261095	0.261538461
261438	0.584615384
261534	0.015384615
262131	0.015384615
264319	0.030769230
265247	0.015384615
265307	0.584615384
267175	0.584615384
268427	0.123076923
270922	0.046153846
271980	0.015384615
273969	0.030769230
275196	0.584615384
277831	0.015384615
278108	0.046153846
278704	0.584615384
278789	0.015384615
284478	0.046153846
285859	0.076923076
286401	0.046153846
287872	0.569230769
288036	0.030769230
288164	0.015384615
288225	0.030769230
288886	0.584615384
290460	0.123076923
290625	0.400000000
293000	0.246153846
293075	0.030769230
293595	0.584615384
294190	0.584615384
297894	0.015384615
297938	0.584615384
298763	0.584615384
300177	0.015384615
303388	0.030769230
305707	0.015384615
307237	0.030769230
308236	0.246153846
308248	0.076923076
310505	0.015384615
311150	0.030769230
312481	0.030769230
315035	0.584615384
315454	0.553846153
316382	0.061538461
318115	0.092307692
318174	0.015384615
320994	0.030769230
321449	0.076923076
322821	0.584615384
322946	0.061538461
324492	0.384615384
325002	0.584615384
328014	0.015384615
328449	0.107692307
328985	0.030769230
329555	0.584615384
333298	0.569230769
334672	0.046153846
335074	0.584615384
339420	0.030769230
340399	0.153846153
340829	0.015384615
342148	0.200000000
345051	0.061538461
346286	0.076923076
347024	0.015384615
347947	0.230769230
348016	0.015384615
348236	0.061538461
350513	0.015384615
353417	0.553846153
353840	0.123076923
354465	0.584615384
354628	0.015384615
354937	0.046153846
360922	0.015384615
362924	0.030769230
363304	0.584615384
364537	0.030769230
365484	0.046153846
366392	0.030769230
367428	0.015384615
369469	0.584615384
369714	0.523076923
369922	0.246153846
370786	0.584615384
371168	0.584615384
373287	0.184615384
380039	0.030769230
380724	0.015384615
381087	0.061538461
383139	0.030769230
384898	0.015384615
387350	0.476923076
387619	0.230769230
388828	0.584615384
390525	0.015384615
392422	0.584615384
392915	0.584615384
393740	0.584615384
394246	0.123076923
394701	0.569230769
395042	0.584615384
396283	0.123076923
396709	0.092307692
397749	0.584615384
398118	0.569230769
398301	0.092307692
398949	0.584615384
399807	0.015384615
400909	0.030769230
401635	0.584615384
403203	0.030769230
403834	0.015384615
404056	0.015384615
407465	0.015384615
407811	0.584615384
410585	0.030769230
412198	0.030769230
413674	0.123076923
413743	0.584615384
414784	0.015384615
415289	0.123076923
415839	0.415384615
416524	0.015384615
416752	0.030769230
416992	0.030769230
420826	0.584615384
420927	0.553846153
422855	0.092307692
424531	0.046153846
425603	0.076923076
426002	0.153846153
428558	0.015384615
429084	0.584615384
434138	0.046153846
435202	0.246153846
435387	0.584615384
437141	0.584615384
437187	0.230769230
437512	0.030769230
438499	0.538461538
438746	0.015384615
439132	0.123076923
439670	0.276923076
440432	0.584615384
441222	0.030769230
444404	0.123076923
444690	0.015384615
444839	0.015384615
445466	0.030769230
447017	0.030769230
447190	0.046153846
448597	0.123076923
449299	0.015384615
450088	0.584615384
450311	0.215384615
453452	0.061538461
453838	0.123076923
453935	0.015384615
454104	0.030769230
454931	0.030769230
455851	0.123076923
457591	0.584615384
459511	0.584615384
462163	0.076923076
462193	0.015384615
462337	0.446153846
462436	0.015384615
463730	0.030769230
464584	0.030769230
464627	0.584615384
465134	0.584615384
465645	0.584615384
465972	0.015384615
466072	0.415384615
466392	0.015384615
467516	0.030769230
468058	0.415384615
468410	0.569230769
468439	0.015384615
468999	0.061538461
469698	0.123076923
472968	0.030769230
474063	0.030769230
474797	0.538461538
474861	0.030769230
476123	0.030769230
476256	0.015384615
477287	0.169230769
477350	0.015384615
479698	0.584615384
479804	0.538461538
480216	0.153846153
480366	0.107692307
481035	0.584615384
481652	0.076923076
483516	0.046153846
483872	0.415384615
485613	0.246153846
486999	0.030769230
487248	0.569230769
488951	0.061538461
489000	0.246153846
489598	0.030769230
492530	0.030769230
492813	0.030769230
493103	0.015384615
493211	0.046153846
493621	0.261538461
494483	0.584615384
495576	0.107692307
496775	0.200000000
496997	0.030769230
497352	0.030769230
503586	0.015384615
505063	0.030769230
505703	0.030769230
506140	0.584615384
507315	0.553846153
507534	0.584615384
507646	0.553846153
507671	0.092307692
508848	0.030769230
509754	0.584615384
509907	0.015384615
510138	0.584615384
510154	0.030769230
512427	0.584615384
512763	0.030769230
513025	0.046153846
513529	0.046153846
516298	0.061538461
517871	0.584615384
519417	0.584615384
520326	0.276923076
521654	0.584615384
522113	0.030769230
522421	0.569230769
524759	0.415384615
525341	0.553846153
526979	0.138461538
527522	0.584615384
527817	0.123076923
528287	0.030769230
528435	0.584615384
531221	0.584615384
531917	0.584615384
533004	0.584615384
533675	0.015384615
534067	0.030769230
534250	0.030769230
534515	0.015384615
534519	0.584615384
536974	0.030769230
538411	0.584615384
540507	0.030769230
546866	0.584615384
547056	0.015384615
549246	0.384615384
549532	0.076923076
549741	0.030769230
550283	0.015384615
550851	0.584615384
553446	0.107692307
554391	0.092307692
556568	0.307692307
558370	0.030769230
558793	0.015384615
558932	0.061538461
559829	0.076923076
561492	0.584615384
562124	0.584615384
564060	0.169230769
565089	0.246153846
568964	0.092307692
570375	0.015384615
571911	0.030769230
572027	0.553846153
573001	0.584615384
574809	0.492307692
576515	0.584615384
577346	0.584615384
577976	0.138461538
578459	0.123076923
580709	0.230769230
582508	0.015384615
582620	0.246153846
582766	0.584615384
584287	0.261538461
586809	0.584615384
587205	0.030769230
587397	0.169230769
588608	0.584615384
589059	0.584615384
589800	0.061538461
590469	0.015384615
590994	0.215384615
592174	0.046153846
592500	0.584615384
593391	0.061538461
593580	0.030769230
594001	0.123076923
594390	0.584615384
594726	0.015384615
594892	0.138461538
594941	0.015384615
596933	0.046153846
597693	0.015384615
598399	0.123076923
599248	0.553846153
601262	0.046153846
601327	0.584615384
601793	0.030769230
601990	0.123076923
602027	0.046153846
602891	0.123076923
603325	0.584615384
603406	0.015384615
604007	0.046153846
604226	0.030769230
604382	0.492307692
604844	0.138461538
605443	0.030769230
606550	0.123076923
606644	0.461538461
606973	0.553846153
607624	0.123076923
608681	0.584615384
609488	0.015384615
610181	0.584615384
611418	0.107692307
611529	0.015384615
611940	0.092307692
612046	0.061538461
614846	0.584615384
615836	0.123076923
616082	0.046153846
616118	0.046153846
616367	0.030769230
617004	0.015384615
618675	0.123076923
619281	0.230769230
621148	0.584615384
622360	0.030769230
622450	0.030769230
623799	0.584615384
625351	0.384615384
625519	0.015384615
627004	0.046153846
628277	0.015384615
628708	0.030769230
629662	0.030769230
630016	0.584615384
630483	0.153846153
631124	0.584615384
634701	0.553846153
634815	0.584615384
634959	0.046153846
634961	0.138461538
635115	0.584615384
635413	0.015384615
636580	0.092307692
637318	0.015384615
638532	0.030769230
639011	0.584615384
639414	0.584615384
640769	0.015384615
640770	0.107692307
643824	0.061538461
644735	0.123076923
646790	0.015384615
647554	0.292307692
647730	0.030769230
649748	0.107692307
655034	0.123076923
656185	0.584615384
658649	0.030769230
659598	0.015384615
661393	0.153846153
665051	0.584615384
666082	0.046153846
666608	0.092307692
666663	0.046153846
666844	0.030769230
667292	0.123076923
667531	0.584615384
668631	0.015384615
670745	0.046153846
671381	0.584615384
672043	0.015384615
672223	0.153846153
672602	0.030769230
672696	0.030769230
673882	0.030769230
674615	0.584615384
674925	0.015384615
678927	0.415384615
679943	0.061538461
680532	0.030769230
681189	0.246153846
682091	0.046153846
682443	0.584615384
682937	0.046153846
683630	0.030769230
684142	0.584615384
685004	0.076923076
685115	0.538461538
685440	0.553846153
686130	0.015384615
686901	0.107692307
687279	0.015384615
687608	0.015384615
692360	0.246153846
692705	0.015384615
693945	0.584615384
696033	0.015384615
699997	0.061538461
702248	0.584615384
703142	0.123076923
703561	0.584615384
703722	0.030769230
705045	0.046153846
707919	0.584615384
708177	0.107692307
709780	0.076923076
710766	0.107692307
712752	0.138461538
715452	0.046153846
716111	0.015384615
719183	0.246153846
720674	0.030769230
721740	0.015384615
722579	0.030769230
722874	0.061538461
723496	0.046153846
723513	0.015384615
725826	0.584615384
727542	0.415384615
731302	0.584615384
732376	0.123076923
733486	0.123076923
733939	0.030769230
735819	0.584615384
737570	0.061538461
738393	0.584615384
741969	0.015384615
743217	0.584615384
743775	0.553846153
743857	0.584615384
743890	0.061538461
744722	0.476923076
746637	0.030769230
746820	0.030769230
747353	0.030769230
747886	0.015384615
748099	0.076923076
748463	0.107692307
748851	0.123076923
749270	0.584615384
749361	0.246153846
749588	0.030769230
750815	0.584615384
751417	0.584615384
751705	0.046153846
752529	0.015384615
753328	0.015384615
753944	0.384615384
754002	0.015384615
754370	0.015384615
755799	0.015384615
756904	0.123076923
758244	0.415384615
759319	0.169230769
760151	0.092307692
760523	0.015384615
761061	0.030769230
762476	0.123076923
764896	0.015384615
766042	0.030769230
766183	0.584615384
768125	0.015384615
768418	0.015384615
770837	0.046153846
771142	0.030769230
771318	0.553846153
771642	0.030769230
772752	0.584615384
775070	0.015384615
775200	0.015384615
775661	0.015384615
775803	0.584615384
776511	0.015384615
776679	0.015384615
777374	0.584615384
778525	0.584615384
778670	0.030769230
780117	0.584615384
781023	0.584615384
784688	0.584615384
784989	0.061538461
785012	0.030769230
785410	0.030769230
786537	0.123076923
786765	0.553846153
788134	0.584615384
788232	0.046153846
789698	0.015384615
789708	0.030769230
790461	0.030769230
790955	0.584615384
791178	0.030769230
791480	0.584615384
792296	0.046153846
793247	0.338461538
793474	0.030769230
794722	0.369230769
795252	0.046153846
798101	0.584615384
798835	0.046153846
799123	0.584615384
799640	0.015384615
800409	0.246153846
800945	0.584615384
802203	0.246153846
804479	0.046153846
805381	0.584615384
805956	0.015384615
806805	0.123076923
806833	0.030769230
807682	0.276923076
808112	0.046153846
808272	0.584615384
808554	0.584615384
810643	0.030769230
811801	0.584615384
812033	0.123076923
813589	0.584615384
814284	0.584615384
815312	0.030769230
817173	0.046153846
818083	0.015384615
818912	0.015384615
821529	0.015384615
822191	0.292307692
823009	0.123076923
824885	0.553846153
825390	0.015384615
825690	0.123076923
826750	0.123076923
828239	0.015384615
828374	0.138461538
828885	0.046153846
829026	0.015384615
829734	0.030769230
832134	0.030769230
832870	0.415384615
835377	0.584615384
837388	0.584615384
837597	0.015384615
837612	0.553846153
837747	0.584615384
838716	0.015384615
838744	0.430769230
840094	0.292307692
840319	0.123076923
840765	0.030769230
842889	0.123076923
843790	0.584615384
844303	0.030769230
845623	0.538461538
845817	0.061538461
847521	0.015384615
847555	0.138461538
849895	0.261538461
850029	0.015384615
850914	0.015384615
854954	0.046153846
855143	0.046153846
855177	0.584615384
856127	0.015384615
857718	0.584615384
857730	0.107692307
858097	0.584615384
859738	0.230769230
861040	0.015384615
863162	0.030769230
863267	0.584615384
864968	0.046153846
865827	0.123076923
866721	0.584615384
866873	0.030769230
867634	0.030769230
867897	0.169230769
867973	0.123076923
869030	0.015384615
869158	0.584615384
869200	0.584615384
869837	0.246153846
870410	0.015384615
870718	0.123076923
870870	0.246153846
871805	0.046153846
872831	0.015384615
873330	0.030769230
873446	0.123076923
873548	0.030769230
873683	0.538461538
876602	0.030769230
878478	0.584615384
879707	0.553846153
880268	0.123076923
880643	0.415384615
880651	0.015384615
880818	0.584615384
884178	0.030769230
886122	0.584615384
886622	0.015384615
886712	0.123076923
887030	0.046153846
887767	0.415384615
887930	0.584615384
892174	0.030769230
892298	0.584615384
896129	0.246153846
898947	0.030769230
899417	0.184615384
900963	0.015384615
901318	0.246153846
901510	0.584615384
901835	0.123076923
905531	0.015384615
906260	0.584615384
906758	0.030769230
907047	0.015384615
907857	0.523076923
908726	0.553846153
909707	0.015384615
910600	0.015384615
911582	0.046153846
913105	0.076923076
913381	0.107692307
913890	0.076923076
914078	0.123076923
914875	0.246153846
915666	0.015384615
916246	0.584615384
917216	0.584615384
918567	0.584615384
919585	0.015384615
920605	0.584615384
921095	0.046153846
921197	0.015384615
921231	0.307692307
922464	0.584615384
923977	0.015384615
925348	0.030769230
926637	0.230769230
927482	0.030769230
928095	0.584615384
929948	0.030769230
931209	0.015384615
932357	0.015384615
932808	0.323076923
932997	0.030769230
935800	0.138461538
936060	0.230769230
936472	0.030769230
936874	0.584615384
938658	0.030769230
938696	0.015384615
938966	0.123076923
940114	0.046153846
940741	0.584615384
942608	0.046153846
942749	0.015384615
943283	0.015384615
944156	0.015384615
945239	0.015384615
945249	0.584615384
945825	0.584615384
950217	0.584615384
950365	0.584615384
952420	0.584615384
953238	0.584615384
954059	0.123076923
954548	0.153846153
954646	0.015384615
955620	0.153846153
955659	0.584615384
957983	0.015384615
958117	0.584615384
958919	0.046153846
960207	0.015384615
960594	0.246153846
960988	0.015384615
961642	0.030769230
962833	0.584615384
964146	0.046153846
967162	0.030769230
968399	0.046153846
971096	0.046153846
971973	0.461538461
973451	0.584615384
974562	0.015384615
975494	0.030769230
975592	0.446153846
976256	0.230769230
976314	0.246153846
977005	0.584615384
977665	0.015384615
978870	0.030769230
979176	0.584615384
979979	0.292307692
980234	0.030769230
980377	0.584615384
980500	0.030769230
984325	0.553846153
984750	0.015384615
984791	0.584615384
987246	0.061538461
987311	0.046153846
987881	0.584615384
987994	0.076923076
988840	0.030769230
989140	0.030769230
989610	0.030769230
990057	0.015384615
990217	0.553846153
990262	0.015384615
990376	0.076923076
990495	0.246153846
992593	0.584615384
992856	0.107692307
992991	0.030769230
994441	0.584615384
995410	0.584615384
995675	0.046153846
996087	0.584615384
996278	0.015384615
996800	0.015384615
996900	0.076923076
997565	0.123076923
997610	0.307692307
998461	0.107692307
998937	0.076923076
998953	0.584615384
999423	0.246153846
999915	0.030769230
1000697	0.030769230
1000855	0.046153846
1001047	0.261538461
1002880	0.046153846
1003697	0.276923076
1003986	0.030769230
1004418	0.584615384
1005044	0.153846153
1005693	0.030769230
1005787	0.015384615
1009357	0.184615384
1010521	0.584615384
1011103	0.276923076
1011202	0.584615384
1011419	0.123076923
1011463	0.523076923
1012274	0.246153846
1012326	0.584615384
1013777	0.107692307
1013847	0.569230769
1014037	0.584615384
1014970	0.076923076
1016240	0.015384615
1017778	0.046153846
1018613	0.123076923
1019248	0.323076923
1019461	0.061538461
1019867	0.123076923
1020026	0.046153846
1022289	0.046153846
1023020	0.476923076
1023118	0.123076923
1023666	0.584615384
1024428	0.338461538
1024448	0.030769230
1025615	0.046153846
1026495	0.046153846
1026832	0.030769230
1027334	0.046153846
1027857	0.123076923
1028592	0.015384615
1028623	0.030769230
1029128	0.446153846
1031064	0.015384615
1031160	0.246153846
1032728	0.400000000
1034240	0.307692307
1036273	0.584615384
1036362	0.123076923
1038798	0.030769230
1040081	0.015384615
1040685	0.046153846
1041161	0.030769230
1041213	0.584615384
1046050	0.046153846
1046489	0.584615384
1046549	0.123076923
1046890	0.015384615
1048174	0.169230769
1048810	0.584615384
1048970	0.584615384
1049865	0.584615384
1050554	0.015384615
1050887	0.200000000
1051255	0.015384615
1052049	0.584615384
1052986	0.123076923
1053184	0.076923076
1053629	0.030769230
1054120	0.584615384
1054249	0.046153846
1054392	0.584615384
1056300	0.030769230
1056658	0.061538461
1058136	0.030769230
1058536	0.184615384
1058725	0.584615384
1059573	0.046153846
1059783	0.415384615
1059913	0.015384615
1063562	0.015384615
1064187	0.123076923
1065664	0.030769230
1067217	0.584615384
1067463	0.415384615
1067607	0.584615384
1067649	0.123076923
1067654	0.061538461
1068039	0.553846153
1068130	0.015384615
1073576	0.046153846
1077092	0.584615384
1078113	0.430769230
1078301	0.015384615
1079920	0.584615384
1080054	0.584615384
1081127	0.107692307
1082238	0.123076923
1084699	0.123076923
1084859	0.030769230
1085075	0.061538461
1085436	0.569230769
1085786	0.015384615
1086869	0.584615384
1088742	0.030769230
1089998	0.030769230
1090444	0.046153846
1094585	0.030769230
1094695	0.584615384
1096208	0.046153846
1096291	0.200000000
1096297	0.015384615
1097321	0.584615384
1097830	0.123076923
1097909	0.030769230
1098289	0.107692307
1099493	0.046153846
1099586	0.092307692
1099802	0.015384615
1099971	0.123076923
1100348	0.061538461
1102408	0.584615384
1102915	0.046153846
1103695	0.076923076
1104881	0.046153846
1108635	0.584615384
1109678	0.061538461
1111186	0.584615384
1112190	0.030769230
1112300	0.030769230
1113451	0.584615384
1114204	0.015384615
1115457	0.046153846
1116717	0.584615384
1117612	0.015384615
1117657	0.015384615
1119297	0.030769230
1121586	0.138461538
1121948	0.123076923
1123398	0.584615384
1124849	0.230769230
1125120	0.046153846
1125520	0.123076923
1126282	0.569230769
1126880	0.015384615
1129170	0.584615384
1130617	0.015384615
1131428	0.030769230
1131654	0.584615384
1132303	0.584615384
1133941	0.030769230
1136148	0.184615384
1137850	0.584615384
1137967	0.015384615
1138841	0.015384615
1139474	0.584615384
1142839	0.046153846
1144345	0.584615384
1144622	0.246153846
1145094	0.215384615
1145469	0.584615384
1145642	0.046153846
1146791	0.030769230
1148236	0.584615384
1148329	0.584615384
1150033	0.584615384
1150593	0.030769230
1150888	0.030769230
1151409	0.015384615
1152450	0.030769230
1152570	0.046153846
1152572	0.584615384
1152679	0.584615384
1154727	0.553846153
1155487	0.030769230
1156230	0.107692307
1157014	0.015384615
1158805	0.015384615
1159212	0.030769230
1159638	0.584615384
1160775	0.169230769
1161416	0.415384615
1161484	0.092307692
1161647	0.276923076
1162807	0.553846153
1163250	0.584615384
1164135	0.030769230
1165080	0.584615384
1165092	0.015384615
1165329	0.030769230
1165432	0.092307692
1168041	0.030769230
1168134	0.092307692
1168226	0.584615384
1168356	0.292307692
1169764	0.076923076
1170305	0.200000000
1170519	0.061538461
1171433	0.584615384
1174352	0.030769230
1175170	0.046153846
1175352	0.584615384
1175578	0.015384615
1176246	0.030769230
1176911	0.030769230
1177351	0.015384615
1177654	0.030769230
1178893	0.230769230
1179417	0.030769230
1179991	0.030769230
1180066	0.584615384
1181216	0.061538461
1184079	0.030769230
1184929	0.246153846
1187135	0.123076923
1187252	0.584615384
1187619	0.584615384
1191544	0.046153846
1191757	0.553846153
1191938	0.246153846
1192880	0.123076923
1193533	0.584615384
1196028	0.030769230
1196969	0.015384615
1198060	0.030769230
1198654	0.061538461
1199490	0.061538461
1200138	0.046153846
1201131	0.061538461
1201663	0.015384615
1202276	0.015384615
1202734	0.030769230
1204710	0.015384615
1204886	0.076923076
1205162	0.015384615
1206188	0.030769230
1206732	0.015384615
1207015	0.123076923
1207571	0.584615384
1207866	0.553846153
1208454	0.030769230
1208925	0.584615384
1209270	0.061538461
1209356	0.584615384
1209777	0.046153846
1209865	0.015384615
1210120	0.153846153
1210405	0.584615384
1210578	0.584615384
1211363	0.030769230
1211631	0.030769230
1212315	0.584615384
1212749	0.584615384
1214314	0.123076923
1214835	0.015384615
1217237	0.292307692
1218199	0.015384615
1218239	0.584615384
1218444	0.015384615
1220196	0.584615384
1220924	0.123076923
1221399	0.046153846
1221629	0.015384615
1221801	0.123076923
1222410	0.030769230
1222518	0.123076923
1223149	0.015384615
1224059	0.092307692
1224375	0.553846153
1226328	0.584615384
1226847	0.553846153
1227468	0.061538461
1228336	0.030769230
1229192	0.184615384
1229577	0.584615384
1230088	0.261538461
1230163	0.030769230
1230430	0.015384615
1231352	0.584615384
1232316	0.015384615
1234254	0.584615384
1234552	0.107692307
1235116	0.246153846
1235767	0.061538461
1237007	0.553846153
1237149	0.030769230
1237965	0.292307692
1239335	0.538461538
1240408	0.030769230
1241209	0.553846153
1242606	0.123076923
1244530	0.015384615
1245131	0.123076923
1246007	0.230769230
1246198	0.584615384
1249020	0.030769230
1250777	0.584615384
1251331	0.584615384
1251539	0.584615384
1251860	0.584615384
1252763	0.584615384
1252913	0.553846153
1253284	0.030769230
1253783	0.123076923
1254576	0.584615384
1257381	0.584615384
1257692	0.015384615
1258092	0.107692307
1258457	0.292307692
1258475	0.015384615
1260632	0.123076923
1261807	0.107692307
1262563	0.123076923
1262788	0.353846153
1263500	0.246153846
1263657	0.584615384
1264239	0.184615384
1264495	0.338461538
1264960	0.123076923
1265656	0.107692307
1266025	0.246153846
1266849	0.015384615
1266909	0.030769230
1267382	0.584615384
1267764	0.046153846
1268723	0.169230769
1269338	0.015384615
1269916	0.030769230
1271175	0.030769230
1272049	0.061538461
1272523	0.584615384
1272735	0.584615384
1274891	0.030769230
1276639	0.030769230
1276660	0.415384615
1276705	0.584615384
1278708	0.107692307
1279130	0.030769230
1280208	0.030769230
1280614	0.030769230
1281948	0.584615384
1282128	0.061538461
1283846	0.030769230
1284345	0.584615384
1284630	0.092307692
1284845	0.046153846
1285603	0.584615384
1285811	0.415384615
1285924	0.030769230
1289331	0.246153846
1290516	0.338461538
1294234	0.030769230
1295844	0.584615384
1296172	0.015384615
1296190	0.123076923
1296788	0.015384615
1297993	0.046153846
1301788	0.123076923
1301877	0.030769230
1303223	0.246153846
1305457	0.430769230
1305476	0.553846153
1305614	0.030769230
1305829	0.584615384
1306646	0.123076923
1307201	0.015384615
1307836	0.246153846
1307895	0.046153846
1309432	0.030769230
1309546	0.584615384
1310084	0.046153846
1310489	0.584615384
1310779	0.246153846
1311472	0.123076923
1311590	0.538461538
1312536	0.015384615
1312641	0.046153846
1313990	0.015384615
1314566	0.015384615
1315159	0.123076923
1315965	0.123076923
1316395	0.015384615
1317364	0.430769230
1318362	0.123076923
1320099	0.184615384
1320147	0.246153846
1321219	0.046153846
1321473	0.584615384
1321630	0.292307692
1321741	0.584615384
1321842	0.123076923
1325149	0.030769230
1325901	0.015384615
1327962	0.030769230
1328728	0.030769230
1329393	0.092307692
1329686	0.030769230
1329928	0.415384615
1331114	0.030769230
1331296	0.261538461
1331617	0.584615384
1331897	0.584615384
1331935	0.030769230
1332410	0.030769230
1332676	0.015384615
1332986	0.400000000
1334007	0.153846153
1334379	0.061538461
1334450	0.184615384
1334579	0.015384615
1335668	0.584615384
1336531	0.153846153
1336631	0.338461538
1337311	0.015384615
1337524	0.123076923
1337837	0.584615384
1338661	0.030769230
1339058	0.584615384
1340232	0.030769230
1340247	0.030769230
1341116	0.030769230
1341474	0.584615384
1343579	0.015384615
1350183	0.584615384
1351974	0.030769230
1352312	0.123076923
1352689	0.584615384
1353725	0.015384615
1353900	0.015384615
1354476	0.046153846
1354590	0.046153846
1355054	0.061538461
1355300	0.046153846
1355469	0.030769230
1356324	0.092307692
1356570	0.015384615
1356612	0.246153846
1357304	0.030769230
1359147	0.584615384
1359511	0.030769230
1359522	0.307692307
1361111	0.030769230
1361806	0.584615384
1362759	0.046153846
1364911	0.261538461
1365870	0.584615384
1365919	0.246153846
1367455	0.584615384
1368257	0.123076923
1370197	0.030769230
1370280	0.584615384
1371342	0.015384615
1372679	0.246153846
1373181	0.030769230
1373411	0.030769230
1374267	0.061538461
1374424	0.030769230
1374831	0.030769230
1375149	0.584615384
1375989	0.169230769
1377221	0.584615384
1377567	0.015384615
1381067	0.584615384
1381872	0.015384615
1381903	0.584615384
1381920	0.246153846
1383404	0.030769230
1383688	0.015384615
1385015	0.584615384
1385562	0.200000000
1385915	0.446153846
1386702	0.246153846
1386809	0.553846153
1387009	0.584615384
1387646	0.553846153
1388411	0.015384615
1388607	0.584615384
1389871	0.553846153
1390890	0.015384615
1391476	0.584615384
1392164	0.015384615
1392443	0.123076923
1392703	0.538461538
1394726	0.015384615
1396174	0.584615384
1397430	0.092307692
1397653	0.584615384
1397700	0.553846153
1397970	0.030769230
1398949	0.015384615
1400031	0.092307692
1400216	0.015384615
1401053	0.107692307
1401260	0.123076923
1401342	0.030769230
1401405	0.584615384
1402248	0.138461538
1402661	0.246153846
1403073	0.046153846
1403699	0.584615384
1404623	0.015384615
1405389	0.061538461
1406896	0.015384615
1407610	0.030769230
1408240	0.046153846
1408330	0.138461538
1408407	0.046153846
1408952	0.584615384
1409633	0.584615384
1411500	0.030769230
1411639	0.030769230
1411858	0.184615384
1412368	0.030769230
1414359	0.015384615
1414658	0.584615384
1414917	0.046153846
1415229	0.015384615
1415464	0.015384615
1415804	0.046153846
1416068	0.046153846
1416309	0.030769230
1417447	0.246153846
1418876	0.107692307
1419210	0.353846153
1420844	0.584615384
1421798	0.046153846
1422019	0.030769230
1422073	0.584615384
1422502	0.015384615
1422836	0.061538461
1423814	0.584615384
1423983	0.584615384
1424554	0.584615384
1426098	0.461538461
1427708	0.030769230
1427962	0.584615384
1430256	0.015384615
1430316	0.015384615
1431222	0.015384615
1431816	0.200000000
1432149	0.015384615
1432288	0.492307692
1432793	0.046153846
1433323	0.015384615
1434022	0.553846153
1435043	0.584615384
1435225	0.584615384
1436267	0.569230769
1436411	0.030769230
1436455	0.046153846
1436840	0.584615384
1438179	0.046153846
1438393	0.415384615
1439664	0.046153846
1440019	0.123076923
1440082	0.569230769
1440464	0.076923076
1440610	0.030769230
1440959	0.030769230
1441079	0.046153846
1441512	0.446153846
1441528	0.015384615
1441720	0.030769230
1443122	0.369230769
1443193	0.030769230
1443900	0.584615384
1445344	0.015384615
1447706	0.584615384
1448248	0.138461538
1449564	0.015384615
1450253	0.030769230
1450651	0.553846153
1452888	0.584615384
1454226	0.415384615
1454621	0.584615384
1455082	0.061538461
1456330	0.030769230
1456553	0.584615384
1457196	0.030769230
1457476	0.107692307
1457524	0.292307692
1458401	0.030769230
1459238	0.261538461
1459441	0.246153846
1459892	0.261538461
1459967	0.046153846
1460372	0.153846153
1463429	0.030769230
1464141	0.015384615
1467940	0.123076923
1468211	0.153846153
1468506	0.338461538
1469785	0.015384615
1470420	0.584615384
1472524	0.584615384
1472662	0.123076923
1473809	0.030769230
1474140	1.000000000
1474349	0.030769230
1475303	0.584615384
1476314	0.030769230
1477292	0.030769230
1477389	0.476923076
1477593	0.030769230
1477755	0.107692307
1477978	0.584615384
1478449	0.123076923
1479150	0.030769230
1479624	0.030769230
1480125	0.046153846
1481180	0.046153846
1481613	0.584615384
1482768	0.123076923
1484355	0.584615384
1484612	0.476923076
1484917	0.030769230
1485093	0.584615384
1485366	0.123076923
1485400	0.030769230
1486279	0.046153846
1486891	0.030769230
1487018	0.030769230
1488613	0.553846153
1488775	0.138461538
1489109	0.369230769
1490452	0.584615384
1490570	0.107692307
1492157	0.584615384
1492348	0.415384615
1493694	0.030769230
1495240	0.261538461
1495769	0.015384615
1495833	0.123076923
1497371	0.015384615
1499665	0.015384615
1499990	0.415384615
1500917	0.015384615
1501319	0.569230769
1501560	0.584615384
1503947	0.584615384
1503987	0.015384615
1505595	0.415384615
1505638	0.123076923
1505752	0.584615384
1506836	0.123076923
1506955	0.015384615
1507044	0.015384615
1507061	0.569230769
1507622	0.015384615
1510645	0.584615384
1510694	0.046153846
1512565	0.015384615
1513867	0.569230769
1514456	0.353846153
1514734	0.030769230
1514747	0.584615384
1516168	0.015384615
1516992	0.046153846
1517035	0.553846153
1517199	0.030769230
1518869	0.046153846
1519070	0.030769230
1519082	0.430769230
1520233	0.584615384
1520809	0.076923076
1521045	0.015384615
1521231	0.015384615
1522377	0.015384615
1522650	0.123076923
1523118	0.138461538
1524426	0.030769230
1525337	0.061538461
1525746	0.123076923
1525959	0.076923076
1526231	0.015384615
1526954	0.230769230
1527175	0.384615384
1527283	0.584615384
1528493	0.076923076
1528781	0.553846153
1529582	0.015384615
1529971	0.123076923
1530260	0.015384615
1531416	0.046153846
1531593	0.015384615
1532137	0.584615384
1532610	0.246153846
1532619	0.061538461
1532811	0.030769230
1533378	0.030769230
1533519	0.015384615
1534236	0.061538461
1534438	0.061538461
1535198	0.076923076
1535316	0.015384615
1536500	0.030769230
1537238	0.030769230
1537295	0.046153846
1537496	0.584615384
1537509	0.015384615
1538035	0.046153846
1538832	0.138461538
1539150	0.015384615
1539757	0.076923076
1539921	0.584615384
1539942	0.123076923
1540157	0.169230769
1540438	0.584615384
1540586	0.015384615
1540680	0.015384615
1541572	0.415384615
1541609	0.107692307
1542493	0.030769230
1543555	0.030769230
1543959	0.030769230
1544545	0.015384615
1545621	0.015384615
1545927	0.015384615
1547542	0.030769230
1547625	0.138461538
1548001	0.553846153
1551486	0.138461538
1551650	0.030769230
1552014	0.015384615
1552079	0.061538461
1552185	0.123076923
1552515	0.015384615
1552685	0.076923076
1552839	0.030769230
1553548	0.030769230
1553819	0.061538461
1554175	0.123076923
1554397	0.584615384
1554736	0.584615384
1555614	0.030769230
1556346	0.584615384
1556365	0.123076923
1556646	0.015384615
1556802	0.015384615
1557528	0.107692307
1560531	0.584615384
1562945	0.030769230
1563503	0.076923076
1565719	0.584615384
1568263	0.107692307
1568440	0.030769230
1568583	0.015384615
1568613	0.584615384
1569685	0.415384615
1570115	0.123076923
1570844	0.046153846
1571304	0.430769230
1571837	0.553846153
1572191	0.030769230
1572360	0.076923076
1572491	0.030769230
1574200	0.415384615
1574953	0.046153846
1577775	0.030769230
1577848	0.015384615
1578430	0.169230769
1578642	0.030769230
1579917	0.015384615
1580230	0.584615384
1583762	0.030769230
1583879	0.015384615
1585599	0.046153846
1587062	0.015384615
1588326	0.015384615
1588908	0.569230769
1589859	0.030769230
1589936	0.015384615
1590674	0.538461538
1591391	0.030769230
1591661	0.584615384
1592587	0.092307692
1593273	0.584615384
1593911	0.584615384
1594444	0.030769230
1594770	0.123076923
1595255	0.030769230
1597347	0.076923076
1599393	0.046153846
1599710	0.584615384
1600618	0.030769230
1604344	0.076923076
1604496	0.584615384
1606297	0.184615384
1607177	0.584615384
1607483	0.046153846
1609144	0.138461538
1609631	0.030769230
1609772	0.030769230
1610652	0.030769230
1610815	0.307692307
1611615	0.384615384
1611774	0.046153846
1612880	0.092307692
1614882	0.061538461
1614923	0.015384615
1615327	0.046153846
1615891	0.584615384
1616686	0.584615384
1616992	0.030769230
1617424	0.584615384
1619216	0.030769230
1619474	0.015384615
1619769	0.030769230
1621768	0.030769230
1621835	0.584615384
1622897	0.030769230
1623593	0.030769230
1623731	0.015384615
1627735	0.015384615
1629928	0.415384615
1630417	0.046153846
1631368	0.569230769
1631417	0.092307692
1632463	0.030769230
1632618	0.123076923
1633575	0.584615384
1634343	0.461538461
1635303	0.046153846
1636060	0.030769230
1636566	0.569230769
1636973	0.030769230
1637056	0.030769230
1637260	0.015384615
1637877	0.246153846
1637987	0.061538461
1638652	0.246153846
1638960	0.030769230
1639226	0.030769230
1639325	0.076923076
1639436	0.015384615
1640875	0.123076923
1641426	0.015384615
1643507	0.015384615
1644165	0.246153846
1648359	0.123076923
1649347	0.046153846
1649989	0.584615384
1651422	0.584615384
1651667	0.015384615
1651752	0.015384615
1652522	0.123076923
1654809	0.584615384
1655116	0.461538461
1655616	0.030769230
1656015	0.584615384
1657663	0.584615384
1659326	0.046153846
1661125	0.076923076
1661380	0.046153846
1661968	0.030769230
1662024	0.584615384
1662835	0.015384615
1663922	0.584615384
1664272	0.076923076
1665177	0.046153846
1665369	0.061538461
1665720	0.046153846
1667427	0.123076923
1667698	0.030769230
1670068	0.061538461
1671490	0.584615384
1672204	0.030769230
1673174	0.338461538
1673424	0.015384615
1674270	0.584615384
1675535	0.584615384
1675917	0.076923076
1676039	0.030769230
1676123	0.030769230
1676823	0.123076923
1676895	0.584615384
1677768	0.015384615
1678487	0.015384615
1679365	0.030769230
1679809	0.138461538
1679991	0.553846153
1681078	0.046153846
1681221	0.046153846
1682440	0.030769230
1687228	0.584615384
1688000	0.584615384
1688390	0.030769230
1688945	0.123076923
1689424	0.092307692
1691298	0.584615384
1692200	0.030769230
1692329	0.015384615
1692351	0.584615384
1693607	0.200000000
1694505	0.107692307
1694522	0.553846153
1694999	0.046153846
1695434	0.030769230
1696892	0.369230769
1697580	0.030769230
1697627	0.169230769
1697775	0.015384615
1698175	0.153846153
1698324	0.292307692
1698974	0.061538461
1699312	0.015384615
1699734	0.584615384
1700773	0.030769230
1700993	0.015384615
1701124	0.584615384
1701598	0.015384615
1702265	0.015384615
1702989	0.584615384
1706189	0.261538461
1706762	0.076923076
1706862	0.584615384
1707240	0.046153846
1707948	0.184615384
1708117	0.015384615
1708480	0.046153846
1709707	0.584615384
1709710	0.046153846
1709935	0.030769230
1709958	0.015384615
1711456	0.015384615
1711810	0.584615384
1712492	0.276923076
1714007	0.046153846
1715383	0.030769230
1716242	0.584615384
1716456	0.030769230
1717206	0.107692307
1717224	0.092307692
1717732	0.046153846
1719271	0.107692307
1719793	0.569230769
1720033	0.015384615
1720443	0.246153846
1720523	0.461538461
1720540	0.123076923
1720857	0.476923076
1722084	0.153846153
1722325	0.092307692
1722352	0.030769230
1723065	0.584615384
1724103	0.030769230
1724298	0.030769230
1724730	0.046153846
1724861	0.046153846
1725471	0.046153846
1725584	0.584615384
1725732	0.584615384
1725752	0.015384615
1726389	0.107692307
1727455	0.107692307
1728345	0.015384615
1728895	0.107692307
1730315	0.384615384
1730939	0.030769230
1731924	0.584615384
1734300	0.584615384
1734820	0.030769230
1735017	0.384615384
1735092	0.046153846
1736442	0.092307692
1737215	0.415384615
1737755	0.030769230
1738093	0.584615384
1738671	0.015384615
1739130	0.584615384
1739787	0.061538461
1741090	0.015384615
1741292	0.584615384
1742768	0.553846153
1743419	0.261538461
1743968	0.123076923
1746030	0.569230769
1746283	0.046153846
1746345	0.015384615
1746463	0.584615384
1749330	0.092307692
1749523	0.030769230
1750019	0.015384615
1750865	0.123076923
1751285	0.030769230
1751515	0.015384615
1751839	0.584615384
1752548	0.015384615
1752732	0.584615384
1753034	0.030769230
1755236	0.200000000
1755923	0.246153846
1759628	0.230769230
1760821	0.261538461
1760977	0.030769230
1763510	0.015384615
1763536	0.046153846
1764128	0.061538461
1764651	0.415384615
1764769	0.046153846
1765059	0.584615384
1765094	0.246153846
1765131	0.123076923
1766856	0.584615384
1767319	0.169230769
1768670	0.261538461
1768793	0.292307692
1768975	0.015384615
1769026	0.015384615
1769477	0.030769230
1770650	0.030769230
1770846	0.123076923
1771356	0.323076923
1771489	0.553846153
1771563	0.553846153
1772594	0.123076923
1772616	0.584615384
1772639	0.030769230
1772739	0.030769230
1772920	0.323076923
1773012	0.584615384
1773100	0.584615384
1773356	0.569230769
1773690	0.046153846
1774504	0.015384615
1775765	0.015384615
1777011	0.384615384
1777344	0.123076923
1777411	0.076923076
1777577	0.553846153
1777758	0.015384615
1777770	0.092307692
1778330	0.523076923
1778721	0.030769230
1778929	0.030769230
1779055	0.030769230
1780636	0.584615384
1780742	0.584615384
1780792	0.061538461
1781154	0.076923076
1781247	0.400000000
1782383	0.415384615
1783115	0.015384615
1784256	0.584615384
1785509	0.584615384
1788951	0.030769230
1789463	0.276923076
1789529	0.046153846
1790141	0.015384615
1790270	0.030769230
1793370	0.030769230
1793975	0.261538461
1794500	0.584615384
1794586	0.553846153
1797030	0.015384615
1797058	0.030769230
1797640	0.476923076
1797650	0.476923076
1798119	0.276923076
1798279	0.584615384
1798329	0.030769230
1798879	0.415384615
1799740	0.584615384
1801199	0.476923076
1803082	0.584615384
1803449	0.030769230
1804595	0.046153846
1804895	0.015384615
1806190	0.123076923
1807273	0.030769230
1807327	0.015384615
1807649	0.200000000
1807978	0.046153846
1808944	0.123076923
1809921	0.030769230
1810519	0.046153846
1810600	0.123076923
1811051	0.015384615
1811066	0.030769230
1811450	0.415384615
1811502	0.015384615
1812654	0.076923076
1813221	0.015384615
1813373	0.030769230
1813988	0.584615384
1814445	0.153846153
1814527	0.030769230
1816267	0.415384615
1816694	0.584615384
1817391	0.461538461
1818067	0.015384615
1818709	0.015384615
1818766	0.015384615
1819144	0.584615384
1819562	0.446153846
1820222	0.246153846
1820361	0.046153846
1820545	0.061538461
1820681	0.015384615
1821055	0.246153846
1822693	0.261538461
1823483	0.230769230
1824306	0.030769230
1825098	0.184615384
1826003	0.261538461
1826740	0.046153846
1827251	0.584615384
1827420	0.015384615
1828087	0.046153846
1828369	0.015384615
1828745	0.061538461
1830434	0.123076923
1830594	0.076923076
1830746	0.061538461
1832322	0.584615384
1832700	0.138461538
1833411	0.015384615
1834472	0.046153846
1835888	0.138461538
1837254	0.030769230
1838025	0.415384615
1838210	0.584615384
1838770	0.415384615
1839311	0.476923076
1839421	0.030769230
1839474	0.015384615
1840450	0.015384615
1841251	0.046153846
1841461	0.076923076
1841627	0.184615384
1841835	0.030769230
1841892	0.246153846
1842097	0.123076923
1842545	0.123076923
1842864	0.230769230
1843352	0.030769230
1844085	0.030769230
1845102	0.338461538
1845345	0.076923076
1845713	0.030769230
1847203	0.584615384
1847455	0.015384615
1848553	0.030769230
1849352	0.015384615
1849425	0.015384615
1849495	0.569230769
1849620	0.353846153
1849798	0.030769230
1852044	0.584615384
1852400	0.200000000
1852501	0.584615384
1852597	0.046153846
1852806	0.384615384
1854512	0.584615384
1854718	0.261538461
1855190	0.046153846
1855233	0.123076923
1855662	0.107692307
1856301	0.015384615
1856407	0.030769230
1857555	0.476923076
1857668	0.123076923
1860312	0.584615384
1860851	0.061538461
1860871	0.184615384
1861391	0.015384615
1861953	0.030769230
1862186	0.015384615
1862364	0.553846153
1862750	0.584615384
1863417	0.030769230
1863774	0.446153846
1863913	0.338461538
1864480	0.415384615
1864636	0.015384615
1864887	0.553846153
1865716	0.030769230
1865926	0.584615384
1866598	0.584615384
1867408	0.015384615
1867530	0.584615384
1867690	0.030769230
1868813	0.538461538
1869266	0.015384615
1869275	0.030769230
1869664	0.015384615
1869745	0.569230769
1869934	0.061538461
1870074	0.046153846
1870291	0.107692307
1870525	0.092307692
1870651	0.107692307
1871386	0.584615384
1871756	0.338461538
1871935	0.061538461
1873236	0.123076923
1875119	0.107692307
1875700	0.246153846
1875753	0.123076923
1876049	0.061538461
1876299	0.584615384
1877071	0.123076923
1877157	0.184615384
1878951	0.584615384
1879006	0.015384615
1880358	0.015384615
1880614	0.123076923
1881228	0.030769230
1881503	0.138461538
1881523	0.030769230
1882023	0.030769230
1882651	0.030769230
1882757	0.446153846
1883054	0.015384615
1886689	0.015384615
1886805	0.584615384
1886989	0.584615384
1887008	0.015384615
1887609	0.015384615
1887943	0.061538461
1888280	0.553846153
1889166	0.584615384
1889765	0.584615384
1891477	0.030769230
1892350	0.584615384
1892734	0.015384615
1893892	0.553846153
1894087	0.584615384
1895208	0.092307692
1895654	0.123076923
1896124	0.584615384
1896393	0.584615384
1897694	0.030769230
1899489	0.030769230
1899581	0.246153846
1900231	0.553846153
1901189	0.215384615
1901213	0.030769230
1901246	0.030769230
1901553	0.015384615
1903047	0.015384615
1903580	0.030769230
1904024	0.015384615
1904531	0.584615384
1904619	0.015384615
1904853	0.015384615
1905284	0.015384615
1905997	0.246153846
1907829	0.076923076
1908428	0.123076923
1908548	0.030769230
1908606	0.584615384
1909476	0.030769230
1911015	0.584615384
1911229	0.030769230
1912129	0.030769230
1913822	0.015384615
1914293	0.015384615
1914840	0.553846153
1915328	0.584615384
1915410	0.553846153
1915512	0.046153846
1915782	0.123076923
1916282	0.107692307
1916609	0.046153846
1917472	0.030769230
1917810	0.153846153
1918346	0.107692307
1918611	0.584615384
1918934	0.215384615
1919694	0.046153846
1920901	0.076923076
1921664	0.584615384
1922308	0.015384615
1923518	0.584615384
1923542	0.015384615
1925104	0.030769230
1925194	0.123076923
1925583	0.538461538
1926095	0.553846153
1926673	0.138461538
1927130	0.584615384
1927280	0.123076923
1927602	0.015384615
1928080	0.030769230
1928429	0.584615384
1929922	0.169230769
1930280	0.015384615
1932333	0.030769230
1932513	0.015384615
1932838	0.015384615
1933719	0.107692307
1934255	0.200000000
1934568	0.030769230
1934734	0.584615384
1935018	0.553846153
1935068	0.261538461
1935490	0.015384615
1935889	0.584615384
1936336	0.015384615
1937128	0.584615384
1937591	0.015384615
1937862	0.584615384
1937892	0.030769230
1938209	0.584615384
1939360	0.553846153
1940142	0.015384615
1942520	0.030769230
1942536	0.584615384
1943728	0.553846153
1945073	0.015384615
1945839	0.584615384
1947608	0.015384615
1950208	0.030769230
1950456	0.015384615
1950657	0.015384615
1953113	0.030769230
1953518	0.584615384
1954476	0.584615384
1954521	0.584615384
1954832	0.584615384
1955083	0.584615384
1956509	0.584615384
1957183	0.584615384
1959025	0.015384615
1960347	0.061538461
1960478	0.015384615
1962657	0.584615384
1962727	0.015384615
1964152	0.015384615
1965088	0.015384615
1966768	0.553846153
1966851	0.584615384
1967037	0.015384615
1967624	0.015384615
1968857	0.046153846
1971925	0.030769230
1973175	0.123076923
1973190	0.246153846
1974050	0.015384615
1974503	0.369230769
1974927	0.584615384
1976726	0.123076923
1976846	0.584615384
1977273	0.046153846
1977538	0.076923076
1977766	0.061538461
1978232	0.046153846
1978519	0.569230769
1979745	0.584615384
1979902	0.107692307
1980166	0.123076923
1980588	0.030769230
1981933	0.584615384
1982640	0.061538461
1982984	0.092307692
1984365	0.138461538
1985604	0.015384615
1985624	0.030769230
1985671	0.369230769
1985954	0.015384615
1987314	0.584615384
1988332	0.015384615
1988404	0.461538461
1988408	0.384615384
1989287	0.338461538
1989382	0.230769230
1989557	0.015384615
1990727	0.584615384
1991966	0.061538461
1993270	0.015384615
1993706	0.030769230
1994194	0.138461538
1994241	0.030769230
1994961	0.184615384
1995314	0.584615384
1997398	0.030769230
1997427	0.015384615
1997965	0.584615384
1998450	0.415384615
1998910	0.200000000
1999887	0.030769230
1999914	0.384615384
2000326	0.246153846
2001172	0.123076923
2001309	0.584615384
2001511	0.123076923
2003100	0.015384615
2003689	0.138461538
2004339	0.046153846
2004453	0.584615384
2005558	0.030769230
2006109	0.584615384
2006319	0.553846153
2006332	0.184615384
2007398	0.015384615
2008147	0.553846153
2008428	0.030769230
2008514	0.046153846
2008578	0.446153846
2009613	0.015384615
2010462	0.030769230
2010668	0.046153846
2010990	0.123076923
2011995	0.015384615
2012248	0.015384615
2012337	0.584615384
2012808	0.553846153
2015310	0.030769230
2015664	0.123076923
2016596	0.584615384
2017042	0.553846153
2017291	0.030769230
2017526	0.015384615
2018040	0.030769230
2019328	0.015384615
2019370	0.030769230
2019528	0.123076923
2020108	0.415384615
2020517	0.584615384
2020786	0.123076923
2020836	0.261538461
2021025	0.015384615
2021336	0.076923076
2021492	0.046153846
2023736	0.584615384
2025249	0.584615384
2025651	0.015384615
2025776	0.092307692
2026231	0.015384615
2027584	0.015384615
2028873	0.092307692
2029065	0.184615384
2029329	0.046153846
2029693	0.584615384
2029719	0.030769230
2029889	0.123076923
2031414	0.123076923
2032000	0.061538461
2034603	0.584615384
2034645	0.046153846
2035734	0.015384615
2035979	0.030769230
2036013	0.584615384
2036254	0.553846153
2036570	0.076923076
2036587	0.015384615
2036632	0.123076923
2036714	0.030769230
2037210	0.061538461
2037944	0.461538461
2038034	0.184615384
2038727	0.030769230
2039081	0.046153846
2039119	0.584615384
2039156	0.246153846
2039917	0.246153846
2040908	0.015384615
2041141	0.261538461
2041813	0.076923076
2042007	0.584615384
2042529	0.015384615
2042663	0.584615384
2042801	0.015384615
2043006	0.107692307
2043642	0.538461538
2044741	0.015384615
2044754	0.030769230
2045321	0.092307692
2045483	0.030769230
2046022	0.061538461
2046662	0.584615384
2047629	0.123076923
2048209	0.123076923
2048555	0.015384615
2048580	0.015384615
2048694	0.030769230
2050245	0.584615384
2050446	0.030769230
2051201	0.015384615
2051455	0.015384615
2051791	0.092307692
2052838	0.261538461
2052991	0.153846153
2053185	0.015384615
2053654	0.569230769
2054059	0.061538461
2054304	0.184615384
2055277	0.046153846
2055820	0.030769230
2056012	0.584615384
2056346	0.015384615
2056399	0.046153846
2056514	0.030769230
2056533	0.076923076
2056754	0.030769230
2058995	0.584615384
2059846	0.046153846
2059894	0.584615384
2059989	0.138461538
2060813	0.030769230
2061082	0.415384615
2061807	0.015384615
2062129	0.584615384
2063569	0.246153846
2064048	0.030769230
2064388	0.030769230
2064803	0.123076923
2064844	0.030769230
2065524	0.123076923
2065942	0.030769230
2067359	0.569230769
2067417	0.246153846
2067704	0.015384615
2068601	0.015384615
2069377	0.584615384
2069487	0.092307692
2069857	0.015384615
2070200	0.030769230
2071109	0.107692307
2072135	0.030769230
2073832	0.015384615
2073858	0.015384615
2074836	0.015384615
2076013	0.584615384
2076339	0.153846153
2077147	0.046153846
2077940	0.123076923
2078499	0.015384615
2078675	0.015384615
2078992	0.015384615
2079272	0.123076923
2079609	0.584615384
2080257	0.415384615
2080650	0.061538461
2082044	0.076923076
2082632	0.030769230
2082741	0.015384615
2082812	0.015384615
2084124	0.030769230
2084443	0.107692307
2084581	0.092307692
2084622	0.584615384
2084693	0.584615384
2084851	0.569230769
2085731	0.123076923
2086188	0.138461538
2086391	0.246153846
2086461	0.569230769
2086615	0.553846153
2086890	0.384615384
2087337	0.015384615
2088448	0.323076923
2089175	0.246153846
2089280	0.123076923
2090138	0.030769230
2090331	0.246153846
2091022	0.584615384
2091151	0.030769230
2091554	0.200000000
2091664	0.123076923
2091978	0.015384615
2092039	0.169230769
2093064	0.538461538
2093091	0.153846153
2094033	0.030769230
2094134	0.015384615
2095123	0.584615384
2095443	0.046153846
2095875	0.015384615
2096001	0.246153846
2096793	0.584615384
2097341	0.353846153
2097905	0.215384615
2098517	0.553846153
2099084	0.015384615
2099373	0.015384615
2099562	0.400000000
2100676	0.123076923
2101038	0.338461538
2101426	0.138461538
2101686	0.584615384
2102729	0.015384615
2103010	0.123076923
2104051	0.046153846
2105010	0.584615384
2105240	0.015384615
2105706	0.030769230
2106177	0.584615384
2106991	0.584615384
2107420	0.046153846
2107479	0.015384615
2107798	0.061538461
2108206	0.415384615
2109503	0.030769230
2112839	0.030769230
2113233	0.015384615
2113330	0.107692307
2113398	0.030769230
2113520	0.584615384
2113918	0.030769230
2114266	0.492307692
2114271	0.261538461
2114597	0.584615384
2115882	0.076923076
2116039	0.015384615
2116669	0.015384615
2117225	0.076923076
2117678	0.138461538
2118122	0.076923076
2119803	0.415384615
2121387	0.015384615
2121950	0.138461538
2122133	0.030769230
2122718	0.153846153
2123382	0.246153846
2124058	0.415384615
2124686	0.046153846
2125187	0.584615384
2125727	0.569230769
2125942	0.446153846
2126066	0.061538461
2126560	0.015384615
2126920	0.230769230
2127817	0.015384615
2128014	0.123076923
2129394	0.584615384
2129658	0.046153846
2129909	0.584615384
2129966	0.015384615
2130027	0.246153846
2130051	0.584615384
2130629	0.153846153
2131488	0.015384615
2131767	0.138461538
2131878	0.569230769
2131921	0.461538461
2132488	0.569230769
2134103	0.030769230
2134853	0.030769230
2136921	0.015384615
2137149	0.061538461
2138600	0.584615384
2138631	0.046153846
2138814	0.584615384
2139013	0.030769230
2140228	0.584615384
2140848	0.584615384
2141057	0.030769230
2141790	0.584615384
2142109	0.123076923
2142534	0.015384615
2142976	0.584615384
2143691	0.015384615
2143721	0.015384615
2145050	0.030769230
2145418	0.030769230
2145602	0.138461538
2146031	0.046153846
2146565	0.123076923
2146799	0.015384615
2147853	0.030769230
2148244	0.123076923
2148435	0.030769230
2150818	0.584615384
2151573	0.076923076
2153823	0.046153846
2153829	0.046153846
2154110	0.030769230
2154380	0.584615384
2154868	0.030769230
2155041	0.015384615
2155279	0.584615384
2155497	0.015384615
2155572	0.246153846
2156471	0.030769230
2156954	0.584615384
2158946	0.246153846
2159208	0.584615384
2159784	0.123076923
2160302	0.046153846
2160532	0.076923076
2160814	0.307692307
2161692	0.015384615
2163396	0.030769230
2163921	0.246153846
2164277	0.584615384
2165766	0.061538461
2166623	0.030769230
2166988	0.584615384
2167797	0.584615384
2170698	0.061538461
2170887	0.030769230
2171702	0.584615384
2171930	0.030769230
2172130	0.030769230
2172310	0.184615384
2174855	0.584615384
2175390	0.015384615
2175804	0.030769230
2177453	0.584615384
2177686	0.553846153
2178881	0.015384615
2181793	0.123076923
2183089	0.123076923
2184376	0.030769230
2184728	0.292307692
2185221	0.015384615
2185236	0.015384615
2185935	0.030769230
2186427	0.030769230
2186898	0.046153846
2188163	0.584615384
2190713	0.107692307
2191401	0.046153846
2193770	0.323076923
2194021	0.584615384
2194237	0.030769230
2194500	0.276923076
2194854	0.353846153
2196419	0.107692307
2197204	0.107692307
2198456	0.584615384
2198896	0.030769230
2200214	0.584615384
2200313	0.584615384
2201445	0.123076923
2202689	0.015384615
2203186	0.015384615
2204282	0.553846153
2208639	0.046153846
2209822	0.015384615
2210452	0.046153846
2210640	0.246153846
2212505	0.584615384
2212526	0.123076923
2212897	0.107692307
2213191	0.061538461
2213283	0.046153846
2214206	0.307692307
2214978	0.015384615
2215655	0.584615384
2215772	0.030769230
2216076	0.200000000
2218024	0.569230769
2218840	0.015384615
2219896	0.030769230
2220963	0.584615384
2221002	0.076923076
2221314	0.261538461
2221325	0.030769230
2221461	0.123076923
2222010	0.107692307
2222075	0.584615384
2222212	0.584615384
2224831	0.584615384
2225517	0.276923076
2225538	0.030769230
2226801	0.015384615
2227491	0.046153846
2227705	0.030769230
2228483	0.046153846
2228711	0.584615384
2228747	0.246153846
2229052	0.015384615
2229579	0.584615384
2229965	0.030769230
2230529	0.123076923
2231631	0.030769230
2232119	0.046153846
2234035	0.015384615
2234246	0.123076923
2234267	0.030769230
2235418	0.415384615
2235655	0.553846153
2236919	0.076923076
2237202	0.584615384
2237466	0.123076923
2241074	0.246153846
2241272	0.169230769
2241508	0.030769230
2241688	0.046153846
2242614	0.261538461
2244144	0.015384615
2244372	0.015384615
2245054	0.030769230
2245583	0.200000000
2246536	0.076923076
2246819	0.046153846
2247709	0.584615384
2249144	0.107692307
2249292	0.584615384
2249309	0.246153846
2249970	0.061538461
2250188	0.015384615
2252093	0.015384615
2252265	0.123076923
2252934	0.123076923
2254231	0.584615384
2254628	0.553846153
2255250	0.584615384
2255464	0.184615384
2256091	0.584615384
2257246	0.507692307
2257365	0.030769230
2258671	0.046153846
2259564	0.030769230
2259619	0.030769230
2259966	0.584615384
2260012	0.123076923
2260978	0.538461538
2261137	0.153846153
2261172	0.107692307
2262209	0.553846153
2262440	0.123076923
2262801	0.030769230
2265867	0.046153846
2266392	0.015384615
2266595	0.184615384
2267467	0.584615384
2267476	0.030769230
2267821	0.046153846
2268258	0.015384615
2269162	0.046153846
2270131	0.584615384
2270375	0.015384615
2270778	0.323076923
2271035	0.569230769
2271587	0.015384615
2272437	0.046153846
2272561	0.046153846
2273753	0.092307692
2274105	0.061538461
2274610	0.030769230
2275216	0.015384615
2275358	0.046153846
2276211	0.584615384
2276774	0.107692307
2277508	0.569230769
2277738	0.030769230
2278577	0.030769230
2278586	0.584615384
2278597	0.584615384
2278918	0.030769230
2279060	0.076923076
2279345	0.138461538
2279504	0.015384615
2279766	0.123076923
2279917	0.584615384
2280633	0.076923076
2281195	0.384615384
2281463	0.015384615
2281582	0.030769230
2282061	0.046153846
2282158	0.030769230
2282646	0.584615384
2283490	0.015384615
2284519	0.123076923
2285019	0.184615384
2285849	0.015384615
2286867	0.015384615
2288031	0.092307692
2288913	0.538461538
2290088	0.123076923
2290106	0.030769230
2290535	0.584615384
2290860	0.030769230
2291028	0.107692307
2291043	0.415384615
2291293	0.030769230
2293650	0.030769230
2293677	0.230769230
2294180	0.030769230
2294205	0.030769230
2294866	0.076923076
2294917	0.153846153
2295531	0.030769230
2296076	0.076923076
2296336	0.030769230
2297400	0.415384615
2297605	0.415384615
2299555	0.123076923
2300290	0.569230769
2302056	0.584615384
2302171	0.046153846
2304439	0.415384615
2304984	0.338461538
2305724	0.169230769
2305844	0.584615384
2307309	0.246153846
2308045	0.569230769
2308688	0.015384615
2308968	0.230769230
2309369	0.076923076
2309512	0.046153846
2310780	0.584615384
2312286	0.553846153
2312341	0.415384615
2315939	0.046153846
2317709	0.030769230
2317878	0.092307692
2317951	0.030769230
2318777	0.246153846
2319784	0.584615384
2320459	0.200000000
2325836	0.123076923
2326038	0.030769230
2326734	0.584615384
2326778	0.123076923
2326791	0.184615384
2327103	0.276923076
2327222	0.246153846
2328171	0.553846153
2330102	0.046153846
2332295	0.246153846
2332411	0.030769230
2333367	0.461538461
2333408	0.230769230
2333546	0.030769230
2335139	0.584615384
2335285	0.184615384
2335425	0.246153846
2336079	0.584615384
2336428	0.015384615
2336440	0.123076923
2336696	0.538461538
2337162	0.030769230
2339028	0.584615384
2339150	0.569230769
2339265	0.015384615
2339559	0.046153846
2340160	0.030769230
2340666	0.184615384
2341024	0.092307692
2341638	0.046153846
2341910	0.584615384
2341919	0.215384615
2342033	0.507692307
2342231	0.076923076
2342260	0.015384615
2342756	0.030769230
2343282	0.030769230
2343827	0.061538461
2343993	0.061538461
2344379	0.584615384
2346847	0.046153846
2347075	0.015384615
2347852	0.030769230
2348393	0.123076923
2348634	0.015384615
2348982	0.138461538
2351362	0.584615384
2351846	0.584615384
2352572	0.030769230
2352681	0.092307692
2352905	0.030769230
2353760	0.584615384
2353860	0.015384615
2353919	0.015384615
2354085	0.584615384
2354098	0.553846153
2354173	0.030769230
2355300	0.584615384
2355810	0.123076923
2356276	0.415384615
2357400	0.061538461
2358281	0.123076923
2359136	0.046153846
2359178	0.230769230
2360068	0.230769230
2360591	0.015384615
2361005	0.553846153
2361756	0.046153846
2362589	0.584615384
2362953	0.584615384
2362984	0.584615384
2363119	0.415384615
2363408	0.107692307
2364186	0.584615384
2364241	0.123076923
2364991	0.015384615
2365111	0.076923076
2365682	0.030769230
2366606	0.584615384
2366656	0.553846153
2366663	0.015384615
2367095	0.584615384
2367289	0.246153846
2367641	0.015384615
2367861	0.123076923
2369862	0.076923076
2370522	0.046153846
2370609	0.030769230
2370971	0.246153846
2371185	0.015384615
2371983	0.015384615
2372220	0.553846153
2372561	0.584615384
2373169	0.092307692
2373530	0.030769230
2373940	0.553846153
2375185	0.123076923
2375667	0.261538461
2377383	0.553846153
2378098	0.584615384
2378730	0.338461538
2379059	0.584615384
2381329	0.015384615
2381642	0.584615384
2381932	0.123076923
2382290	0.030769230
2382434	0.015384615
2382623	0.584615384
2383041	0.169230769
2384010	0.169230769
2384045	0.538461538
2384442	0.584615384
2385580	0.584615384
2385959	0.092307692
2386049	0.030769230
2386510	0.030769230
2387227	0.138461538
2387276	0.584615384
2387669	0.246153846
2388260	0.015384615
2388663	0.061538461
2388689	0.046153846
2391621	0.030769230
2391842	0.015384615
2393146	0.584615384
2393234	0.584615384
2393765	0.584615384
2393841	0.030769230
2394024	0.553846153
2394960	0.030769230
2395650	0.584615384
2395677	0.076923076
2395919	0.584615384
2396543	0.184615384
2396658	0.030769230
2396869	0.046153846
2396972	0.076923076
2397453	0.369230769
2397672	0.584615384
2397779	0.584615384
2397993	0.584615384
2398428	0.030769230
2398465	0.553846153
2398475	0.030769230
2398525	0.061538461
2399118	0.015384615
2399283	0.030769230
2400841	0.015384615
2400934	0.169230769
2402452	0.076923076
2402667	0.569230769
2403677	0.123076923
2405091	0.138461538
2406099	0.584615384
2406118	0.030769230
2406220	0.015384615
2406317	0.046153846
2406969	0.569230769
2407436	0.492307692
2407829	0.215384615
2407900	0.584615384
2408421	0.261538461
2408776	0.107692307
2409033	0.015384615
2409925	0.415384615
2410216	0.323076923
2411799	0.584615384
2414186	0.584615384
2415083	0.415384615
2415324	0.030769230
2416446	0.446153846
2416956	0.584615384
2417393	0.123076923
2418346	0.015384615
2418527	0.584615384
2418610	0.123076923
2419241	0.184615384
2419598	0.046153846
2419717	0.246153846
2420083	0.123076923
2420485	0.015384615
2420919	0.584615384
2421181	0.076923076
2421309	0.584615384
2421322	0.584615384
2422460	0.030769230
2422611	0.030769230
2423619	0.584615384
2424385	0.061538461
2424456	0.584615384
2425287	0.030769230
2425338	0.430769230
2425715	0.046153846
2426909	0.123076923
2428303	0.123076923
2429720	0.123076923
2429888	0.153846153
2430975	0.061538461
2431291	0.015384615
2431385	0.046153846
2431774	0.584615384
2431899	0.030769230
2433004	0.030769230
2434124	0.415384615
2434203	0.184615384
2434232	0.123076923
2436034	0.015384615
2436337	0.123076923
2437143	0.015384615
2437597	0.553846153
2437830	0.030769230
2438548	0.030769230
2438720	0.123076923
2438938	0.076923076
2439055	0.046153846
2439101	0.015384615
2439200	0.076923076
2439337	0.015384615
2439394	0.584615384
2439706	0.138461538
2439998	0.584615384
2440213	0.230769230
2440354	0.584615384
2440815	0.015384615
2440818	0.030769230
2440865	0.015384615
2440980	0.076923076
2441601	0.046153846
2442280	0.030769230
2443025	0.015384615
2443081	0.123076923
2443230	0.123076923
2443508	0.015384615
2443950	0.092307692
2444262	0.030769230
2444301	0.153846153
2444668	0.153846153
2445753	0.461538461
2446136	0.184615384
2446614	0.123076923
2448605	0.046153846
2448753	0.092307692
2448810	0.138461538
2449269	0.230769230
2449506	0.030769230
2449519	0.123076923
2449597	0.584615384
2450855	0.061538461
2452137	0.584615384
2452456	0.061538461
2453384	0.015384615
2453663	0.123076923
2453899	0.015384615
2454272	0.030769230
2454685	0.246153846
2455068	0.584615384
2455360	0.323076923
2455532	0.046153846
2455722	0.092307692
2456603	0.030769230
2456646	0.246153846
2457046	0.046153846
2458486	0.584615384
2458534	0.015384615
2460327	0.030769230
2460783	0.569230769
2460998	0.107692307
2461277	0.338461538
2461489	0.584615384
2461613	0.584615384
2463427	0.584615384
2463629	0.230769230
2463785	0.015384615
2464172	0.123076923
2464219	0.030769230
2464640	0.046153846
2464837	0.246153846
2465080	0.415384615
2465538	0.046153846
2465932	0.261538461
2466621	0.307692307
2467586	0.046153846
2467790	0.061538461
2468261	0.030769230
2468600	0.246153846
2468718	0.261538461
2468734	0.584615384
2468752	0.061538461
2469337	0.015384615
2469651	0.015384615
2469666	0.015384615
2471286	0.030769230
2471410	0.030769230
2471669	0.015384615
2472202	0.584615384
2472516	0.584615384
2473675	0.046153846
2476110	0.430769230
2476112	0.276923076
2476414	0.430769230
2481541	0.584615384
2482218	0.046153846
2482243	0.015384615
2483279	0.015384615
2484054	0.015384615
2484101	0.584615384
2484149	0.076923076
2484802	0.276923076
2486202	0.015384615
2487617	0.030769230
2488027	0.553846153
2488157	0.353846153
2488198	0.076923076
2489029	0.123076923
2489415	0.015384615
2489832	0.123076923
2490271	0.584615384
2490776	0.061538461
2491194	0.030769230
2491201	0.015384615
2491253	0.061538461
2492100	0.261538461
2492252	0.584615384
2492716	0.584615384
2493144	0.138461538
2493253	0.015384615
2493620	0.061538461
2494223	0.030769230
2494443	0.015384615
2495116	0.030769230
2497168	0.061538461
2497928	0.046153846
2497970	0.169230769
2498018	0.015384615
2498223	0.123076923
2499408	0.123076923
2499551	0.046153846
2500240	0.046153846
2501054	0.046153846
2501722	0.584615384
2501820	0.030769230
2503371	0.584615384
2503831	0.061538461
2504258	0.584615384
2504616	0.015384615
2505062	0.015384615
2505162	0.030769230
2505189	0.092307692
2505307	0.553846153
2506115	0.123076923
2506229	0.307692307
2506285	0.584615384
2506966	0.030769230
2507002	0.092307692
2507623	0.153846153
2507930	0.015384615
2507939	0.123076923
2508076	0.584615384
2508392	0.153846153
2508528	0.415384615
2509037	0.215384615
2509656	0.030769230
2510012	0.584615384
2510767	0.046153846
2511066	0.015384615
2511084	0.184615384
2512046	0.030769230
2512391	0.584615384
2512938	0.030769230
2513105	0.046153846
2514430	0.015384615
2514651	0.415384615
2514691	0.030769230
2515470	0.461538461
2515975	0.153846153
2516822	0.276923076
2517160	0.430769230
2518235	0.015384615
2518278	0.015384615
2518357	0.046153846
2518497	0.584615384
2518695	0.015384615
2518932	0.584615384
2519456	0.015384615
2519467	0.584615384
2520363	0.092307692
2520446	0.123076923
2521031	0.584615384
2521314	0.246153846
2522193	0.584615384
2522949	0.553846153
2523256	0.030769230
2524858	0.015384615
2524863	0.584615384
2525355	0.015384615
2526727	0.015384615
2527008	0.061538461
2527064	0.584615384
2527097	0.046153846
2527204	0.061538461
2527299	0.015384615
2527919	0.246153846
2528073	0.123076923
2528415	0.015384615
2528894	0.061538461
2529053	0.553846153
2529802	0.030769230
2529879	0.584615384
2530026	0.446153846
2530300	0.015384615
2531343	0.030769230
2531923	0.046153846
2532297	0.123076923
2532627	0.107692307
2532787	0.107692307
2532955	0.030769230
2533015	0.076923076
2533178	0.476923076
2533710	0.030769230
2534209	0.584615384
2534548	0.030769230
2535064	0.030769230
2535203	0.107692307
2535892	0.584615384
2536640	0.030769230
2536870	0.015384615
2537135	0.123076923
2538011	0.584615384
2538343	0.030769230
2539060	0.030769230
2539321	0.123076923
2540256	0.015384615
2540823	0.046153846
2542171	0.046153846
2542721	0.015384615
2542778	0.138461538
2543758	0.584615384
2543959	0.046153846
2544984	0.076923076
2545630	0.307692307
2545951	0.076923076
2546255	0.553846153
2547332	0.030769230
2547384	0.584615384
2548552	0.584615384
2549099	0.015384615
2549164	0.553846153
2549534	0.246153846
2549595	0.030769230
2549999	0.076923076
2550139	0.246153846
2550349	0.584615384
2550918	0.584615384
2551056	0.015384615
2551723	0.415384615
2551749	0.015384615
2552369	0.015384615
2552492	0.584615384
2552605	0.584615384
2552623	0.584615384
2553672	0.246153846
2553741	0.184615384
2554760	0.107692307
2556277	0.569230769
2557081	0.015384615
2557291	0.153846153
2557432	0.584615384
2557744	0.584615384
2558278	0.584615384
2559263	0.415384615
2560927	0.061538461
2560975	0.030769230
2562150	0.200000000
2562711	0.446153846
2562950	0.015384615
2563193	0.030769230
2563495	0.030769230
2563571	0.046153846
2563642	0.046153846
2564019	0.123076923
2564198	0.092307692
2564282	0.584615384
2564420	0.030769230
2564896	0.046153846
2565469	0.584615384
2565875	0.030769230
2566241	0.030769230
2568697	0.123076923
2568974	0.123076923
2569283	0.353846153
2569677	0.569230769
2570103	0.030769230
2570811	0.030769230
2571376	0.584615384
2571463	0.030769230
2571670	0.476923076
2571976	0.246153846
2572081	0.553846153
2572312	0.015384615
2572847	0.030769230
2572864	0.030769230
2572894	0.015384615
2573428	0.030769230
2573457	0.553846153
2573558	0.584615384
2573999	0.184615384
2574312	0.584615384
2574855	0.030769230
2574862	0.015384615
2575957	0.415384615
2576276	0.030769230
2576289	0.584615384
2576333	0.015384615
2577035	0.292307692
2577100	0.030769230
2577120	0.015384615
2578645	0.015384615
2579010	0.169230769
2579473	0.584615384
2579745	0.030769230
2579865	0.030769230
2580046	0.584615384
2580059	0.030769230
2580449	0.015384615
2580452	0.584615384
2580873	0.569230769
2581136	0.030769230
2581431	0.061538461
2582051	0.123076923
2582175	0.169230769
2582997	0.030769230
2583299	0.584615384
2583720	0.030769230
2583919	0.123076923
2584143	0.015384615
2584885	0.553846153
2584991	0.584615384
2585398	0.046153846
2585789	0.584615384
2586101	0.261538461
2587109	0.123076923
2588303	0.153846153
2588545	0.123076923
2589286	0.138461538
2590181	0.584615384
2590470	0.492307692
2591103	0.461538461
2591171	0.246153846
2591631	0.030769230
2591661	0.015384615
2592433	0.169230769
2592473	0.584615384
2592929	0.153846153
2593055	0.061538461
2593313	0.030769230
2593456	0.015384615
2593622	0.046153846
2593792	0.015384615
2594812	0.169230769
2595064	0.584615384
2595728	0.015384615
2596157	0.015384615
2596392	0.015384615
2596500	0.046153846
2596644	0.046153846
2596670	0.061538461
2596878	0.123076923
2597609	0.015384615
2597953	0.246153846
2598001	0.046153846
2598262	0.584615384
2598355	0.584615384
2598538	0.015384615
2598970	0.584615384
2599369	0.015384615
2599754	0.015384615
2599908	0.123076923
2599930	0.584615384
2600113	0.015384615
2600885	0.584615384
2601056	0.230769230
2601808	0.061538461
2602266	0.123076923
2602680	0.061538461
2602728	0.015384615
2602745	0.569230769
2603320	0.569230769
2603728	0.030769230
2603824	0.584615384
2603931	0.584615384
2604488	0.046153846
2605348	0.015384615
2605369	0.030769230
2605734	0.107692307
2605930	0.030769230
2606225	0.123076923
2606311	0.584615384
2606368	0.569230769
2606379	0.584615384
2606458	0.015384615
2607243	0.030769230
2607412	0.015384615
2607740	0.553846153
2608517	0.415384615
2608544	0.123076923
2608550	0.015384615
2609032	0.584615384
2609271	0.030769230
2610024	0.107692307
2610034	0.015384615
2610223	0.584615384
2611389	0.107692307
2611396	0.123076923
2611753	0.015384615
2612384	0.076923076
2612739	0.276923076
2612812	0.030769230
2613042	0.538461538
2613296	0.584615384
2614353	0.030769230
2614714	0.015384615
2614785	0.584615384
2614830	0.015384615
2615905	0.030769230
2616087	0.584615384
2616565	0.153846153
2616719	0.030769230
2617655	0.015384615
2617879	0.584615384
2618649	0.030769230
2618775	0.046153846
2618802	0.584615384
2619045	0.030769230
2619051	0.292307692
2619403	0.076923076
2619674	0.030769230
2619758	0.584615384
2619783	0.030769230
2620120	0.015384615
2620142	0.107692307
2620459	0.030769230
2621285	0.030769230
2621532	0.030769230
2621589	0.015384615
2621594	0.030769230
2621823	0.123076923
2622026	0.015384615
2622506	0.015384615
2622547	0.015384615
2622746	0.015384615
2622905	0.169230769
2623318	0.015384615
2623560	0.123076923
2623613	0.076923076
2623621	0.415384615
2623642	0.123076923
2623757	0.030769230
2623795	0.030769230
2624020	0.123076923
2624539	0.584615384
2624954	0.046153846
2625542	0.584615384
2625628	0.030769230
2625718	0.046153846
2627112	0.030769230
2627244	0.030769230
2627405	0.030769230
2627428	0.123076923
2628530	0.015384615
2628705	0.030769230
2628790	0.046153846
2629770	0.015384615
2630321	0.230769230
2631234	0.584615384
2631348	0.030769230
2633827	0.246153846
2633850	0.046153846
2634520	0.200000000
2634579	0.030769230
2634615	0.584615384
2634798	0.153846153
2635288	0.030769230
2635496	0.015384615
2635938	0.015384615
2635952	0.446153846
2636628	0.046153846
2637039	0.123076923
2637124	0.584615384
2637788	0.061538461
2637874	0.015384615
2638101	0.538461538
2638616	0.584615384
2638746	0.123076923
2640527	0.030769230
2640651	0.015384615
2640717	0.046153846
2640737	0.230769230
2642521	0.123076923
2642702	0.584615384
2643409	0.553846153
2643498	0.138461538
2643590	0.584615384
2643702	0.123076923
2644432	0.030769230
2644710	0.246153846
2644822	0.076923076
2645296	0.584615384
2645703	0.030769230
2645967	0.569230769
2646076	0.169230769
2646150	0.030769230
2646549	0.246153846
2646689	0.246153846
2646849	0.323076923
2646943	0.015384615
2647002	0.200000000
2647990	0.061538461
2648513	0.015384615
2649018	0.030769230
2649070	0.046153846
2649546	0.292307692
2649669	0.584615384
2650332	0.061538461
2650626	0.123076923
2651048	0.584615384
2651259	0.046153846
2651521	0.030769230
2651899	0.046153846
2652076	0.030769230
2652084	0.138461538
2652215	0.030769230
2652270	0.138461538
2652317	0.046153846
2652848	0.030769230
2653380	0.030769230
2653436	0.015384615
2653568	0.584615384
2653894	0.092307692
2653899	0.015384615
2653951	0.123076923
2654167	0.061538461
2654229	0.184615384
2654438	0.015384615
2654973	0.030769230
2655433	0.123076923
2655539	0.584615384
2655729	0.107692307
2656037	0.015384615
2656175	0.584615384
2656330	0.015384615
2657107	0.015384615
2657326	0.061538461
2657429	0.415384615
2657461	0.230769230
2658052	0.030769230
2658447	0.569230769
2658482	0.138461538
2659470	0.584615384
2659866	0.584615384
2659981	0.584615384
2659984	0.584615384
2660056	0.584615384
2660175	0.307692307
2660304	0.153846153
2660574	0.553846153
2660760	0.092307692
2660897	0.584615384
2660945	0.153846153
2661166	0.092307692
2662099	0.430769230
2662217	0.030769230
2663501	0.030769230
2663726	0.123076923
2663921	0.584615384
2664263	0.415384615
2664395	0.046153846
2664437	0.061538461
2664453	0.030769230
2664473	0.123076923
2664911	0.015384615
2665213	0.307692307
2665216	0.184615384
2665659	0.584615384
2665668	0.107692307
2665874	0.046153846
2666100	0.030769230
2666365	0.092307692
2666400	0.584615384
2666507	0.584615384
2666519	0.015384615
2666735	0.030769230
2667607	0.046153846
2667804	0.015384615
2667867	0.246153846
2667969	0.076923076
2668480	0.584615384
2668550	0.200000000
2668771	0.030769230
2669650	0.123076923
2670308	0.015384615
2670474	0.584615384
2670670	0.030769230
2670686	0.569230769
2670971	0.015384615
2671079	0.046153846
2671859	0.123076923
2672074	0.030769230
2672379	0.030769230
2672528	0.123076923
2672591	0.030769230
2672734	0.200000000
2672874	0.015384615
2672960	0.138461538
2673360	0.030769230
2673511	0.015384615
2673744	0.030769230
2673877	0.123076923
2674280	0.015384615
2674631	0.030769230
2675030	0.015384615
2675729	0.553846153
2675847	0.046153846
2675851	0.092307692
2675890	0.584615384
2675963	0.015384615
2676182	0.030769230
2676335	0.584615384
2676412	0.061538461
2676601	0.153846153
2677002	0.138461538
2677620	0.061538461
2678131	0.030769230
2678362	0.584615384
2678655	0.584615384
2678842	0.046153846
2679374	0.030769230
2679523	0.123076923
2679591	0.061538461
2679774	0.030769230
2680081	0.046153846
2680286	0.584615384
2680332	0.046153846
2680379	0.015384615
2680476	0.046153846
2680982	0.584615384
2681248	0.030769230
2681507	0.030769230
2682244	0.123076923
2682484	0.046153846
2682688	0.246153846
2682977	0.030769230
2683822	0.030769230
2684142	0.046153846
2684494	0.584615384
2684608	0.015384615
2684679	0.584615384
2685211	0.030769230
2685225	0.015384615
2685612	0.123076923
2686178	0.107692307
2687091	0.569230769
2687245	0.461538461
2687468	0.030769230
2687666	0.584615384
2688290	0.123076923
2688294	0.184615384
2688467	0.030769230
2689108	0.015384615
2689482	0.553846153
2689544	0.015384615
2689551	0.061538461
2689597	0.569230769
2689759	0.015384615
2689780	0.061538461
2689866	0.261538461
2690281	0.030769230
2690320	0.015384615
2690724	0.061538461
2690833	0.169230769
2690867	0.123076923
2691130	0.246153846
2691801	0.015384615
2692393	0.030769230
2692655	0.584615384
2692747	0.015384615
2692803	0.061538461
2692999	0.015384615
2693325	0.030769230
2693327	0.030769230
2694070	0.030769230
2694613	0.061538461
2694637	0.046153846
2694704	0.030769230
2694742	0.061538461
2694790	0.015384615
2694940	0.030769230
2695024	0.092307692
2695115	0.553846153
2695202	0.046153846
2695377	0.061538461
2695387	0.030769230
2695688	0.584615384
2696192	0.030769230
2696243	0.553846153
2696391	0.584615384
2696724	0.123076923
2696919	0.030769230
2697076	0.246153846
2697604	0.261538461
2697764	0.169230769
2698024	0.538461538
2698097	0.276923076
2698322	0.107692307
2698673	0.046153846
2698845	0.030769230
2699284	0.030769230
2699404	0.538461538
2699501	0.246153846
2699692	0.015384615
2699985	0.030769230
2700129	0.030769230
2700167	0.030769230
2700201	0.015384615
2700470	0.030769230
2700530	0.015384615
2701292	0.246153846
2701585	0.538461538
2701957	0.584615384
2702902	0.584615384
2702944	0.030769230
2703769	0.123076923
2703865	0.584615384
2704324	0.030769230
2704470	0.046153846
2704591	0.092307692
2704663	0.584615384
2704676	0.015384615
2704812	0.584615384
2706489	0.015384615
2706882	0.584615384
2706949	0.138461538
2707015	0.569230769
2707057	0.584615384
2707164	0.015384615
2707346	0.107692307
2707485	0.015384615
2707539	0.061538461
2707558	0.584615384
2707561	0.030769230
2707610	0.092307692
2708021	0.015384615
2708287	0.030769230
2708388	0.584615384
2708487	0.061538461
2708571	0.076923076
2708608	0.123076923
2708970	0.015384615
2709165	0.061538461
2709609	0.030769230
2709729	0.015384615
2709815	0.246153846
2709894	0.107692307
2710882	0.584615384
2711057	0.030769230
2711138	0.015384615
2711748	0.030769230
2711983	0.046153846
2712069	0.046153846
2712105	0.015384615
2712116	0.492307692
2712134	0.030769230
2712179	0.015384615
2712247	0.015384615
2712531	0.030769230
2712986	0.030769230
2713799	0.492307692
2713929	0.584615384
2714266	0.030769230
2714336	0.584615384
2715334	0.184615384
2715352	0.107692307
2715462	0.030769230
2715564	0.123076923
2716243	0.092307692
2716245	0.061538461
2716387	0.553846153
2716614	0.246153846
2717128	0.015384615
2717392	0.123076923
2717788	0.046153846
2718109	0.215384615
2718123	0.246153846
2718195	0.015384615
2718706	0.015384615
2719417	0.584615384
2719559	0.015384615
2719614	0.015384615
2719850	0.138461538
2720358	0.107692307
2720617	0.538461538
2721298	0.246153846
2721607	0.323076923
2722088	0.584615384
2722189	0.292307692
2722198	0.584615384
2722739	0.076923076
2723078	0.153846153
2723091	0.061538461
2723221	0.523076923
2723319	0.584615384
2723416	0.015384615
2723666	0.030769230
2723983	0.384615384
2724000	0.123076923
2724009	0.061538461
2724018	0.123076923
2724075	0.046153846
2724760	0.061538461
2725387	0.123076923
2725403	0.015384615
2725798	0.030769230
2727231	0.553846153
2727373	0.123076923
2727400	0.030769230
2727815	0.584615384
2728237	0.584615384
2728814	0.123076923
2728935	0.015384615
2729003	0.030769230
2729150	0.553846153
2729524	0.246153846
2729566	0.092307692
2729664	0.030769230
2729934	0.584615384
2730135	0.076923076
2730566	0.107692307
2730605	0.015384615
2730660	0.030769230
2730766	0.584615384
2730834	0.015384615
2731945	0.584615384
2732025	0.030769230
2732220	0.076923076
2732337	0.184615384
2732353	0.584615384
2732418	0.584615384
2733494	0.123076923
2733591	0.030769230
2734111	0.015384615
2734218	0.015384615
2734427	0.030769230
2734559	0.323076923
2734677	0.584615384
2735007	0.061538461
2735293	0.030769230
2735767	0.569230769
2735958	0.030769230
2736063	0.584615384
2736107	0.492307692
2736278	0.076923076
2736323	0.015384615
2736362	0.015384615
2736738	0.415384615
2737082	0.584615384
2737191	0.584615384
2737336	0.584615384
2737490	0.030769230
2737704	0.046153846
2738078	0.030769230
2738112	0.030769230
2738452	0.169230769
2738647	0.030769230
2738831	0.015384615
2739204	0.015384615
2739212	0.107692307
2739332	0.030769230
2739860	0.246153846
2739941	0.553846153
2740372	0.030769230
2740599	0.030769230
2740754	0.123076923
2740784	0.030769230
2741101	0.230769230
2741110	0.246153846
2741263	0.030769230
2741386	0.584615384
2741820	0.169230769
2741913	0.584615384
2741961	0.200000000
2742404	0.553846153
2742405	0.584615384
2742420	0.030769230
2742424	0.046153846
2742531	0.569230769
2742595	0.123076923
2742970	0.030769230
2743546	0.123076923
2743699	0.584615384
2743997	0.584615384
2744666	0.169230769
2744860	0.046153846
2745085	0.107692307
2745095	0.076923076
2745225	0.107692307
2745243	0.230769230
2745266	0.046153846
2745282	0.015384615
2745391	0.015384615
2745493	0.030769230
2745692	0.046153846
2745750	0.584615384
2745969	0.553846153
2746202	0.030769230
2746404	0.584615384
2747138	0.015384615
2747220	0.092307692
2747370	0.030769230
2747496	0.153846153
2747645	0.553846153
2747675	0.046153846
2747926	0.015384615
2747933	0.030769230
2747958	0.015384615
2748275	0.553846153
2749140	0.046153846
2749218	0.030769230
2749281	0.015384615
2749344	0.030769230
2749783	0.030769230
2749835	0.015384615
2749999	0.030769230
2750164	0.015384615
2750398	0.061538461
2751047	0.030769230
2751601	0.092307692
2751949	0.123076923
2752189	0.584615384
2752216	0.492307692
2752334	0.061538461
2752387	0.015384615
2752466	0.030769230
2752543	0.584615384
2752864	0.015384615
2752902	0.046153846
2752931	0.507692307
2752958	0.584615384
2752978	0.092307692
2753105	0.015384615
2753142	0.030769230
2753458	0.030769230
2753488	0.061538461
2753491	0.030769230
2753571	0.015384615
2753704	0.138461538
2753800	0.015384615
2753844	0.046153846
2753915	0.030769230
2753960	0.046153846
2754183	0.138461538
2754278	0.030769230
2754351	0.061538461
2754508	0.030769230
2754548	0.046153846
2754594	0.276923076
2755115	0.030769230
2755232	0.246153846
2755381	0.015384615
2755561	0.046153846
2755581	0.584615384
2755651	0.061538461
2755807	0.030769230
2755853	0.230769230
2755854	0.046153846
2756103	0.030769230
2756437	0.015384615
2756584	0.584615384
2756764	0.046153846
2757448	0.553846153
2757503	0.030769230
2757857	0.584615384
2757917	0.030769230
2758041	0.061538461
2758156	0.015384615
2758331	0.015384615
2758461	0.015384615
2758470	0.015384615
2758789	0.030769230
2758929	0.246153846
2759176	0.015384615
2759218	0.030769230
2759312	0.030769230
2759474	0.276923076
2759594	0.030769230
2759595	0.015384615
2759720	0.046153846
2759738	0.015384615
2760074	0.061538461
2760123	0.030769230
2760246	0.123076923
2760276	0.107692307
2760421	0.092307692
2760442	0.292307692
2760458	0.030769230
2760610	0.015384615
2760643	0.246153846
2760646	0.584615384
2760837	0.584615384
2760977	0.076923076
2760986	0.246153846
2761111	0.015384615
2761303	0.384615384
2761621	0.015384615
2761674	0.030769230
2761717	0.169230769
2761735	0.584615384
2761763	0.015384615
2761887	0.400000000
2762494	0.030769230
2762517	0.415384615
2762679	0.015384615
2762727	0.046153846
2762882	0.015384615
2763304	0.030769230
2763441	0.061538461
2763653	0.015384615
2763711	0.015384615
2763820	0.030769230
2763942	0.030769230
2763967	0.276923076
2764003	0.553846153
2764625	0.030769230
2764655	0.015384615
2764778	0.030769230
2764862	0.584615384
2764871	0.184615384
2765492	0.030769230
2765501	0.030769230
2766432	0.015384615
2766479	0.015384615
2766836	0.046153846
2767102	0.015384615
2767250	0.015384615
2767621	0.015384615
2767624	0.015384615
2767662	0.307692307
2767668	0.092307692
2767680	0.184615384
2767988	0.061538461
2768180	0.076923076
2768941	0.015384615
2769177	0.353846153
2769345	0.153846153
2769396	0.553846153
2769437	0.092307692
2769509	0.123076923
2770702	0.307692307
2770959	0.584615384
2771183	0.092307692
2771268	0.015384615
2771729	0.015384615
2772018	0.015384615
2772186	0.030769230
2772248	0.569230769
2772393	0.046153846
2772644	0.015384615
2772720	0.123076923
2773047	0.046153846
2773317	0.015384615
2773738	0.015384615
2774081	0.123076923
2774407	0.030769230
2774539	0.215384615
2774554	0.030769230
2774963	0.584615384
2775171	0.092307692
2775228	0.584615384
2776048	0.123076923
2776492	0.076923076
2776661	0.030769230
2776804	0.492307692
2776817	0.584615384
2776895	0.015384615
2776957	0.123076923
2777134	0.061538461
2777394	0.030769230
2777557	0.046153846
2777645	0.030769230
2777695	0.153846153
2777892	0.492307692
2778048	0.030769230
2778058	0.030769230
2778113	0.092307692
2778769	0.015384615
2778933	0.030769230
2778981	0.046153846
2779482	0.015384615
2779701	0.076923076
2780028	0.030769230
2780048	0.015384615
2780103	0.030769230
2780167	0.015384615
2780333	0.030769230
2780873	0.030769230
2780921	0.123076923
2781295	0.015384615
2781380	0.584615384
2781683	0.076923076
2781739	0.076923076
2781882	0.015384615
2782003	0.061538461
2782088	0.030769230
2782732	0.584615384
2782907	0.123076923
2783046	0.230769230
2783383	0.569230769
2783810	0.015384615
2784044	0.215384615
2784154	0.015384615
2784234	0.015384615
2784297	0.030769230
2784458	0.015384615
2784461	0.584615384
2784759	0.030769230
2784866	0.030769230
2784990	0.076923076
2785028	0.138461538
2785135	0.046153846
2785142	0.015384615
2785256	0.015384615
2785273	0.092307692
2785322	0.030769230
2785367	0.015384615
2785690	0.030769230
2786453	0.030769230
2786563	0.076923076
2786777	0.046153846
2786892	0.246153846
2786957	0.415384615
2787128	0.030769230
2787298	0.046153846
2787307	0.076923076
2787373	0.123076923
2787468	0.584615384
2788030	0.584615384
2788545	0.015384615
2788760	0.015384615
2788842	0.123076923
2789270	0.030769230
2789520	0.538461538
2789822	0.015384615
2790548	0.107692307
2790686	0.015384615
2790932	0.246153846
2792013	0.353846153
2792140	0.569230769
2792506	0.276923076
2793059	0.015384615
2793079	0.015384615
2794407	0.046153846
2794508	0.030769230
2794745	0.246153846
2795047	0.046153846
2795152	0.030769230
2795534	0.030769230
2795559	0.030769230
2795796	0.030769230
2796071	0.015384615
2796113	0.015384615
2796172	0.030769230
2796344	0.107692307
2797321	0.061538461
2797457	0.061538461
2797755	0.092307692
2797788	0.061538461
2797965	0.030769230
2798628	0.046153846
2798814	0.015384615
2798871	0.030769230
2798946	0.015384615
2799026	0.123076923
2799089	0.584615384
2799231	0.553846153
2800370	0.015384615
2800491	0.015384615
2800521	0.030769230
2800888	0.046153846
2801734	0.061538461
2801772	0.015384615
2801888	0.015384615
2802441	0.015384615
2802446	0.061538461
2803092	0.030769230
2803807	0.169230769
2804661	0.015384615
2805538	0.015384615
2805561	0.030769230
2805665	0.061538461
2805684	0.584615384
2805764	0.076923076
2805948	0.015384615
2806302	0.569230769
2806379	0.246153846
2806492	0.015384615
2806792	0.569230769
2806967	0.061538461
2807404	0.015384615
2807776	0.015384615
2807831	0.015384615
2808067	0.184615384
2808580	0.123076923
2809344	0.030769230
2810127	0.030769230
2810496	0.553846153
2811101	0.015384615
2811832	0.015384615
2811868	0.030769230
2812015	0.046153846
2812079	0.030769230
2812117	0.261538461
2812178	0.015384615
2812191	0.030769230
2813707	0.246153846
2813855	0.015384615
2813897	0.046153846
2814612	0.030769230
2814764	0.046153846
2815271	0.046153846
2815302	0.584615384
2815476	0.123076923
2816610	0.015384615
2816993	0.061538461
2817113	0.030769230
2817130	0.030769230
2817660	0.015384615
2817715	0.584615384
2817805	0.015384615
2818328	0.061538461
2818377	0.015384615
2818502	0.584615384
2818700	0.015384615
2818994	0.015384615
2819034	0.584615384
2819305	0.184615384
2820249	0.046153846
2820655	0.046153846
2820782	0.030769230
2821472	0.015384615
2821747	0.553846153
2821886	0.030769230
2822205	0.015384615
2822880	0.015384615
2823003	0.030769230
2823283	0.030769230
2823344	0.123076923
2824355	0.015384615
2825367	0.015384615
2825491	0.123076923
2825548	0.230769230
2825677	0.553846153
2826124	0.015384615
2826364	0.030769230
2826910	0.030769230
2827017	0.015384615
2827155	0.584615384
2827185	0.061538461
2827623	0.015384615
2827874	0.015384615
2828262	0.492307692
2828743	0.215384615
2829022	0.584615384
2829085	0.046153846
2829184	0.015384615
2829471	0.276923076
2829655	0.015384615
2829776	0.015384615
2830907	0.461538461
2832088	0.046153846
2832106	0.015384615
2832154	0.015384615
2833249	0.030769230
2834201	0.015384615
2834402	0.046153846
2834708	0.015384615
2834851	0.030769230
2835149	0.046153846
2835223	0.030769230
2838209	0.323076923
2838287	0.015384615
2838965	0.015384615
2840176	0.015384615
2840453	0.015384615
2840616	0.584615384
2840754	0.015384615
2840767	0.015384615
2840813	0.584615384
2840919	0.030769230
2841504	0.092307692
2841576	0.030769230
2842955	0.015384615
2844072	0.061538461
2844653	0.015384615
2845238	0.061538461
2845462	0.076923076
2846271	0.030769230
2846869	0.015384615
2847685	0.076923076
2847726	0.092307692
2848216	0.584615384
2848537	0.030769230
2850035	0.030769230
2850653	0.584615384
2850839	0.584615384
2851930	0.584615384
2852152	0.015384615
2852526	0.015384615
2852916	0.030769230
2853066	0.030769230
2853638	0.046153846
2854076	0.030769230
2854342	0.015384615
2857770	0.184615384
2858518	0.030769230
2858939	0.046153846
2859063	0.230769230
2859335	0.030769230
2859576	0.261538461
2860708	0.584615384
2860807	0.046153846
2861030	0.030769230
2861421	0.015384615
2861429	0.015384615
2861520	0.046153846
2862022	0.584615384
2862193	0.015384615
2862203	0.015384615
2862330	0.046153846
2862424	0.092307692
2862640	0.153846153
2862809	0.030769230
2863282	0.553846153
2863600	0.584615384
2863750	0.015384615
2864593	0.276923076
2864764	0.030769230
2864857	0.430769230
2866091	0.092307692
2866178	0.030769230
2867260	0.061538461
2867558	0.046153846
2868293	0.246153846
2868363	0.015384615
2868529	0.246153846
2868909	0.015384615
2869753	0.015384615
2871634	0.015384615
2871880	0.015384615
2871958	0.061538461
2872397	0.015384615
2873004	0.292307692
2873227	0.584615384
2873455	0.584615384
2873515	0.015384615
2873652	0.046153846
2874135	0.092307692
2874318	0.030769230
2874854	0.123076923
2875236	0.030769230
2875628	0.061538461
2875718	0.015384615
2876825	0.184615384
2877038	0.584615384
2877162	0.584615384
2877534	0.030769230
2877697	0.015384615
2877850	0.046153846
2878378	0.030769230
2878964	0.246153846
2879618	0.030769230
2879962	0.015384615
2880644	0.046153846
2880813	0.446153846
2881727	0.015384615
2882577	0.246153846
2883090	0.046153846
2883369	0.123076923
2884390	0.076923076
2884781	0.030769230
2884877	0.030769230
2885272	0.138461538
2885431	0.184615384
2885459	0.107692307
2885765	0.061538461
2886961	0.092307692
2887431	0.092307692
2887440	0.015384615
2887486	0.015384615
2887660	0.015384615
2887684	0.061538461
2888511	0.323076923
2888648	0.030769230
2888685	0.584615384
2889100	0.492307692
2889429	0.046153846
2889651	0.476923076
2889987	0.584615384
2890012	0.015384615
2890242	0.030769230
2891134	0.030769230
2891472	0.584615384
2892196	0.030769230
2892327	0.076923076
2893873	0.015384615
2894143	0.584615384
2894645	0.046153846
2894852	0.492307692
2894900	0.015384615
2894954	0.030769230
2895268	0.400000000
2896522	0.415384615
2896806	0.030769230
2898199	0.584615384
2899117	0.015384615
2900180	0.046153846
2900496	0.015384615
2901052	0.015384615
2901382	0.030769230
2901501	0.461538461
2902376	0.015384615
2902450	0.123076923
2903527	0.215384615
2903941	0.015384615
2905255	0.123076923
2905592	0.061538461
2906392	0.030769230
2906829	0.430769230
2907471	0.030769230
2908635	0.584615384
2910064	0.553846153
2911541	0.246153846
2912021	0.584615384
2912260	0.123076923
2913155	0.307692307
2914706	0.030769230
2916189	0.415384615
2916870	0.553846153
2917507	0.153846153
2917805	0.107692307
2918468	0.061538461
2919307	0.015384615
2921147	0.507692307
2924315	0.584615384
2924748	0.415384615
2928234	0.584615384
2930937	0.123076923
2943348	0.030769230
2944183	0.030769230
2954166	0.015384615
2959036	0.015384615
2959354	0.046153846
2963149	0.030769230
2963298	0.076923076
2963575	0.030769230
2967040	0.169230769
2969333	0.030769230
2970702	0.015384615
2971165	0.030769230
2973144	0.553846153
2973309	0.569230769
2974928	0.015384615
2976164	0.030769230
2977013	0.046153846
2977537	0.061538461
2979494	0.030769230
2979878	0.584615384
2982030	0.061538461
2983264	0.015384615
2984170	0.015384615
2986205	0.138461538
2987355	0.046153846
2990293	0.061538461
2990517	0.015384615
2991808	0.030769230
2993951	0.215384615
2994216	0.015384615
2996639	0.169230769
2998083	0.030769230
2999906	0.046153846
3002688	0.015384615
3003153	0.030769230
3008168	0.584615384
3011664	0.015384615
3016371	0.015384615
3018268	0.046153846
3020104	0.015384615
3020326	0.030769230
3021842	0.338461538
3022005	0.076923076
3022961	0.015384615
3027599	0.030769230
3031390	0.030769230
3034088	0.030769230
3035083	0.046153846
3036244	0.015384615
3045469	0.538461538
3045613	0.230769230
3046340	0.015384615
3049306	0.015384615
3068371	0.230769230
3071043	0.030769230
3078139	0.015384615
3080022	0.046153846
3084862	0.030769230
3085632	0.015384615
3085945	0.030769230
3087093	0.030769230
3088706	0.046153846
3091070	0.015384615
3093169	0.553846153
3094734	0.030769230
3102336	0.030769230
3102350	0.030769230
3103222	0.061538461
3104051	0.046153846
3105799	0.015384615
3109213	0.076923076
3113118	0.015384615
3113978	0.046153846
3116124	0.107692307
3117584	0.584615384
3122446	0.030769230
3122963	0.015384615
3128877	0.030769230
3137077	0.107692307
3138489	0.092307692
3138924	0.030769230
3138974	0.061538461
3142042	0.123076923
3144332	0.061538461
3145053	0.015384615
3149191	0.030769230
3153080	0.169230769
3153130	0.015384615
3157670	0.123076923
3164428	0.015384615
3169884	0.030769230
3170420	0.046153846
3175020	0.584615384
3182594	0.076923076
3183736	0.030769230
3186921	0.015384615
3191309	0.584615384
3193015	0.030769230
3194306	0.061538461
3196535	0.584615384
3203279	0.015384615
3204209	0.015384615
3205711	0.030769230
3209908	0.030769230
3216670	0.015384615
3219842	0.061538461
3225033	0.015384615
3231262	0.015384615
3238988	0.061538461
3243064	0.107692307
3244850	0.169230769
3246039	0.015384615
3249785	0.030769230
3253531	0.123076923
3259361	0.015384615
3261333	0.123076923
3268295	0.153846153
3268600	0.046153846
3289683	0.030769230
3292307	0.030769230
3294266	0.015384615
3295333	0.123076923
3296213	0.015384615
3296294	0.015384615
3300191	0.015384615
3312616	0.123076923
3315783	0.046153846
3316952	0.030769230
3318877	0.015384615
3322932	0.030769230
3329133	0.461538461
3336879	0.030769230
3337164	0.584615384
3338272	0.584615384
3341508	0.015384615
3345188	0.076923076
3345192	0.076923076
3352745	0.015384615
3356050	0.015384615
3360763	0.030769230
3363829	0.030769230
3369169	0.015384615
3377191	0.015384615
3378575	0.123076923
3385772	0.015384615
3403397	0.015384615
3413157	0.015384615
3414252	0.030769230
3415282	0.123076923
3432665	0.015384615
3437044	0.030769230
3437579	0.015384615
3449683	0.415384615
3454802	0.169230769
3459188	0.015384615
3462169	0.030769230
3478177	0.123076923
3480088	0.030769230
3492656	0.015384615
3504403	0.030769230
3506795	0.584615384
3508631	0.584615384
3510948	0.030769230
