2434517	3201
3001407	650
3001407	2365
3001407	2378
3001407	2501
484137	1971
484137	2391
2566203	915
1227396	434
408322	2091
408322	2092
408322	2809
408322	2828
1670469	439
1670469	639
3272901	177
2044840	2399
2044840	2400
2044840	2401
2044840	2402
3103816	565
1431066	3744
3306970	3465
3306970	3466
3306970	3470
3306970	3656
3083098	3511
3317984	568
2686150	2910
3021643	245
2107807	2318
2107807	2322
987713	791
814930	1512
814930	2643
814930	2644
814930	2645
814930	3596
334354	2855
3051295	2188
3340635	1232
2328269	1280
2328269	3331
2328269	3332
3274792	872
3274792	1670
3274792	2199
2788974	534
3120997	909
3037203	352
3259768	259
3259768	260
3259768	264
3259768	267
2544017	582
2896831	1734
2796925	116
2796925	286
3190704	354
3190704	357
3190704	3271
3190704	3375
1353825	3587
53781	3576
2106513	2047
2106513	2048
2106513	3055
2118819	1215
1363375	716
1554736	391
1554736	394
2031960	138
2031960	841
2031960	1808
2031960	2792
2031960	3575
2780267	413
1424656	253
1769504	3640
1582048	3455
2137920	1149
2137920	3523
2794032	646
2794032	656
2794032	658
2794032	665
637418	322
2104596	3231
1748084	715
3148754	969
1416505	3057
1416505	3117
1416505	3174
1416505	3322
500497	2183
500497	2813
500497	3275
500497	3719
2172161	473
2172161	671
2172161	1761
2172161	2458
2172161	3134
330481	324
2526753	689
2556852	525
2992044	2720
2992044	3562
3226344	1129
3226344	1131
3023411	400
3023411	1424
2917696	1114
2917696	1115
2917696	2009
2917696	3351
2917696	3352
2657684	504
3194720	167
3194720	262
3194720	2530
3194720	3303
3194720	3304
3194720	3315
3194720	3531
3194720	3601
3194720	3745
2682557	2421
2561017	90
1013955	44
1013955	48
3346420	3425
2108736	199
3034589	265
3034589	751
3034589	763
3034589	895
3034589	973
3034589	1894
1538848	3483
2078468	2175
3264458	427
3134964	814
3134964	1144
3134964	1194
3134964	1196
3134964	2225
3134964	2229
3134964	2231
3134964	2244
3134964	2289
3134964	2315
3134964	3741
3253391	2292
2246313	928
3304995	173
2662301	1553
2662301	3402
3271174	3036
2616661	2471
2616661	2564
1514256	3514
2852881	1187
3110841	1234
1669852	3663
3036737	2140
3036737	2200
3036737	2511
3036737	3481
1061507	2
1061507	3
1061507	1077
1061507	1426
1061507	1437
1061507	1547
3298103	2279
3298103	2608
2407660	3526
3079512	827
3185478	1054
3185478	1057
3185478	1447
3588296	2915
2869925	586
2869925	595
2869925	2988
717900	1432
740414	13
740414	60
740414	231
740414	584
740414	996
740414	1143
740414	1156
740414	1613
740414	1790
740414	1822
740414	2129
740414	2282
740414	2451
740414	2452
740414	2464
740414	2466
740414	3066
740414	3292
740414	3407
2210954	420
2210954	1834
2836482	1402
2488949	139
3308711	310
3151354	904
1544573	3336
1800426	351
1800426	573
2863364	10
2863364	12
2863364	17
2315631	1908
2315631	1909
3108136	337
523935	1395
2332256	704
2332256	787
2332256	1340
2332256	2432
1382531	3676
3314910	325
1644862	271
1644862	272
1644862	276
3261802	744
2264421	282
2264421	332
2264421	335
2678700	2025
3022289	1033
2247384	1830
2247384	3294
2186158	644
2186158	647
2186158	905
2268595	1623
3094216	462
1496895	3564
979446	315
979446	319
979446	323
979446	516
979446	708
979446	2435
2585943	1081
2585943	3191
2164635	88
3292665	1699
3292665	2194
3292665	2195
2344217	1020
2344217	1348
2344217	1401
2344217	1584
2344217	1865
2344217	1951
2344217	1953
2344217	2479
2938412	3329
3133255	2397
2242897	1074
3243653	344
3300512	844
3300512	845
1930970	22
1930970	33
2234893	3359
2234893	3360
2294029	2574
2902218	1501
3327061	780
3438358	2008
3411200	3590
3244971	681
3244971	682
2490388	287
1257247	2894
3241011	1336
2712058	835
614343	2152
2114567	753
2114567	975
2114567	2957
2114567	3135
2114567	3138
545227	452
3100442	313
630016	261
2428841	16
2428841	2834
924265	711
924265	2429
3227276	2453
3322518	1811
3322518	2649
3322518	3266
2857287	1136
1704005	3600
3228230	552
2257266	376
2257266	378
2745717	360
3237799	1434
3285511	191
3285511	1392
2568427	1914
1002506	3554
1061726	2710
1061726	2734
1061726	3108
952195	1120
952195	1122
2492777	458
3324054	444
3324054	618
318119	3084
318119	3085
318119	3155
318119	3333
318119	3367
318119	3382
318119	3384
318119	3547
318119	3566
318119	3637
318119	3707
2779930	1363
1144143	2250
1144143	2251
1144143	2351
1144143	2621
2539781	3046
2539781	3047
2539781	3048
2539781	3049
2539781	3052
2539781	3053
2775541	798
2775541	3475
2775541	3749
3230799	293
3400700	1990
3400700	2708
3400700	2928
3044266	1209
3044266	2382
3044266	3746
2936741	137
2936741	140
2936741	142
3343918	2343
1161955	296
2129764	111
2129764	113
2129764	165
2129764	1089
2129764	1164
2129764	1251
2129764	3393
2129764	3394
1099961	3196
3391114	2390
3391114	2625
3248595	1030
2015486	729
1433088	2629
1433088	2631
448938	910
448938	2609
448938	3309
2394306	2264
2394306	2265
2394306	3308
3198014	513
3364367	1423
3318976	754
3243017	3648
2318570	1556
2318570	1557
2927475	158
2439236	1685
373052	896
373052	1671
3356823	1293
790358	1272
1751175	467
1751175	469
1751175	477
1751175	484
1626709	3647
3392683	2033
3392683	2362
3392683	3765
3311036	898
120148	3184
2415228	518
3109460	1443
3228647	2217
3228647	2258
1383982	877
3088767	823
2735784	536
2649810	574
3208070	664
3208070	1211
3208070	1212
3208070	1213
3208070	1217
3208070	1218
3208070	1219
2104124	1028
3321248	1208
14505	3300
1054253	3181
310394	1650
310394	1651
2855134	808
1899926	26
1899926	340
1899926	1956
1899926	3428
1005846	3583
3371677	2830
3371677	3025
3371677	3026
2600217	2759
2600217	3553
3234601	893
655999	1928
655999	1930
655999	1931
3414578	3175
1025768	3323
586250	838
586250	919
2692531	1483
2692531	1484
2637284	1296
2430177	1567
2509443	329
1634305	2182
1634305	2919
1634305	2920
3332797	1014
414144	63
414144	64
1156229	549
2290380	1264
2290380	2454
3359118	1415
3359118	1416
3359118	1417
3359118	1499
3227226	659
1616790	2995
1569901	268
1173206	2032
2925550	247
3725125	3720
3225789	1422
3194877	1711
3194877	1805
3194877	2205
3194877	3651
2015437	1146
3135936	929
3270947	330
3270947	334
3270947	1002
3270947	1009
3270947	1013
3270947	1046
3270947	1065
3270947	1150
3270947	1152
3270947	1228
3270947	1327
3270947	1353
3270947	1367
3270947	1368
3270947	1569
3270947	1786
2267002	2287
2216412	1870
2216412	1872
2216412	1873
2216412	2052
2216412	2488
863229	3290
863229	3403
3120192	1759
2520205	43
2520205	1309
2520205	1312
2520205	1460
2520205	3506
3173273	1061
3173273	1068
877003	1216
3252980	3457
3011197	148
3011197	154
3011197	448
3011197	508
3011197	880
3011197	886
3011197	2392
3011197	2992
390350	3432
390350	3581
560017	1183
318548	1142
1939356	2817
3144025	575
812438	2940
812438	3281
812438	3312
2713920	824
3606684	3079
1049219	1647
1049219	2068
3319557	432
2655295	617
2655295	811
2517076	1801
2517076	1802
2876033	1606
1661750	610
3305097	553
3305097	2461
2239313	2247
2239313	2540
2239313	2542
2239313	2731
2239313	3713
767356	1338
3414693	1863
1716236	421
1716236	1839
1266301	3484
2989888	2738
2989888	3532
3110842	1472
2020223	3762
3150337	314
3150337	2256
3150337	2561
3150337	2571
3459435	3612
3459435	3675
3056461	649
3056461	653
1786105	1947
1786105	1948
2469083	1523
1676351	745
756642	37
1684580	3221
1684580	3222
1684580	3223
1684580	3224
1684580	3225
1684580	3226
1684580	3227
1684580	3228
1684580	3413
2412267	591
2412267	2071
2412267	2089
2412267	2131
2591295	564
2591295	2151
2512090	2196
3259986	2582
1617833	3606
3085397	2692
3076734	1773
244167	126
2681282	1148
3223895	3636
2463204	1683
2073803	767
2250307	865
447739	535
3165072	67
2729137	578
2729137	3660
3273780	485
704925	305
2068906	160
1238556	3098
782368	3152
3305721	3019
3305721	3204
3196243	402
3196243	429
3196243	531
1796500	350
1796500	601
1796500	776
1796500	782
1796500	945
1796500	1334
1796500	1341
1796500	1427
1796500	1429
1796500	1500
1796500	1503
1796500	1504
1796500	1505
1796500	1506
1796500	1508
1796500	1509
1796500	1519
1796500	1923
1796500	2043
1796500	2065
1796500	2116
1796500	2158
1796500	2266
1796500	2293
1796500	2492
1796500	2493
1796500	2685
1796500	2729
1796500	2732
1796500	2733
1796500	3060
1796500	3140
1796500	3172
1796500	3262
1796500	3454
1796500	3467
1912414	1282
3241321	580
3241321	588
3237323	107
3307233	1034
3307233	1036
3307233	1040
3377722	1586
3377722	1587
3377722	3427
3318710	278
1907825	1378
2204036	3622
3309879	187
3204209	1245
696831	1322
696831	1325
696831	1496
696831	1502
696831	1985
696831	2500
696831	2962
330155	2416
330155	2534
330155	3073
2041284	1853
2041284	1854
2041284	2314
2041284	2439
2041284	2440
2041284	2693
2041284	2695
2041284	2698
2041284	3173
2041284	3469
2041284	3560
3216177	701
16858	2186
16858	3088
2467426	348
1750799	1688
1750799	2502
1750799	3103
1750799	3107
3247087	94
3247087	294
3247087	747
3247087	1239
3247087	1372
326201	1060
326201	1084
3307132	3450
3228720	599
3228720	605
3228720	608
3228720	637
429398	527
429398	529
429398	643
429398	761
429398	764
429398	1430
429398	1520
429398	1522
429398	1757
429398	1829
429398	1846
429398	1857
429398	1860
429398	1862
429398	1906
429398	1910
429398	1934
429398	1972
429398	2034
429398	2275
429398	2316
429398	2408
429398	2509
1073456	2370
1073456	2374
3109328	720
1803589	3512
1803589	3642
1803589	3643
1556632	2404
1855526	1001
2571916	510
2571916	512
2571916	517
2475455	2069
2255367	2005
2362978	1961
3152831	1241
3275643	2335
3275643	2348
3275643	3616
898374	1684
898374	1704
3361382	3203
1287317	1222
3018634	61
3018634	372
3018634	2481
2916483	3694
2215056	691
2215056	693
2215056	703
2215056	1279
2215056	2255
2215056	2313
3295125	1440
2649969	2490
1872458	1230
1872458	1231
1872458	2478
3392575	3013
259489	2951
259489	2956
2098457	2202
3002389	428
2573324	3087
2573324	3179
2573324	3340
2573324	3341
2885065	678
2885065	680
2949865	1479
2949865	1482
3171684	58
2778888	288
3423838	2150
3115790	188
3020063	3723
3170933	994
3170933	995
3170933	1085
3170933	1317
3170933	1318
3170933	1321
1546794	115
3317167	206
2833802	690
3270067	27
3270067	2737
1226500	1678
3255533	438
3255533	442
3255533	710
3255533	717
3255533	3116
3271330	2117
2743377	3229
2743377	3232
401010	364
401010	2190
3150788	1428
2917147	1246
2917147	2620
2917147	3162
2917147	3163
2917147	3165
1799527	1205
1799527	1221
1799527	1495
1799527	2082
1799527	2083
1799527	2086
1799527	2821
1799527	3154
1799527	3176
1799527	3177
1799527	3200
3117408	850
648622	837
3219860	416
3219860	3594
3219860	3602
3219860	3711
851317	2001
3297809	3452
906829	1656
2025717	368
2025717	371
2025717	3552
2886421	112
2886421	1694
766420	175
766420	214
766420	466
766420	970
766420	1252
766420	1255
766420	1291
766420	1294
766420	1389
766420	1398
766420	1400
766420	1601
766420	1602
766420	1608
766420	1625
766420	1674
766420	1689
766420	1696
766420	1703
766420	1714
766420	1729
766420	1796
766420	1797
766420	1885
766420	2029
749669	981
749669	982
749669	1532
749669	1534
749669	1537
749669	1539
749669	1542
749669	1543
749669	1549
749669	1564
749669	2031
749669	2246
749669	2652
625566	174
2421993	1760
2421993	1913
1843314	2726
3378322	3559
3378322	3579
3378322	3705
3092741	917
278096	1038
278096	1550
2756699	916
3223012	1037
3219122	412
2189916	2141
2189916	3611
2189916	3668
2850784	164
2850784	168
870314	358
870314	775
870314	1223
870314	1329
870314	1695
870314	1788
870314	1791
870314	1793
870314	1798
870314	1933
870314	1942
870314	1958
870314	1991
870314	1993
870314	1996
870314	2056
870314	2076
870314	2209
870314	2210
870314	2393
870314	2447
870314	2475
870314	2476
870314	2495
870314	2505
870314	2508
870314	2512
870314	2521
870314	2523
870314	2524
870314	2545
870314	2546
870314	2598
870314	2599
870314	2607
870314	2639
870314	2674
870314	2717
870314	2719
870314	2761
870314	2768
870314	2773
870314	2776
870314	2777
870314	2791
870314	2803
870314	2804
870314	2805
870314	2811
870314	2812
870314	2815
870314	2825
870314	2837
870314	2838
870314	2839
870314	2849
870314	2850
870314	2853
870314	2869
870314	2870
870314	2875
870314	2907
870314	2908
870314	2909
870314	2916
870314	2930
870314	2934
870314	2935
870314	2991
870314	3004
870314	3007
870314	3009
870314	3017
870314	3018
870314	3034
870314	3040
870314	3041
870314	3043
870314	3061
870314	3062
870314	3071
870314	3077
870314	3099
870314	3105
870314	3112
870314	3113
870314	3122
870314	3139
870314	3144
870314	3146
870314	3147
870314	3149
870314	3187
870314	3208
870314	3321
870314	3324
870314	3346
870314	3368
870314	3388
870314	3415
870314	3417
870314	3501
870314	3507
870314	3510
870314	3644
2074545	336
2074545	338
2074545	343
2783604	436
2783604	440
3056041	1871
3299574	281
2906626	1445
3014531	1566
2146121	3280
2146121	3306
1256137	273
1256137	277
1256137	284
1256137	285
1256137	3293
1256137	3589
3289072	72
3289072	76
3289072	80
3289072	86
3289072	198
3289072	502
3289072	810
3229492	233
3566202	3005
3338001	942
3094215	2637
1066395	3658
2772990	184
2772990	906
2772990	961
2772990	997
2772990	999
2772990	1470
2772990	1516
2772990	1733
2772990	1789
2772990	1799
2772990	1867
2772990	1898
2772990	1902
2772990	1903
2772990	1999
2772990	2021
2772990	2063
2772990	2070
2772990	2093
2772990	2108
2772990	2112
2772990	2115
2772990	2121
2772990	2124
2772990	2127
2772990	2174
2772990	2178
2772990	2181
2772990	2243
2772990	2278
2772990	2369
2772990	2409
2772990	2422
2772990	2442
2772990	2482
2772990	2510
2772990	2529
2772990	2541
2772990	2543
2772990	2568
2772990	2578
2772990	2581
2772990	2605
2772990	2650
2772990	2663
2772990	2683
2772990	2703
2772990	2706
2772990	2725
2772990	2730
2772990	2748
2772990	2749
2772990	2751
2772990	2767
2772990	2788
2772990	2795
2772990	2819
2772990	2829
2772990	2861
2772990	2880
2772990	2902
2772990	2917
2772990	2918
2772990	2927
2772990	2941
2772990	3016
2772990	3080
2772990	3136
2772990	3137
2772990	3185
2772990	3188
2772990	3192
2772990	3193
2772990	3197
2772990	3202
2772990	3301
2772990	3302
2772990	3385
3315356	858
2195133	2431
2751098	2671
2751098	2672
2751098	2673
2751098	2747
2751098	2752
2751098	2753
2751098	2858
2751098	3381
2751098	3542
2751098	3544
2751098	3545
2751098	3603
2751098	3604
3249376	1654
3249376	1655
3249376	1657
3249376	1668
3249376	1669
3249376	2110
3249376	2134
3249376	2135
3249376	2136
3249376	2137
3249376	2138
3249376	2139
3249376	2142
3249376	2143
3249376	2657
3249376	3732
3249376	3748
1885840	1721
2694309	41
2831684	389
2831684	431
2831684	1105
2831684	1582
2831684	1888
2831684	1892
2831684	2566
2831684	2567
2831684	2939
2831684	3272
2831684	3661
2831684	3755
2831684	3758
3026769	424
3026769	430
3026769	931
3026769	1058
3026769	1063
3026769	1377
2715297	1210
2715297	1220
2715297	1579
2715297	1585
2669963	349
2669963	1980
1972488	3170
2683982	1819
3427201	3422
3427201	3424
785098	1546
3291815	446
3291815	487
3291815	488
3291815	489
3291815	515
3291815	735
3291815	742
3291815	892
3291815	912
3291815	998
3291815	1012
3291815	1075
3291815	1076
3291815	1116
3291815	1117
3291815	1181
3291815	1182
3291815	1188
3291815	1198
3291815	1258
3291815	1259
3291815	1262
3291815	1266
3291815	1295
3291815	1297
3291815	1300
3291815	1303
3291815	1335
3291815	1349
3291815	1373
3291815	1535
3291815	1570
3291815	1571
3291815	1600
3291815	1610
3291815	1611
3291815	1642
3291815	1643
3291815	1725
3291815	1726
3291815	1727
3291815	1728
3291815	1809
3291815	1883
3291815	2030
3291815	2087
3291815	2090
3291815	2118
3291815	2125
3291815	2170
3291815	2177
3291815	2242
3291815	2304
3291815	2310
3291815	2339
3291815	2341
3291815	2345
3291815	2347
3291815	2355
3291815	2358
3291815	2360
3291815	2368
3291815	2377
3291815	2383
3291815	2385
3291815	2394
3291815	2405
3291815	2406
3291815	2407
3291815	2426
3291815	2436
3291815	2437
3291815	2465
3291815	2470
3291815	2496
3291815	2497
3291815	2528
3291815	2619
3291815	2796
3291815	2797
3291815	2810
3291815	2835
3291815	2847
3291815	2848
3291815	2859
3291815	3257
3291815	3608
3291815	3614
1514747	2764
1514747	3277
2935734	2936
171612	219
2653772	101
2733619	1740
2733619	2060
2733619	2682
2733619	2996
2733619	3265
2733619	3311
2390082	385
1453809	2616
1453809	2862
18508	92
3425234	1945
2395556	2662
2446119	1918
3258491	825
3258491	1005
3258491	1339
2339809	2212
2299293	547
2299293	2688
2299293	2712
2299293	3374
2531815	235
2531815	239
2531815	240
2531815	241
2531815	842
2531815	1638
2531815	1639
2531815	1658
2531815	2164
1763513	3731
2036242	225
3189876	756
2712873	1018
2712873	1531
2712873	2594
2712873	2952
2712873	2965
2712873	2966
2712873	3044
2712873	3045
2712873	3058
2712873	3299
2712873	3480
2712873	3500
3322931	785
1357790	3763
1409599	1283
1409599	1507
1409599	2998
1409599	3027
1409599	3028
1409599	3029
1409599	3030
1409599	3031
1409599	3068
1409599	3070
2546461	15
2546461	1673
2546461	1676
2546461	1679
2546461	1681
2546461	1682
3036046	1992
283512	252
283512	2931
283512	3437
283512	3448
283512	3685
2445173	1397
1070372	1833
2007486	1869
2007486	1896
2007486	1901
2007486	1907
2007486	2077
2007486	2084
2007486	2085
2007486	3345
2007486	3412
2007486	3439
2652924	70
2653568	122
2653568	743
2653568	1803
2653568	3254
1501462	303
1501462	1189
3031174	3609
1948472	1965
1948472	3218
1948472	3219
1948472	3476
1948472	3498
2663379	388
2663379	2840
2663379	2856
2663379	2898
1865358	2105
1865358	2106
1865358	2160
1865358	2676
3204610	2232
2117982	890
2117982	894
2833574	1812
3106332	3289
1098223	483
1548316	3210
1548316	3233
3352989	1244
3317781	1408
3317781	1410
3317781	1412
3317781	2549
3317781	2552
3317781	2553
3317781	2911
3317781	2977
3317781	2979
3317781	2980
3317781	2985
3317781	3447
3317781	3520
3317781	3571
3293743	3486
3166102	461
3379098	2428
2797225	449
2797225	454
2294030	3128
2294030	3621
2137606	1767
3335855	2219
3335855	2328
3335855	2330
3253773	537
752722	2179
752722	2324
752722	2372
752722	2872
752722	3298
752722	3307
752722	3350
752722	3409
752722	3416
752722	3628
752722	3629
3259995	613
3337141	3023
3337141	3024
3337141	3032
3337141	3092
3337141	3283
3337141	3347
3329379	2533
3168972	976
3168972	978
3282611	1053
3282611	1126
3241510	614
1562008	77
1562008	83
1562008	119
1562008	120
1562008	732
1562008	740
1562008	801
1562008	859
3252424	3761
2948322	821
3491516	3180
3491516	3186
3491516	3189
631351	853
2654360	1190
2905553	46
3159514	1411
2078175	1177
2078175	1180
3178659	1850
3288197	3646
1775372	1285
2679835	3536
2294437	3253
2294437	3255
3290938	3364
3188619	514
2927350	213
2670672	2969
3278530	2745
3278530	2754
3278530	2756
3278530	3591
2144849	1079
2144849	1080
2359939	1779
2359939	1781
2359939	1782
2359939	1784
2359939	1842
2359939	1845
2359939	1852
2359939	2123
2359939	2126
2359939	2446
2359939	2449
2359939	3431
3196596	1269
3196596	1526
1946019	655
1946019	3379
2660547	2583
1844242	1197
1844242	1770
1844242	2277
1844242	2297
2964910	851
2649582	155
2649582	156
1936086	2932
3351014	2990
2358934	913
2055054	146
2228839	1383
3404280	2165
3404280	3348
1225463	35
1225463	778
3221466	52
2548607	114
3298037	1371
2699898	1072
2699898	1073
1062333	2321
1062333	2326
2307107	759
3302951	2018
3302951	2020
2006978	2615
3272455	548
989086	1032
379116	2970
2132547	1091
2631664	3496
2631664	3683
2938613	2486
3380036	2172
2938033	457
296984	685
296984	1049
296984	1253
296984	1254
296984	1275
296984	1403
296984	1897
296984	1899
296984	1905
296984	2044
296984	2477
296984	2484
296984	2622
296984	2678
296984	2784
296984	2826
296984	2827
296984	3075
296984	3091
296984	3123
296984	3124
296984	3125
296984	3126
296984	3524
296984	3525
296984	3610
2978592	1981
2978592	2046
2978592	2664
2978592	2665
2978592	3620
3397583	1935
1185936	885
2747054	668
2902386	279
2902386	606
2902386	1380
2902386	1381
2902386	1747
1353493	144
1353493	157
1353493	224
1353493	1487
1353493	1488
1353493	1489
1353493	1490
1353493	1837
1353493	1915
1353493	2014
1353493	2037
1353493	2040
1353493	2041
1353493	2042
1353493	2045
1353493	2146
1353493	2155
1353493	2163
1353493	2167
1353493	2525
2998243	611
15276	95
3121502	2448
3332148	813
3097848	1941
3097848	1946
3097848	2053
3097848	2120
3097848	2284
3097848	2286
3097848	2532
3097848	2537
3097848	2572
3097848	2883
3097848	3546
3097848	3599
3097848	3695
2078610	150
3314246	441
3449880	2876
3449880	2878
3449880	2885
1250792	902
1250792	1917
3216367	891
1735380	3230
2897795	18
2897795	39
2897795	250
2897795	312
35991	1680
35991	2641
2220271	181
2220271	218
2220271	805
2220271	1017
2220271	1019
2220271	1154
2220271	1186
2220271	1199
2220271	1315
2220271	1517
2220271	1603
2220271	1604
2220271	1605
2220271	1745
2220271	1785
2220271	1849
2220271	1936
2220271	1937
2220271	2081
2220271	2224
2220271	2506
2220271	2507
2220271	2531
2220271	2535
2220271	2595
2220271	2603
2220271	2642
2220271	2687
2220271	2735
2220271	2820
2220271	2852
2220271	2868
2220271	2953
2220271	3115
2220271	3145
2220271	3654
3300255	220
3300255	758
3244031	542
3244031	546
3244031	661
3244031	663
3244031	1100
3244031	1101
3244031	1405
3244031	2357
3123107	2094
3123107	2095
3123107	2096
3123107	2411
3123107	2412
3123107	2413
3123107	2415
3123107	2547
3123107	2548
3123107	2573
3123107	2577
3123107	2626
3123107	2627
2998797	2176
1128130	3217
3205372	3443
1788720	1106
1788720	1109
1788720	3537
2241776	2434
2241776	2967
2241776	3010
2241776	3334
2241776	3657
2833998	404
2833998	3515
2875534	576
2875534	587
2875534	1133
2875534	2860
2875534	2914
2875534	3094
544602	781
544602	784
544602	2423
544602	3278
544602	3282
3154876	1962
3151932	386
3372401	3580
2892169	410
1231986	244
3340585	1153
1960824	532
1960824	544
1960824	638
1960824	2271
1960824	2342
1960824	2721
1960824	2722
1960824	2723
1926816	1804
1926816	1957
1926816	2000
1527901	1328
1527901	3423
1859666	836
3281389	812
2744633	1491
2618963	479
3340417	980
2994832	211
3236509	1435
1755221	3195
2707837	1765
2707837	1768
2707837	3638
2276308	590
3199197	1652
1873116	308
1873116	309
1873116	2203
1873116	2236
3260695	826
2944377	918
1514572	817
1051661	1323
2778187	19
2778187	799
2155694	2107
3178894	100
3178894	258
2278562	274
2183292	1166
2183292	1167
2183292	1168
2183292	1170
2183292	1406
2242639	1052
974976	97
974976	98
974976	133
974976	135
3075654	2836
924192	2309
924192	2857
2361480	249
3345814	2647
3345814	2648
3173946	1735
903783	1821
903783	2556
903783	2943
2309305	1055
342021	3541
2761628	616
2761628	620
3368220	1433
3368220	1492
3368220	1493
3368220	1977
3368220	1978
2367287	899
2367287	901
2367287	3244
2367287	3245
2473989	435
1117845	3246
1117845	3248
1117845	3249
1117845	3251
810608	2253
2778178	1589
3322834	696
3322834	697
3322834	699
2533702	2778
2518367	1021
3320283	2686
2174718	3252
1072060	1384
1072060	1385
3546423	2681
1877245	604
3306891	507
3306891	562
2621690	3330
2621690	3420
3274087	666
2889470	3607
2889470	3722
2074180	1558
2351127	1250
1472168	190
1472168	200
1472168	204
1472168	538
1472168	545
1472168	1633
3177138	861
3177138	2306
3177138	2307
3177138	2308
3177138	2317
3177138	2320
491933	2327
2439137	522
2439137	3236
2439137	3649
3173334	1214
3327325	558
3355609	1386
2905843	1087
2905843	1118
2905843	1123
2905843	1653
2905843	2380
2905843	2808
2905843	2886
643221	1640
643221	1641
3290354	401
3268457	2280
3268457	2283
3268457	2361
3225793	205
3035076	8
1817417	2301
3293302	186
104706	3411
1821254	3366
3112815	102
3383732	1756
3383732	2701
2617626	179
2617626	1092
2617626	1111
2617626	1477
2617626	1619
2617626	1621
2617626	3220
3286876	40
3286876	42
3286876	71
3286876	78
3286876	85
3286876	87
3324100	819
3324100	822
3324100	1356
3324100	1357
3324100	1362
3324100	1364
3102664	93
2509330	209
2114509	246
2114509	251
2114509	254
2114509	384
2114509	407
2114509	408
2114509	409
2114509	411
2114509	641
2114509	694
2114509	719
2114509	725
2114509	738
2114509	897
2114509	1510
2114509	1609
2114509	1661
2114509	1976
2114509	1982
2114509	2964
2114509	2981
2114509	2982
2114509	3037
2114509	3065
2114509	3209
2114509	3247
2114509	3288
2114509	3696
2114509	3740
2114509	3747
3139298	382
1246690	1355
3324334	480
3324334	481
3324334	482
2624744	3093
1744476	818
1911171	556
3113979	295
3113979	1590
3113979	1592
3113979	1963
3113979	1964
3113979	2298
3113979	2646
3258630	321
3258630	3712
3085177	1056
2248481	1712
2248481	1713
2248481	1717
2248481	1720
2248481	3574
3279712	383
3245374	607
3245374	2633
3245374	2760
3245374	3305
2690263	228
1429208	521
1429208	1319
1429208	1764
1429208	1766
1429208	1769
1429208	1772
1429208	1966
1429208	1967
1429208	2945
1429208	2950
1429208	2975
1429208	3101
1429208	3102
1429208	3264
2464606	1288
2464606	1494
2464606	2261
2464606	2263
2464606	2398
2464606	3441
3189934	2104
3125032	1629
3310976	307
3310976	311
3310976	1145
3310976	3487
3310976	3489
3310976	3491
3310976	3655
3479825	3296
3221228	700
3221228	1573
3221228	2149
3221228	2156
3221228	2157
3221228	2168
3221228	2171
3013280	860
1119090	2515
1119090	3156
1119090	3267
2008890	3083
1283212	1515
3341798	1016
1131719	2544
1798023	269
1798023	589
1798023	603
3289455	141
3289455	543
3289455	1289
3289455	1299
3289455	1302
3289455	1304
3289455	1307
3285552	1794
3285552	1800
3285552	1838
3285552	1955
777904	2414
777904	2623
2655087	2831
2725843	353
2725843	820
231056	1891
3155606	1693
3155606	2455
3155606	2491
822909	3703
2194941	769
1401093	1391
1401093	1394
2271311	193
3236975	222
3393335	1754
3390688	1732
1507912	748
3165452	1361
1605125	2679
3229061	2395
3229061	2396
74352	3734
74352	3735
784165	695
3422456	1919
3422456	3543
1801984	2386
2741575	2291
2503113	1024
1520208	24
1520208	28
1520208	31
1520208	2221
1520208	2222
1238596	2933
1167904	2707
1167904	2769
1167904	2770
1167904	2771
1167904	2822
2686993	806
2686993	807
2686993	809
744192	1806
3311809	2294
3311809	2295
3311809	2925
3311809	2954
1980300	1485
301679	1070
2855228	3392
3316642	194
2660471	816
2604364	1004
2892772	1538
2892772	1544
2892772	1577
2892772	1578
2892772	1581
2892772	1583
2892772	1952
2892772	2588
2892772	2889
2892772	2890
2892772	2891
2892772	2892
2892772	2893
2892772	2895
2892772	2896
2892772	2897
2892772	2899
2892772	2900
2892772	2901
2892772	2903
2892772	2905
2892772	2906
2892772	3421
2892772	3645
2892772	3729
2892772	3754
2892772	3757
2892772	3759
3487175	3742
758696	1984
758696	2184
758696	2189
758696	2331
758696	2364
758696	2798
758696	2806
758696	2824
758696	2874
758696	2881
758696	2882
758696	2923
758696	2926
758696	2929
758696	3006
758696	3011
758696	3012
758696	3015
758696	3038
758696	3051
758696	3054
758696	3078
758696	3089
758696	3106
758696	3111
758696	3114
758696	3141
758696	3142
758696	3279
758696	3319
758696	3338
758696	3361
758696	3426
758696	3430
758696	3461
758696	3508
758696	3598
830625	1151
3247052	985
3247052	988
3247052	992
3262601	359
3262601	365
2558022	774
954513	215
954513	398
954513	737
2043667	73
3096239	1399
3096239	2259
3096239	2260
2820106	1163
2820106	2417
2820106	2586
2187607	1324
1782745	2410
3640528	3410
2585724	1741
1685882	2038
3017864	1473
3017864	1548
3017864	2340
589378	1823
1946944	2689
1946944	3528
3385809	1675
3385809	1677
2319772	911
2431695	927
2972837	3478
2607324	132
2607324	1413
3129525	417
1109420	3167
2171895	579
1025701	1778
1588870	2269
3333700	939
2877038	986
3342843	2290
2969155	3363
3332342	1620
3320984	1390
3320984	3178
1180836	3391
2800455	628
2800455	632
2800455	727
2800455	3258
3200271	1723
3200271	1724
765814	151
765814	726
3224902	762
2310842	1787
2310842	1904
2310842	2067
2310842	2130
2310842	3150
2310842	3151
2310842	3380
2310842	3405
2310842	3693
2961349	333
2961349	339
2622659	832
2900947	1475
2840910	459
2840910	882
2746598	1436
3063832	597
3063832	938
3063832	941
3063832	944
3063832	950
3063832	1636
3279300	2684
1413816	946
3021702	1086
3294930	392
3294930	3143
1315394	1298
1315394	1305
1315394	1311
1315394	1313
1315394	1314
1315394	1407
1315394	1841
1315394	2961
1315394	3667
809897	3377
1778611	1099
3196112	2133
3196112	2187
3252548	566
2982400	1742
3269746	180
2424777	1456
2424777	1457
2491326	967
2491326	968
1708093	1467
1708093	3339
1708093	3438
3152989	625
2768976	629
2816920	854
551865	103
551865	105
551865	698
2768912	1320
1075083	3035
1075083	3681
3534929	3121
2648556	728
2648556	1066
2648556	1468
936874	1954
120153	2051
120153	2062
120153	2154
2880101	447
3284074	3183
3280494	1848
1518109	143
2638661	178
1491128	3284
2545197	1480
2545197	1481
2545197	1868
2545197	2494
786388	1464
910312	2474
3303614	1330
3303614	1331
3303614	1333
3303614	1337
3303614	1347
1227501	2955
791662	567
791662	570
791662	581
937898	2359
937898	2782
937898	3291
2050921	554
2964930	2425
2964930	2427
2964930	2430
2964930	3313
2964930	3327
1226664	3039
2090416	3617
2090416	3718
2110630	746
2110630	1750
668827	3690
668827	3691
3165163	23
3165163	3752
2473371	2022
2473371	2299
3148812	2503
1570573	602
2465587	130
2465587	201
609506	1224
2171136	2550
948459	387
3241460	418
2524175	2728
2242704	3429
2242704	3706
2108932	1267
2108932	1350
2108932	1382
2108932	1396
2108932	2235
2108932	2237
2108932	2238
2108932	2239
2108932	2240
2108932	3468
217017	1097
3349164	1147
2881608	2596
2881608	2606
2881608	2634
2881608	2635
2881608	3699
2272792	794
2272792	796
2272792	2208
2272792	3669
2272792	3670
2272792	3671
3360750	1344
3360750	1351
3360750	1366
3360750	1404
3360750	1663
1558531	793
2677561	2480
1079391	49
1079391	53
1079391	68
1079391	81
1079391	229
1079391	2661
2318222	3076
509832	3355
2105813	2215
2105813	3342
2105813	3750
2978675	795
2978675	1026
2978675	1027
2978675	1565
2727386	20
2596002	1444
2596002	3190
2596002	3446
3191709	1191
3191709	1352
3305542	914
3230380	3527
1916600	3387
3378612	2584
3378612	2585
3378612	2610
3378612	2611
3378612	2668
3378612	2842
3378612	2843
3378612	2844
3378612	2845
3378612	2972
3162188	1047
1481698	3168
1884380	1439
1884380	3505
811230	956
811230	983
811230	1010
811230	1155
811230	1201
811230	1843
811230	1844
811230	2353
811230	2433
811230	3072
811230	3297
811230	3369
811230	3372
2649384	2234
2649384	2469
1722484	345
2691415	952
2927846	924
1607755	328
1607755	990
693642	577
693642	3701
3316980	266
3316980	471
2613264	3625
2613264	3626
2613264	3627
3232424	866
1955611	903
987031	652
3219173	123
53669	3739
2038068	1970
2038068	1998
2038068	2516
2038068	3069
2038068	3074
2038068	3086
2038068	3737
2889697	297
1025640	121
1025640	128
1025640	677
1025640	2443
1025640	2444
1025640	2640
1025640	2775
1025640	3022
3232992	2220
2994574	460
2994574	1763
549093	399
549093	2807
2974492	361
2974492	362
2402112	2273
2911318	163
1560593	256
2962487	106
831648	3459
1671984	1792
1671984	1861
1671984	1866
1671984	2711
1671984	2741
1671984	2743
1671984	2774
1671984	3056
1671984	3383
3424883	2922
2963730	1995
2963730	2667
3321894	750
3321894	757
3321894	1554
3321894	1555
3321894	1568
3321894	1572
3321894	2114
3075409	498
1526525	124
3013527	1462
3013527	1574
2521799	1559
1615100	3000
2326286	270
2326286	1521
2326286	1527
2326286	1560
2326286	1561
2326286	1645
3317252	2912
3317252	2913
3317252	3766
2657050	550
3052427	9
3052427	11
3153571	633
3557316	3716
3557316	3764
2667252	3615
2827716	2472
3333374	831
2560161	1229
2352602	624
2352602	705
2352602	1630
2352602	1632
2352602	1884
2352602	2019
2352602	2061
2352602	2078
2352602	2119
2352602	2267
2352602	2467
2352602	2526
2352602	2527
2352602	2557
2352602	2558
2352602	2563
2352602	2569
2352602	2617
2352602	2618
2352602	2653
2352602	2700
2352602	2702
2352602	2758
2352602	2785
2352602	2800
2352602	2863
2352602	2864
2352602	2978
2352602	2997
2352602	3130
3292498	2305
3207253	149
3207253	152
2582267	583
299600	2201
2444141	1059
3242255	709
2793032	1225
3358572	3714
2841753	495
2530756	1832
2530756	3171
3289869	1877
2303435	21
1048484	3577
885379	1206
475762	170
475762	1624
1441621	3067
1441621	3287
3257021	74
3257021	2555
3257021	2559
3086258	185
3086258	197
3086258	1249
3282194	3212
1243977	2180
2240718	2418
2240718	2419
2240718	2987
2240718	2999
2240718	3238
2240718	3239
2240718	3310
2240718	3316
2240718	3317
2240718	3318
2240718	3445
126003	541
126003	2823
126003	2946
126003	2947
126003	3214
126003	3401
126003	3652
1380278	2551
3269534	257
3194014	381
3321913	1710
3199711	192
3199711	195
3199711	2388
3201565	2173
3044613	585
2144182	426
1012046	1514
3343881	1994
3114296	468
3114296	1257
3114296	2192
3189635	1274
3189635	1276
3189635	2499
3189635	2565
3247327	75
3247327	96
1827285	1184
2795454	45
2795454	47
2795454	232
2795454	563
2795454	630
507434	1749
507434	1983
507434	2989
507434	3097
507434	3680
2956914	2035
2897199	227
2897199	3677
2847840	183
2847840	216
2847840	908
1453807	2590
3285079	2801
2976657	2560
2976657	2597
2976657	2694
588465	14
1553819	2867
1553819	2993
3279556	957
2721210	1893
1796776	559
2596492	1342
3442493	2006
741062	1200
2017689	648
2017689	654
2017689	977
2017689	987
2017689	989
2345819	1195
3319510	867
3319510	1627
3319510	1649
3319510	3158
3319510	3618
3319510	3623
1218484	318
1218484	1409
1218484	1562
1218484	1968
1218484	2576
1218484	3471
1218484	3619
1668840	713
1668840	730
652247	1346
3121423	298
3121423	494
227851	2197
3287593	99
2511247	1598
2738453	1418
2738453	1419
2738453	1420
2738453	1421
2738453	1449
2738453	1450
2738453	1831
2738453	1856
2738453	1925
2738453	1939
2738453	1969
2738453	2023
2738453	2024
2738453	2026
2738453	2027
2738453	2028
3163389	299
3163389	443
3163389	609
3163389	3216
3131800	1594
2086544	1025
2086544	1029
3304306	569
2627243	884
3228974	65
2725068	948
2806861	342
2805879	1159
2805879	1160
2805879	1662
1799011	593
1799011	773
2501704	1637
3307091	1858
3307091	3550
3307091	3551
3307091	3682
1884903	1062
1884903	2211
1884903	3605
3327098	855
3327098	1022
3327098	1240
3327098	1242
3327098	1552
3327098	3635
1502122	1326
3098967	1690
3098967	1691
3098967	1692
2825906	802
3341906	1359
3341906	1365
3341906	1369
3341906	1370
3341906	1441
3341906	1442
3065231	1015
3079782	788
273305	2218
1980737	3631
2147276	2303
2894373	1031
3378911	1807
3378911	2132
3378911	2241
2099177	3534
2099177	3535
2116400	3213
2116400	3573
2979432	702
2979432	815
3334384	870
3334384	2924
3334384	2973
2113420	1979
3086180	520
3086180	623
3086180	2628
2815323	492
2815323	1920
2815323	1927
2815323	1929
2815323	1938
2815323	2016
2815323	3702
2815323	3709
741007	829
741007	966
741007	1591
741007	3276
2099334	1375
2099334	1628
3138552	3736
2707004	2230
2707004	2233
1339681	932
1339681	2296
1339681	2696
2366564	161
3000438	2781
1463626	405
1463626	1134
2866589	2841
2781721	621
593227	3751
3318597	290
2127267	1536
2127267	1541
2127267	1545
2127267	1563
1523775	3118
1523775	3120
3299817	804
3383523	2204
3383523	2675
3383523	2942
3383523	2949
3383523	2974
2670727	2072
2927082	2971
2292432	511
3379260	1827
2534639	2213
2534639	3585
1647990	3593
2875004	25
2875004	29
2875004	32
2875004	176
2875004	374
2875004	419
2875004	450
2875004	453
2875004	1284
2875004	1466
2875004	1916
2875004	1950
2875004	2403
2875004	3449
3385919	2517
3089633	528
3134421	3157
3320387	346
474994	79
474994	415
474994	920
474994	921
474994	926
474994	935
474994	1051
474994	1140
474994	1932
474994	3356
3064177	1132
3168918	786
3168918	878
3168918	3721
972803	356
2856517	390
2925210	1035
2925210	1039
2925210	1042
2925210	1043
2925210	1044
2925210	1045
2925210	1103
2925210	1104
2925210	1108
2925210	1125
2925210	1127
2925210	1128
2925210	1614
2925210	1615
2925210	1616
2925210	1617
2925210	1618
2925210	1986
2925210	1987
2925210	1988
2925210	1989
2925210	2254
2925210	2257
2925210	2262
2925210	2272
2925210	2367
2925210	2705
2925210	2816
2925210	2818
2925210	2865
2925210	2866
2925210	3110
2925210	3132
2925210	3472
2925210	3494
2598131	3365
2598131	3586
1510153	1847
1510153	1880
1510153	1882
1510153	2459
1510153	2575
1510153	2746
1510153	2750
1510153	2783
2987219	437
7165	2636
3382193	1644
3183214	707
3183214	2058
3183214	2059
3183214	2485
3183214	2487
3593641	2958
3593641	3081
3190632	592
2819899	2214
2819899	2249
2819899	3697
2819899	3698
2819899	3700
3258439	777
1957936	203
1957936	207
1957936	875
1957936	876
2994253	881
3014698	499
3296297	3704
681267	1414
681267	1469
681267	1471
681267	1851
681267	3002
681267	3003
681267	3008
681267	3014
681267	3362
1964049	2319
3067471	2600
3067471	3456
3434204	2109
2867442	2704
2867442	3395
3273204	30
3273204	3563
2261582	2420
3007051	2832
2572554	300
2764838	2281
2764838	2344
3197787	375
3197787	377
1421064	301
1421064	304
1421064	959
1421064	965
1421064	979
1421064	1003
1421064	1007
1421064	1083
1421064	1098
1421064	1102
1421064	1110
1421064	1260
1421064	1308
1421064	1310
1421064	1387
1421064	1528
1421064	1595
1421064	1706
1421064	1744
1421064	1746
1421064	1835
1421064	1836
1421064	1840
1421064	1875
1421064	1886
1421064	1924
1421064	2111
1421064	2113
1421064	2122
1421064	2145
1421064	2276
1421064	2333
1421064	2334
1421064	2352
1421064	2373
1421064	2468
1421064	2519
1421064	2570
1421064	3100
1421064	3104
1421064	3464
1421064	3488
1421064	3492
661974	3451
661974	3517
2862880	56
2862880	3555
871191	1226
871191	1227
871191	1235
871191	1343
871191	1345
871191	1575
871191	1666
871191	1771
871191	1774
871191	1775
871191	1776
871191	1777
871191	1997
871191	2522
3072944	526
3072944	953
3152119	3059
3157566	221
3157566	1096
3157566	1388
2991395	2424
2760688	555
3397393	2389
1780611	706
2144432	463
2144432	464
2144432	736
2505567	2554
3172824	1203
3172824	1204
3019790	2102
3019790	2884
3019790	3530
3019790	3650
3144486	2562
2878517	684
2878517	923
2878517	1286
3342814	1451
3353495	2185
3289035	478
3077105	3096
3077105	3597
3266805	2379
3317271	1887
3317271	1890
3317271	1926
3317271	2098
3317271	2100
2462324	1172
638297	1826
638297	1855
638297	2245
638297	2252
638297	2536
638297	2539
638297	3353
638297	3433
638297	3578
638297	3582
638297	3584
3311521	162
1202048	3490
3272108	226
3272108	230
3272108	234
3272108	236
3272108	237
3272108	242
3271742	2504
3271742	3462
2922792	3440
1788024	3724
3452256	3516
1237654	3274
3257951	3633
2529986	3166
2529986	3250
529485	673
529485	1736
529485	1820
529485	2356
529485	2630
529485	3320
1296745	2376
366109	675
366109	741
366109	803
1219466	3314
2703688	2463
2580152	1815
2580152	1817
1892289	669
1892289	1082
442171	936
442171	2312
442171	2736
749408	134
749408	3549
1621786	963
3212345	635
3212345	636
3212345	640
1816844	3436
3105459	3738
3045200	1634
3045200	1635
3292897	846
3292897	925
3292897	955
3292897	958
3292897	1069
3292897	1818
3292897	2669
3292897	2670
3292897	3519
3307191	1478
2056966	3358
2056966	3376
2056966	3378
2056966	3414
2056966	3497
3254085	34
3254085	36
3254085	1130
3254085	1236
3254085	1237
3254085	1238
3254085	1431
3254085	1455
3254085	1881
3165589	2371
2974083	2727
2974083	2742
2974083	2780
2974083	2790
2974083	2833
2974083	3504
2974083	3717
1819599	2677
1819599	2986
1819599	3033
2859223	501
3026431	3499
3344824	3568
3340358	2226
2351219	3198
2403034	1107
2403034	1121
2196286	1795
2471219	2944
2744498	2983
2001139	341
2001139	1265
3295001	108
2558597	2587
2681611	1660
1846751	1864
3627700	3479
2725310	752
2892798	380
2892798	722
2483016	3684
1759792	503
3312584	724
3312584	1023
1947460	3273
1987976	1174
2959417	1247
2788291	1273
2665001	2660
2790803	1511
2779435	1290
2779435	1524
2779435	1921
2779435	1922
2261560	1243
1693543	551
1693543	1518
1693543	1824
1693543	1825
1693543	2270
1693543	2366
1693543	2456
1693543	2457
2317816	62
2317816	69
2317816	2325
1912617	2854
1912617	3259
1912617	3269
2342271	3211
2892873	3344
2910155	3662
454998	2159
454998	3205
454998	3240
454998	3241
454998	3242
454998	3710
3230910	317
1638396	3396
1638396	3397
1638396	3398
1638396	3399
2557019	922
3398394	2064
1725152	1393
2794344	2814
2794344	3540
2332689	789
1960497	306
1960497	316
1969982	1596
2131277	422
2131277	425
2131277	971
2131277	1551
2131277	2514
2131277	2904
2114171	1529
2114171	1540
2322150	1306
1810383	2697
1810383	3109
1664062	3630
1322609	2744
1322609	3161
3039711	470
3157334	474
3157334	2349
3161622	2724
3161622	3733
2696316	4
2696316	51
2696316	275
2696316	572
2696316	619
2696316	622
2696316	626
2696316	627
2696316	631
2696316	634
2696316	731
2696316	830
2696316	839
2696316	840
2696316	843
2696316	847
2696316	852
2696316	947
2696316	949
2696316	951
2696316	1011
2696316	1233
2696316	1474
2696316	1476
2696316	1513
2696316	1525
2696316	1530
2696316	1576
2696316	1631
2696316	1659
2696316	1664
2696316	1665
2696316	1667
2696316	1672
2696316	1700
2696316	1701
2696316	1702
2696316	1705
2696316	1719
2696316	1722
2696316	1731
2696316	1738
2696316	1753
2696316	1755
2696316	1783
2696316	1859
2696316	1911
2696316	1912
2696316	1943
2696316	1944
2696316	1959
2696316	1960
2696316	2054
2696316	2055
2696316	2073
2696316	2075
2696316	2103
2696316	2198
2696316	2285
2696316	2323
2696316	2354
2696316	2387
2696316	2441
2696316	2580
2696316	2589
2696316	2591
2696316	2592
2696316	2601
2696316	2602
2696316	2612
2696316	2614
2696316	2624
2696316	2656
2696316	2690
2696316	2691
2696316	2713
2696316	2715
2696316	2755
2696316	2757
2696316	2762
2696316	2763
2696316	2765
2696316	2766
2696316	2772
2696316	2786
2696316	2787
2696316	2793
2696316	2794
2696316	2921
2696316	2937
2696316	2948
2696316	2959
2696316	2976
2696316	3020
2696316	3021
2696316	3042
2696316	3050
2696316	3148
2696316	3199
2696316	3206
2696316	3207
2696316	3234
2696316	3235
2696316	3243
2696316	3268
2696316	3343
2696316	3354
2696316	3357
2696316	3373
2696316	3386
2696316	3458
2696316	3495
2696316	3503
2696316	3521
2696316	3522
2696316	3538
2696316	3539
2696316	3548
2696316	3570
2696316	3592
2696316	3686
2696316	3708
2696316	3715
2696316	3730
2717543	660
2717543	662
3397802	2579
2753395	189
2753395	2984
2072320	676
1979980	2337
1979980	2489
1979980	2658
1979980	3442
3351844	3325
3351844	3326
3351844	3328
3351844	3349
2510937	38
2271788	2593
1930131	3453
3237055	1646
3316433	1533
3316433	2144
1419495	109
3156382	129
3156382	131
3156382	147
3156382	171
3156382	172
3156382	238
3156382	243
3156382	248
3156382	280
3156382	667
3156382	688
3156382	940
3156382	974
3156382	1270
3156382	1281
3156382	1599
3126108	89
1840145	760
3196949	1277
3196949	1278
2132013	3561
1754175	561
3314023	3473
3301105	451
3223964	934
6927	1287
6927	1292
6927	1739
6927	1758
6927	2216
6927	2223
3241892	863
904444	117
904444	1622
3247634	1041
737969	2438
2952484	1878
2952484	1889
663760	2963
2164212	3659
3192595	848
1959258	3509
1039644	3482
3166651	2079
3166651	2080
3166651	3095
3166651	3131
3166651	3153
3166651	3160
3166651	3400
9824	1192
9824	1762
743145	960
1934346	2300
1934346	2302
2762227	1090
2035265	645
3202352	2779
3202352	2871
471856	414
2077908	1263
2077908	1268
2077908	3286
2077908	3572
2369712	1448
2369712	1707
2369712	1949
2369712	2613
2369712	2666
2369712	3164
2369712	3556
2369712	3557
3400330	1940
3327116	540
3340784	991
3269728	393
3269728	395
3269728	396
3269728	397
3269728	403
3269728	406
3269728	3001
2239589	2651
2239589	2654
1304462	3434
1304462	3435
2694161	490
2694161	491
2694161	493
2694161	496
2694161	1612
2694161	1813
2694161	1816
1769719	3370
1769719	3371
3327963	598
3327963	2462
3327963	2638
3327963	3533
3395240	2268
3274152	833
2138614	1093
2138614	1580
2540085	118
2540085	2039
1972862	972
2542449	2166
2542449	2169
668647	3634
3239434	369
3239434	373
3239434	1048
3239434	1050
2200313	2709
2200313	2714
2200313	2718
2200313	2846
2200313	3119
3055059	1354
3055059	1748
435465	1271
467491	1119
1452539	3261
1452539	3263
3211504	50
3211504	1497
3211504	1498
2313063	3624
3203076	3063
3079131	523
3079131	1162
3313382	765
3313382	770
3313382	828
3313382	1458
3313382	1459
2657166	433
403203	1697
403203	2716
403203	3064
403203	3082
403203	3558
291392	779
3280822	1000
1311103	712
1311103	714
1311103	888
1311103	889
1311103	1141
3221262	3588
727003	57
3373131	1730
3265725	1094
3265725	1095
3075455	1973
3075455	1975
3075455	2802
3075455	3493
2070175	1895
642022	1597
304216	674
304216	887
3332062	900
2625998	3408
2625998	3678
2625998	3679
2344636	2363
496763	82
496763	84
496763	2604
464581	6
464581	2191
464581	2193
3347388	1438
3347388	2057
3347388	3256
2169044	1157
2169044	3182
1939523	3692
1939523	3760
1812272	1698
1812272	1709
1812272	2207
3079076	1332
2686851	509
2692821	3756
147624	3613
2848282	182
3222866	1626
3222866	1648
3274341	723
2583425	1135
2583425	2288
2932500	2938
3074431	289
3074431	291
620968	3688
3260666	1175
3031790	533
3192422	873
2465125	3406
2572031	1138
2572031	1179
2274652	1261
2274652	1379
2274652	1708
2274652	1715
2274652	1718
2274652	1814
2274652	1874
2274652	2003
2274652	2004
2274652	2011
3162919	3689
3107253	519
1928174	2346
1928174	2350
1928174	2381
1928174	2384
1928174	3127
3121660	3419
3121660	3672
3098250	2375
2099773	721
2099773	1780
2381395	797
281114	2329
2813910	2789
3204493	263
2065459	379
2999703	1461
2999703	2513
2999703	2538
2999703	2851
2999703	2877
2999703	2994
2999703	3194
2999703	3418
2999703	3474
2999703	3743
417385	3389
3338109	962
2620803	1124
2620803	1158
2885048	1879
2885048	2206
2163360	472
2355891	2699
1752089	3215
1943546	166
1943546	169
2198810	3673
116404	91
3023936	1876
3149417	55
3149417	1743
941801	2873
2735310	3595
1676528	2049
1676528	2050
1640660	145
1640660	1071
3362983	1486
3362983	1810
3362983	1974
3362983	2007
3362983	2010
3362983	2012
3362983	2013
3362983	2015
3362983	2036
3362983	2074
3362983	2101
3362983	2147
3362983	2148
3362983	2153
3362983	2450
3362983	2460
3362983	3460
3362983	3463
3362983	3687
2997434	212
2997434	355
2997434	3518
3226677	1112
3226677	1113
3226677	1256
3226677	2017
3274635	423
2213301	283
2213301	292
3298135	718
3333377	1465
1912379	1207
3307732	800
3307732	3674
2738924	560
2926887	857
2926887	964
2079937	874
2008046	1078
2008046	3565
2542893	849
1445750	104
2409781	2483
1843158	657
3385805	3477
2368278	1176
3366956	1452
3366956	1453
3366956	1454
3366956	3133
3366956	3335
929210	2002
3060243	2162
3060243	2659
3060243	3090
3060243	3337
3060243	3513
478310	3270
478310	3295
2223214	196
2223214	2088
2223214	2097
2223214	2274
2223214	3285
956098	456
956098	497
3229144	1751
3229144	1752
2925513	883
2925513	2311
2779738	2099
2779738	2128
3092193	1686
3092193	1687
2012421	1374
3413171	2632
2700000	1376
1450613	110
1450613	3502
3274988	505
3274988	1248
3274988	1593
3274988	1607
3274988	2338
834288	1716
834288	3567
834288	3569
2693613	159
3283921	3390
3283921	3725
3283921	3726
3283921	3727
3283921	3728
2809852	2960
3005174	127
3005174	367
2672489	3529
2901903	1165
2901903	2227
2901903	2228
1444923	1301
1444923	1425
3057127	2445
1007649	2336
3671094	3632
3671094	3653
3156767	302
3171772	465
