1	0.0
2	0.0
3	0.0
4	0.0
5	0.0
6	0.3333333333333333
7	0.0
8	0.0
9	0.0
10	0.0
11	0.0
12	0.3333333333333333
13	1.0
14	0.0
15	0.6153846153846154
16	0.0
17	0.0
18	0.5
19	0.5
20	1.0
21	0.0
22	0.0
23	0.0
24	1.0
25	0.0
26	0.0
27	0.0
28	0.75
29	0.0
30	0.25
31	0.8333333333333334
32	0.0
33	0.125
34	0.5
35	1.0
36	1.0
37	0.25
38	0.25
39	0.0
40	0.4
41	0.8
42	0.0
43	0.0
44	0.6666666666666666
45	1.0
46	1.0
47	0.0
48	0.0
49	0.75
50	0.25
51	0.0
52	0.3333333333333333
53	0.3333333333333333
54	0.3333333333333333
55	0.3333333333333333
56	0.0
57	0.0
58	0.5
59	0.3333333333333333
60	0.0
61	0.3333333333333333
62	0.0
63	0.0
64	0.0
65	0.0
66	0.0
67	0.0
68	0.4
69	0.0
70	0.6666666666666666
71	0.0
72	0.0
73	0.6666666666666666
74	1.0
75	0.0
76	0.25
77	1.0
78	0.0
79	0.375
80	0.0
81	0.0
82	0.0
83	0.0
84	0.0
85	0.0
86	0.0
87	0.0
88	0.0
89	0.0
90	0.0
91	0.5
92	0.6666666666666666
93	0.14285714285714285
94	0.0
95	1.0
96	0.0
97	0.3333333333333333
98	0.0
99	0.6666666666666666
100	1.0
101	0.6666666666666666
102	0.25
103	0.0
104	0.8571428571428571
105	1.0
106	0.3333333333333333
107	0.0
108	0.0
109	0.6666666666666666
110	0.5
111	0.0
112	0.0
113	0.0
114	0.6666666666666666
115	0.4
116	0.5
117	1.0
118	0.5
119	0.4
120	0.3333333333333333
121	0.6666666666666666
122	0.0
123	0.5
124	0.25
125	0.0
126	0.6666666666666666
127	0.0
128	0.38461538461538464
129	0.5
130	0.6666666666666666
131	0.6666666666666666
132	0.4
133	0.0
134	0.5
135	1.0
136	0.0
137	1.0
138	1.0
139	1.0
140	1.0
141	0.625
142	1.0
143	0.0
144	0.14285714285714285
145	0.0
146	0.0
147	0.625
148	0.5
149	0.6
150	0.6
151	1.0
152	0.6
153	1.0
154	0.0
155	0.75
156	0.8
157	0.125
158	0.5
159	0.2
160	0.5
161	0.2
162	0.0
163	1.0
164	0.3333333333333333
165	0.0
166	0.0
167	0.0
168	0.5
169	0.6666666666666666
170	0.0
171	0.0
172	0.5
173	0.0
174	0.0
175	0.0
176	0.0
177	0.0
178	1.0
179	0.0
180	0.0
181	0.0
182	0.0
183	0.6666666666666666
184	0.5
185	0.5
186	0.0
187	0.0
188	0.6666666666666666
189	0.4
190	1.0
191	0.0
192	0.6666666666666666
193	0.3333333333333333
194	0.0
195	0.5
196	0.2
197	0.0
198	0.6666666666666666
199	0.3333333333333333
200	0.3333333333333333
201	1.0
202	1.0
203	0.3333333333333333
204	0.0
205	1.0
206	0.0
207	0.0
208	0.3333333333333333
209	0.0
210	0.5714285714285714
211	0.0
212	0.6666666666666666
213	0.5
214	0.0
215	0.3333333333333333
216	0.5
217	0.0
218	0.5
219	0.5
220	0.0
221	0.0
222	0.0
223	0.3333333333333333
224	0.5
225	1.0
226	1.0
227	0.0
228	0.0
229	0.6
230	0.5
231	0.5
232	0.0
233	0.6666666666666666
234	0.75
235	0.0
236	0.25
237	0.0
238	0.42857142857142855
239	1.0
240	0.0
241	0.0
242	1.0
243	1.0
244	0.75
245	1.0
246	0.0
247	0.75
248	0.8
249	0.6666666666666666
250	1.0
251	0.0
252	1.0
253	0.0
254	0.3333333333333333
255	0.0
256	0.0
257	0.8571428571428571
258	1.0
259	0.0
260	NaN
261	0.6666666666666666
262	0.0
263	0.0
264	0.0
265	0.0
266	0.0
267	0.0
268	0.0
269	0.0
270	1.0
271	0.4
272	0.4
273	0.0
274	0.6666666666666666
275	0.0
276	0.0
277	0.3333333333333333
278	0.6666666666666666
279	0.0
280	1.0
281	0.6666666666666666
282	0.0
283	0.75
284	0.0
285	0.0
286	0.0
287	0.0
288	1.0
289	1.0
290	0.0
291	1.0
292	1.0
293	0.6666666666666666
294	0.0
295	0.3333333333333333
296	0.0
297	0.0
298	0.0
299	0.0
300	0.0
301	0.5
302	0.0
303	0.5714285714285714
304	0.0
305	0.25
306	0.6666666666666666
307	0.14285714285714285
308	0.5
309	1.0
310	0.5
311	1.0
312	0.0
313	0.2
314	0.0
315	0.0
316	0.0
317	1.0
318	0.6666666666666666
319	0.3333333333333333
320	1.0
321	0.25
322	1.0
323	0.75
324	0.5
325	0.3333333333333333
326	0.2
327	0.25
328	0.6666666666666666
329	0.3333333333333333
330	0.75
331	1.0
332	1.0
333	0.0
334	0.625
335	0.3333333333333333
336	0.0
337	0.0
338	0.5
339	0.5
340	0.0
341	0.2
342	0.0
343	0.75
344	0.0
345	0.0
346	0.0
347	0.0
348	0.0
349	1.0
350	0.2
351	0.8333333333333334
352	0.0
353	0.3333333333333333
354	0.5
355	1.0
356	0.2
357	0.4
358	0.0
359	0.0
360	0.0
361	0.0
362	0.0
363	0.0
364	0.0
365	0.3333333333333333
366	0.75
367	0.5
368	0.5
369	0.3333333333333333
370	0.0
371	1.0
372	0.8571428571428571
373	0.0
374	1.0
375	0.5
376	0.0
377	0.0
378	1.0
379	0.0
380	0.6666666666666666
381	1.0
382	0.0
383	0.0
384	0.0
385	0.0
386	1.0
387	0.0
388	0.16666666666666666
389	0.0
390	0.4
391	0.0
392	0.0
393	0.75
394	0.0
395	0.0
396	0.0
397	0.5
398	0.3333333333333333
399	0.0
400	0.0
401	0.3333333333333333
402	0.3333333333333333
403	0.0
404	0.25
405	0.0
406	0.25
407	0.0
408	0.0
409	0.5
410	1.0
411	0.6666666666666666
412	0.8333333333333334
413	0.5
414	0.6666666666666666
415	0.0
416	0.0
417	0.0
418	0.0
419	1.0
420	0.25
421	0.4
422	0.6666666666666666
423	0.2
424	0.5
425	0.5
426	0.0
427	0.3333333333333333
428	0.0
429	0.0
430	0.6
431	0.0
432	0.0
433	1.0
434	0.4444444444444444
435	0.6666666666666666
436	0.0
437	0.3333333333333333
438	0.0
439	0.0
440	0.0
441	0.0
442	1.0
443	0.0
444	0.0
445	0.3333333333333333
446	0.0
447	0.5
448	1.0
449	0.6
450	0.0
451	0.0
452	0.0
453	0.0
454	0.3333333333333333
455	0.0
456	0.3333333333333333
457	0.6
458	0.0
459	0.0
460	0.0
461	0.0
462	0.0
463	0.75
464	0.0
465	0.0
466	0.0
467	0.6666666666666666
468	1.0
469	0.0
470	0.0
471	0.0
472	0.42857142857142855
473	0.25
474	0.0
475	1.0
476	0.0
477	0.75
478	1.0
479	0.5
480	0.0
481	1.0
482	0.3333333333333333
483	1.0
484	0.5
485	0.0
486	0.0
487	0.25
488	0.0
489	0.5
490	0.0
491	0.0
492	0.6666666666666666
493	0.0
494	0.0
495	0.6
496	0.0
497	0.6666666666666666
498	0.6
499	0.5
500	0.0
501	0.0
502	0.0
503	1.0
504	0.0
505	0.6666666666666666
506	0.0
507	0.0
508	0.0
509	0.25
510	0.0
511	0.3333333333333333
512	0.0
513	0.0
514	0.0
515	0.6666666666666666
516	0.42857142857142855
517	0.25
518	0.0
519	0.0
520	0.0
521	0.0
522	0.6666666666666666
523	0.0
524	0.0
525	0.75
526	0.0
527	0.25
528	0.0
529	0.0
530	0.0
531	0.25
532	1.0
533	0.6
534	0.0
535	0.0
536	0.8571428571428571
537	0.5
538	0.0
539	0.3333333333333333
540	0.5
541	1.0
542	0.0
543	0.6
544	1.0
545	0.0
546	1.0
547	0.3333333333333333
548	0.8
549	0.0
550	0.5
551	0.25
552	0.0
553	1.0
554	0.0
555	0.6
556	0.0
557	0.0
558	0.3333333333333333
559	0.14285714285714285
560	0.3333333333333333
561	0.0
562	0.0
563	0.0
564	0.5
565	0.5
566	0.5
567	0.0
568	0.6666666666666666
569	0.3333333333333333
570	0.2
571	1.0
572	0.0
573	0.6666666666666666
574	0.0
575	0.0
576	0.0
577	0.5
578	0.0
579	0.6666666666666666
580	NaN
581	0.0
582	0.25
583	0.0
584	0.25
585	0.0
586	NaN
587	0.75
588	0.0
589	0.25
590	0.5
591	0.3333333333333333
592	0.25
593	0.2
594	0.0
595	0.5
596	0.0
597	0.5
598	1.0
599	0.0
600	0.0
601	0.0
602	0.0
603	0.0
604	0.0
605	0.0
606	0.0
607	0.0
608	0.0
609	0.0
610	0.0
611	0.2
612	0.16666666666666666
613	0.5454545454545454
614	1.0
615	0.0
616	0.0
617	0.0
619	0.0
620	0.0
621	1.0
622	0.5
623	0.0
624	0.6
625	0.0
626	1.0
627	0.0
628	0.0
629	0.5
630	0.0
631	0.0
632	0.0
633	0.5
634	0.0
635	0.14285714285714285
636	0.5
637	0.0
638	1.0
639	0.0
640	0.0
641	0.0
642	0.0
643	0.36363636363636365
644	0.75
645	0.6666666666666666
646	1.0
647	1.0
648	0.25
649	0.5
650	0.5
651	0.0
652	0.0
653	0.0
654	0.0
655	0.0
656	0.0
657	0.26666666666666666
658	0.0
659	0.0
660	0.2
661	0.0
662	0.0
663	0.6666666666666666
664	0.0
665	0.0
666	0.0
667	0.7
668	0.6666666666666666
669	0.0
670	0.0
671	0.0
672	0.0
673	0.35714285714285715
674	0.0
675	0.3333333333333333
676	0.5
677	0.0
678	0.3333333333333333
679	0.6666666666666666
680	0.0
681	0.75
682	0.0
683	0.0
684	0.3333333333333333
685	0.0
686	0.0
687	0.5
688	0.0
689	0.0
690	1.0
691	0.0
692	0.7142857142857143
693	0.0
694	0.25
695	1.0
696	0.5
697	0.0
698	0.0
699	0.0
700	0.3333333333333333
701	0.5
702	1.0
703	0.6666666666666666
704	0.3333333333333333
705	0.25
706	0.0
707	0.625
708	1.0
709	1.0
710	0.42857142857142855
711	0.2
712	0.0
713	1.0
714	0.0
715	0.0
716	0.0
717	0.25
718	0.0
719	0.5
720	0.0
721	0.0
722	0.0
723	0.0
724	0.0
725	0.3333333333333333
726	0.5
727	0.0
728	0.0
729	0.0
730	0.0
731	0.0
732	0.0
733	0.0
734	0.0
735	0.0
736	0.8
737	0.5
738	0.0
739	0.0
740	0.14285714285714285
741	1.0
742	0.6666666666666666
743	0.0
744	1.0
745	1.0
746	0.5
747	1.0
748	0.0
749	0.0
750	0.3
751	0.75
752	0.3333333333333333
753	0.8333333333333334
754	0.25
755	0.0
756	0.0
757	0.4
758	0.0
759	0.4444444444444444
760	0.6
761	0.4375
762	0.6666666666666666
763	1.0
764	0.40425531914893614
765	0.0
766	0.0
767	0.5
768	0.8333333333333334
769	0.0
770	1.0
771	0.0
772	0.16666666666666666
773	0.7142857142857143
774	0.5
775	1.0
776	0.0
777	1.0
778	0.0
779	0.3333333333333333
780	0.0
781	0.4
782	0.3333333333333333
783	0.0
784	0.125
785	0.0
786	0.6666666666666666
787	0.0
788	0.0
789	0.0
790	0.0
791	0.0
792	0.0
793	0.25
794	0.0
795	1.0
796	0.0
797	1.0
798	0.0
799	0.0
800	0.3333333333333333
801	0.5
802	0.0
803	1.0
804	0.0
805	0.0
806	0.3333333333333333
807	1.0
808	0.0
809	1.0
810	1.0
811	0.0
812	0.5
813	0.0
814	0.0
815	0.0
816	0.25
817	0.0
818	0.6666666666666666
819	0.0
820	0.0
821	0.0
822	0.6
823	0.0
824	0.0
825	0.0
826	0.5
827	0.0
828	0.5
829	0.0
830	0.0
831	0.3333333333333333
832	0.5555555555555556
833	0.3333333333333333
834	0.0
835	0.4
836	0.0
837	0.0
838	0.0
839	0.0
840	0.0
841	1.0
842	0.0
843	0.0
844	0.0
845	1.0
846	0.0
847	0.0
848	0.0
849	0.375
850	0.14285714285714285
851	0.0
852	0.0
853	0.8333333333333334
854	0.0
855	0.3333333333333333
856	0.0
857	0.0
858	0.0
859	0.5
860	0.3333333333333333
861	0.3333333333333333
862	0.42857142857142855
863	0.0
864	0.0
865	0.3333333333333333
866	0.5
867	1.0
868	0.0
869	0.0
870	0.0
871	NaN
872	0.0
873	0.0
874	1.0
875	0.2857142857142857
876	0.5
877	0.0
878	1.0
879	0.4
880	0.0
881	0.6666666666666666
882	0.5
883	0.5
884	1.0
885	0.0
886	1.0
887	1.0
888	0.0
889	0.5
890	0.2857142857142857
891	0.0
892	0.0
893	0.0
894	0.0
895	0.0
896	0.0
897	0.0
898	0.0
899	0.0
900	0.25
901	0.0
902	0.0
903	0.0
904	0.4
905	0.6666666666666666
906	0.0
907	0.0
908	0.0
909	0.0
910	1.0
911	0.7777777777777778
912	0.0
913	0.0
914	0.3333333333333333
915	1.0
916	0.0
917	0.0
918	0.0
919	0.0
920	1.0
921	0.0
922	0.0
923	0.0
924	0.0
925	1.0
926	0.9
927	0.0
928	0.6666666666666666
929	0.0
930	0.5
931	0.0
932	0.6666666666666666
933	0.0
934	0.2
935	0.6
936	0.0
937	0.0
938	0.6666666666666666
939	0.5
940	0.3333333333333333
941	0.3333333333333333
942	0.0
943	0.5
944	0.6666666666666666
945	1.0
946	1.0
947	1.0
948	0.5
949	1.0
950	0.0
951	NaN
952	0.0
953	0.2857142857142857
954	0.25
955	0.0
956	0.5384615384615384
957	0.0
958	1.0
959	0.0
960	0.6666666666666666
961	1.0
962	0.5
963	1.0
964	0.0
965	0.0
966	0.5
967	0.0
968	0.0
969	0.0
970	0.0
971	0.0
972	0.6666666666666666
973	1.0
974	0.2857142857142857
975	0.5
976	0.0
977	1.0
978	0.0
979	0.0
980	0.3333333333333333
981	1.0
982	0.0
983	0.6666666666666666
984	0.0
985	1.0
986	1.0
987	1.0
988	0.0
989	1.0
990	0.0
991	0.3333333333333333
992	1.0
993	0.3333333333333333
994	0.5
995	0.6
996	1.0
997	0.0
998	0.8
999	0.0
1000	0.0
1001	0.5
1002	0.2222222222222222
1003	0.5714285714285714
1004	0.6666666666666666
1005	0.0
1006	0.0
1007	0.0
1008	1.0
1009	0.6666666666666666
1010	1.0
1011	0.1
1012	0.0
1013	1.0
1014	0.5
1015	0.4
1016	0.0
1017	0.5
1018	0.75
1019	0.0
1020	1.0
1021	0.0
1022	0.6
1023	1.0
1024	0.0
1025	0.5
1026	0.0
1027	0.0
1028	0.5
1029	0.0
1030	0.0
1031	1.0
1032	0.5
1033	0.5
1034	0.8
1035	1.0
1036	0.0
1037	0.0
1038	0.0
1039	0.75
1040	1.0
1041	0.0
1042	0.0
1043	0.3333333333333333
1044	0.75
1045	1.0
1046	0.8571428571428571
1047	0.3333333333333333
1048	0.6666666666666666
1049	0.0
1050	0.0
1051	0.42857142857142855
1052	0.3333333333333333
1053	1.0
1054	0.0
1055	0.0
1056	0.0
1057	0.0
1058	0.0
1059	0.0
1060	1.0
1061	0.0
1062	0.0
1063	0.6666666666666666
1064	0.0
1065	0.28
1066	1.0
1067	0.0
1068	0.4
1069	0.16666666666666666
1070	0.6
1071	0.3181818181818182
1072	0.0
1073	0.0
1074	0.3333333333333333
1075	0.0
1076	0.0
1077	1.0
1078	0.3333333333333333
1079	0.6
1080	0.0
1081	0.6
1082	1.0
1083	1.0
1084	0.0
1085	0.0
1086	0.7142857142857143
1087	0.5
1088	0.0
1089	0.0
1090	0.0
1091	0.0
1092	0.0
1093	0.5
1094	1.0
1095	1.0
1096	0.0
1097	0.0
1098	1.0
1099	0.25
1100	0.0
1101	0.0
1102	0.8333333333333334
1103	0.0
1104	1.0
1105	0.0
1106	0.6666666666666666
1107	0.625
1108	1.0
1109	0.0
1110	0.0
1111	0.0
1112	0.0
1113	0.3333333333333333
1114	0.0
1115	1.0
1116	0.75
1117	0.5714285714285714
1118	1.0
1119	0.75
1120	1.0
1121	0.9090909090909091
1122	0.0
1123	0.0
1124	0.0
1125	1.0
1126	1.0
1127	0.6666666666666666
1128	0.0
1129	0.0
1130	0.3333333333333333
1131	0.0
1132	0.0
1133	0.5
1134	0.75
1135	0.5
1136	0.25
1137	0.0
1138	0.0
1139	1.0
1140	0.29411764705882354
1141	0.0
1142	0.0
1143	1.0
1144	0.0
1145	1.0
1146	1.0
1147	0.3333333333333333
1148	0.0
1149	0.6
1150	0.6666666666666666
1151	0.0
1152	0.25
1153	0.5
1154	0.0
1155	0.0
1156	0.0
1157	0.0
1158	0.0
1159	0.0
1160	1.0
1161	0.0
1162	0.75
1163	0.6666666666666666
1164	1.0
1165	0.8333333333333334
1166	0.4
1167	0.0
1168	0.0
1169	1.0
1170	1.0
1171	0.0
1172	0.6666666666666666
1173	0.0
1174	0.0
1175	0.0
1176	0.0
1177	0.5
1178	0.0
1179	0.4
1180	0.23076923076923078
1181	0.0
1182	0.0
1183	0.0
1184	0.3333333333333333
1185	0.0
1186	0.0
1187	0.8333333333333334
1188	0.0
1189	0.0
1190	0.0
1191	1.0
1192	0.0
1193	0.0
1194	0.0
1195	0.0
1196	0.5
1197	1.0
1198	0.0
1199	0.3333333333333333
1200	1.0
1201	0.0
1202	0.5
1203	0.0
1204	0.0
1205	1.0
1206	0.3333333333333333
1207	0.0
1208	0.0
1209	1.0
1210	1.0
1211	0.0
1212	0.0
1213	0.0
1214	0.1111111111111111
1215	0.0
1216	0.75
1217	0.0
1218	0.0
1219	0.0
1220	1.0
1221	0.0
1222	0.0
1223	0.7692307692307693
1224	0.5
1225	1.0
1226	0.5
1227	0.25
1228	0.6666666666666666
1229	0.0
1230	0.0
1231	0.6666666666666666
1232	0.6
1233	0.6666666666666666
1234	0.5
1235	0.0
1236	0.75
1237	0.75
1238	0.6
1239	1.0
1240	0.7058823529411765
1241	1.0
1242	0.875
1243	0.3333333333333333
1244	0.0
1245	0.6666666666666666
1246	0.0
1247	0.5
1248	0.6666666666666666
1249	0.5555555555555556
1250	0.9090909090909091
1251	1.0
1252	0.0
1253	0.0
1254	0.0
1255	1.0
1256	1.0
1257	0.0
1258	0.0
1259	0.5
1260	0.0
1261	0.6666666666666666
1262	0.0
1263	0.0
1264	1.0
1265	1.0
1266	0.42857142857142855
1267	0.6666666666666666
1268	1.0
1269	0.0
1270	0.0
1271	1.0
1272	1.0
1273	0.0
1274	0.0
1275	0.0
1276	0.3333333333333333
1277	0.3333333333333333
1278	0.3333333333333333
1279	0.25
1280	1.0
1281	0.10526315789473684
1282	0.0
1283	0.0
1284	1.0
1285	0.0
1286	0.0
1287	0.0
1288	0.0
1289	0.4
1290	0.75
1291	0.0
1292	0.5
1293	0.0
1294	0.0
1295	1.0
1296	0.2
1297	0.0
1298	0.5
1299	1.0
1300	0.5
1301	0.5
1302	1.0
1303	1.0
1304	0.4
1305	1.0
1306	0.6666666666666666
1307	0.25
1308	0.5
1309	0.0
1310	0.0
1311	0.0
1312	0.75
1313	0.0
1314	0.4
1315	0.0
1316	0.6666666666666666
1317	0.0
1318	0.0
1319	0.0
1320	0.0
1321	0.16666666666666666
1322	0.0
1323	0.4
1324	1.0
1325	0.2
1326	0.0
1327	0.5714285714285714
1328	0.0
1329	0.0
1330	0.0
1331	0.0
1332	0.0
1333	0.0
1334	0.0
1335	0.6
1336	1.0
1337	0.0
1338	0.0
1339	0.0
1340	0.5
1341	0.14285714285714285
1342	0.0
1343	0.2
1344	0.5
1345	0.0
1346	1.0
1347	0.0
1348	0.6666666666666666
1349	0.0
1350	0.0
1351	1.0
1352	1.0
1353	0.0
1354	0.0
1355	1.0
1356	1.0
1357	1.0
1358	1.0
1359	0.6666666666666666
1360	0.0
1361	0.0
1362	0.5
1363	0.0
1364	0.5714285714285714
1365	0.4666666666666667
1366	0.6666666666666666
1367	1.0
1368	0.7272727272727273
1369	0.6842105263157895
1370	0.4
1371	0.0
1372	0.0
1373	0.0
1374	0.6666666666666666
1375	0.0
1376	0.8
1377	0.0
1378	0.5
1379	0.0
1380	0.0
1381	0.0
1382	1.0
1383	0.0
1384	0.0
1385	0.16666666666666666
1386	0.0
1387	0.0
1388	0.0
1389	0.3333333333333333
1390	0.3333333333333333
1391	0.0
1392	0.5
1393	0.0
1394	0.6
1395	0.5
1396	0.5714285714285714
1397	0.0
1398	1.0
1399	0.0
1400	0.5
1401	0.6666666666666666
1402	1.0
1403	0.0
1404	1.0
1405	0.6666666666666666
1406	0.0
1407	0.125
1408	0.8571428571428571
1409	0.0
1410	0.6666666666666666
1411	1.0
1412	0.5
1413	1.0
1414	0.0
1415	0.3333333333333333
1416	1.0
1417	1.0
1418	1.0
1419	0.0
1420	1.0
1421	0.0
1422	0.5
1423	1.0
1424	0.0
1425	1.0
1426	0.0
1427	0.0
1428	0.0
1429	0.0
1430	0.0
1431	0.5
1432	0.5
1433	0.0
1434	0.0
1435	0.5
1436	1.0
1437	0.0
1438	0.16666666666666666
1439	0.6
1440	0.3333333333333333
1441	0.5
1442	0.0
1443	0.0
1444	0.5
1445	1.0
1446	0.6666666666666666
1447	0.0
1448	0.3333333333333333
1449	0.0
1450	0.0
1451	0.5
1452	0.4
1453	0.0
1454	0.0
1455	0.75
1456	0.0
1457	0.0
1458	1.0
1459	1.0
1460	0.0
1461	0.8846153846153846
1462	1.0
1463	0.0
1464	0.6666666666666666
1465	0.0
1466	1.0
1467	0.6
1468	1.0
1469	0.6666666666666666
1470	0.0
1471	0.3333333333333333
1472	0.0
1473	0.5
1474	0.0
1475	1.0
1476	0.8333333333333334
1477	1.0
1478	0.0
1479	0.8
1480	1.0
1481	0.0
1482	0.5
1483	0.0
1484	0.0
1485	0.5
1486	0.0
1487	0.5714285714285714
1488	0.36363636363636365
1489	0.6666666666666666
1490	0.3333333333333333
1491	0.0
1492	0.5
1493	0.5
1494	1.0
1495	0.6666666666666666
1496	0.8333333333333334
1497	0.0
1498	0.75
1499	1.0
1500	0.0
1501	0.0
1502	0.6666666666666666
1503	0.0
1504	0.0
1505	1.0
1506	0.0
1507	0.25
1508	0.0
1509	0.0
1510	0.0
1511	1.0
1512	0.0
1513	0.5
1514	0.3333333333333333
1515	0.4
1516	1.0
1517	0.0
1518	0.5
1519	0.0
1520	0.3246753246753247
1521	0.6666666666666666
1522	0.0
1523	0.0
1524	0.4
1525	0.0
1526	0.0
1527	0.0
1528	0.0
1529	1.0
1530	1.0
1531	1.0
1532	1.0
1533	0.3333333333333333
1534	0.3333333333333333
1535	0.0
1536	0.6666666666666666
1537	0.2
1538	1.0
1539	0.6
1540	1.0
1541	0.5
1542	0.0
1543	0.5
1544	1.0
1545	0.5
1546	0.0
1547	1.0
1548	0.5
1549	0.5555555555555556
1550	0.16666666666666666
1551	1.0
1552	0.0
1553	0.75
1554	0.5
1555	0.75
1556	0.5
1557	0.3333333333333333
1558	0.2
1559	1.0
1560	0.5
1561	0.0
1562	0.0
1563	0.0
1564	0.0
1565	0.0
1566	0.0
1567	0.5
1568	0.6
1569	0.2727272727272727
1570	1.0
1571	0.25
1572	0.0
1573	0.0
1574	1.0
1575	1.0
1576	0.3333333333333333
1577	0.0
1578	0.0
1579	0.0
1580	0.6666666666666666
1581	0.0
1582	0.0
1583	0.4
1584	0.0
1585	1.0
1586	1.0
1587	1.0
1588	1.0
1589	0.0
1590	0.3333333333333333
1591	0.6666666666666666
1592	0.0
1593	0.0
1594	0.6
1595	0.0
1596	0.0
1597	1.0
1598	0.0
1599	0.1875
1600	0.0
1601	0.0
1602	0.0
1603	0.0
1604	0.0
1605	0.25
1606	0.0
1607	1.0
1608	1.0
1609	0.5
1610	0.14285714285714285
1611	1.0
1612	0.0
1613	0.0
1614	0.6666666666666666
1615	1.0
1616	0.0
1617	0.0
1618	0.9090909090909091
1619	0.0
1620	1.0
1621	0.25
1622	0.6666666666666666
1623	0.3333333333333333
1624	0.0
1625	0.0
1626	1.0
1627	0.0
1628	0.0
1629	0.6666666666666666
1630	0.0
1631	0.5
1632	0.5
1633	0.0
1634	0.0
1635	0.6666666666666666
1636	0.0
1637	0.6666666666666666
1638	0.0
1639	0.0
1640	0.6666666666666666
1641	0.0
1642	0.0
1643	0.2
1644	0.3333333333333333
1645	0.0
1646	1.0
1647	0.0
1648	0.75
1649	0.16666666666666666
1650	0.0
1651	0.5
1652	0.75
1653	0.0
1654	0.0
1655	0.0
1656	0.75
1657	0.0
1658	0.0
1659	0.0
1660	0.0
1661	0.0
1662	0.0
1663	0.0
1664	0.0
1665	0.0
1666	1.0
1667	0.0
1668	0.0
1669	0.0
1670	0.0
1671	0.5
1672	0.0
1673	0.0
1674	0.0
1675	0.5
1676	0.6
1677	0.0
1678	0.0
1679	1.0
1680	0.75
1681	0.6666666666666666
1682	0.8
1683	1.0
1684	1.0
1685	0.0
1686	0.0
1687	0.0
1688	1.0
1689	0.0
1690	0.3333333333333333
1691	0.5
1692	0.0
1693	0.0
1694	0.3333333333333333
1695	0.75
1696	0.0
1697	1.0
1698	0.0
1699	0.0
1700	0.0
1701	0.0
1702	0.0
1703	0.0
1704	1.0
1705	0.0
1706	0.0
1707	0.6666666666666666
1708	0.25
1709	0.0
1710	0.0
1711	0.5
1712	0.5555555555555556
1713	0.0
1714	0.0
1715	1.0
1716	0.75
1717	1.0
1718	0.5
1719	0.0
1720	1.0
1721	0.0
1722	0.0
1723	1.0
1724	1.0
1725	0.6666666666666666
1726	0.0
1727	0.0
1728	0.0
1729	0.0
1730	1.0
1731	0.0
1732	0.0
1733	0.0
1734	0.0
1735	0.0
1736	0.7777777777777778
1737	1.0
1738	0.0
1739	0.0
1740	0.0
1741	0.0
1742	0.2
1743	1.0
1744	0.2857142857142857
1745	0.0
1746	0.5
1747	NaN
1748	0.3333333333333333
1749	0.0
1750	0.0
1751	0.6
1752	0.2222222222222222
1753	0.0
1754	0.0
1755	0.0
1756	0.0
1757	0.38
1758	0.0
1759	0.0
1760	0.0
1761	0.3333333333333333
1762	0.4
1763	1.0
1764	0.0
1765	0.0
1766	1.0
1767	0.0
1768	0.0
1769	0.0
1770	0.0
1771	0.3333333333333333
1772	0.5
1773	0.25
1774	0.3333333333333333
1775	0.0
1776	0.0
1777	0.1
1778	0.0
1779	0.8125
1780	1.0
1781	0.0
1782	0.0
1783	1.0
1784	0.6666666666666666
1785	0.0
1786	0.0
1787	0.0
1788	0.0
1789	0.5
1790	0.0
1791	0.75
1792	0.0
1793	0.8181818181818182
1794	0.2857142857142857
1795	0.6666666666666666
1796	0.0
1797	0.0
1798	0.5454545454545454
1799	0.0
1800	0.8
1801	0.6666666666666666
1802	0.5
1803	0.4166666666666667
1804	1.0
1805	0.0
1806	1.0
1807	0.5714285714285714
1808	1.0
1809	0.4
1810	0.0
1811	0.0
1812	0.0
1813	1.0
1814	0.0
1815	0.5
1816	0.0
1817	1.0
1818	0.0
1819	0.3333333333333333
1820	0.2727272727272727
1821	0.0
1822	1.0
1823	0.0
1824	0.3333333333333333
1825	1.0
1826	0.0
1827	NaN
1828	0.0
1829	0.75
1830	0.3333333333333333
1831	0.5
1832	0.0
1833	0.0
1834	0.6666666666666666
1835	1.0
1836	0.6666666666666666
1837	0.6666666666666666
1838	0.6
1839	0.0
1840	0.5
1841	0.0
1842	0.5
1843	0.625
1844	1.0
1845	0.5714285714285714
1846	0.44
1847	0.8571428571428571
1848	0.0
1849	0.0
1850	0.0
1851	0.9
1852	0.8
1853	0.0
1854	0.0
1855	0.0
1856	0.0
1857	0.3739130434782609
1858	0.0
1859	0.0
1860	0.4
1861	1.0
1862	0.4
1863	0.0
1864	0.0
1865	0.8333333333333334
1866	1.0
1867	0.75
1868	0.0
1869	0.0
1870	0.0
1871	0.0
1872	0.0
1873	0.875
1874	1.0
1875	0.7142857142857143
1876	0.0
1877	0.0
1878	0.0
1879	0.0
1880	0.6
1881	1.0
1882	0.7
1883	0.25
1884	0.0
1885	0.0
1886	0.0
1887	0.6666666666666666
1888	0.75
1889	0.0
1890	0.0
1891	0.0
1892	0.5
1893	1.0
1894	1.0
1895	0.6666666666666666
1896	0.0
1897	0.0
1898	0.5
1899	0.0
1900	NaN
1901	0.0
1902	1.0
1903	0.0
1904	0.3333333333333333
1905	0.0
1906	0.38
1907	0.0
1908	0.0
1909	0.0
1910	0.3602941176470588
1911	0.0
1912	0.0
1913	0.0
1914	0.0
1915	0.5
1916	1.0
1917	1.0
1918	0.0
1919	0.75
1920	0.5
1921	0.0
1922	0.5
1923	0.0
1924	0.0
1925	0.0
1926	0.0
1927	1.0
1928	0.0
1929	0.3333333333333333
1930	0.0
1931	0.0
1932	0.2857142857142857
1933	0.22580645161290322
1934	0.0
1935	0.0
1936	0.0
1937	0.0
1938	0.6666666666666666
1939	0.0
1940	0.0
1941	0.0
1942	0.5
1943	0.16666666666666666
1944	0.0
1945	0.5
1946	0.0
1947	1.0
1948	0.5
1949	0.4
1950	0.0
1951	0.6666666666666666
1952	0.0
1953	0.0
1954	0.6666666666666666
1955	0.5
1956	0.0
1957	0.7142857142857143
1958	0.375
1959	0.0
1960	0.0
1961	0.42857142857142855
1962	0.3333333333333333
1963	0.0
1964	0.0
1965	0.0
1966	0.0
1967	1.0
1968	0.0
1969	0.75
1970	1.0
1971	0.0
1972	0.0
1973	0.5
1974	0.5
1975	0.8333333333333334
1976	0.0
1977	0.0
1978	0.0
1979	0.6
1980	1.0
1981	0.0
1982	0.0
1983	1.0
1984	0.75
1985	0.0
1986	1.0
1987	0.0
1988	1.0
1989	0.0
1990	0.42857142857142855
1991	0.75
1992	0.0
1993	0.7333333333333333
1994	0.25
1995	0.6666666666666666
1996	0.8571428571428571
1997	0.6666666666666666
1998	0.3333333333333333
1999	0.0
2000	0.25
2001	0.0
2002	0.0
2003	0.0
2004	0.8
2005	0.0
2006	0.6666666666666666
2007	0.0
2008	0.0
2009	1.0
2010	0.6666666666666666
2011	0.0
2012	0.0
2013	0.0
2014	1.0
2015	0.0
2016	1.0
2017	0.2
2018	0.0
2019	0.5
2020	0.0
2021	0.0
2022	1.0
2023	0.0
2024	0.0
2025	1.0
2026	0.0
2027	0.0
2028	0.0
2029	0.0
2030	0.0
2031	0.5
2032	0.0
2033	0.0
2034	0.4
2035	0.0
2036	0.0
2037	0.8
2038	0.0
2039	0.0
2040	0.75
2041	0.75
2042	0.75
2043	1.0
2044	1.0
2045	0.0
2046	1.0
2047	0.0
2048	0.6
2049	0.3333333333333333
2050	0.0
2051	0.3333333333333333
2052	0.5
2053	0.0
2054	0.0
2055	0.0
2056	0.13333333333333333
2057	0.7142857142857143
2058	0.75
2059	0.2
2060	0.5
2061	0.0
2062	0.0
2063	0.0
2064	1.0
2065	0.6
2066	1.0
2067	0.18181818181818182
2068	0.0
2069	0.0
2070	0.0
2071	0.8
2072	0.0
2073	0.0
2075	0.5
2076	0.8666666666666667
2077	0.0
2078	0.0
2079	0.5
2080	0.3333333333333333
2081	0.3333333333333333
2082	0.3333333333333333
2083	0.5
2084	0.2
2085	0.2
2086	0.5
2087	0.0
2088	0.5
2089	0.3333333333333333
2090	0.0
2091	0.0
2092	0.0
2093	0.0
2094	0.0
2095	0.0
2096	0.0
2097	1.0
2098	1.0
2099	0.0
2100	0.0
2101	0.0
2102	0.0
2103	0.0
2104	0.5
2105	1.0
2106	1.0
2107	1.0
2108	0.3333333333333333
2109	1.0
2110	0.0
2111	0.6666666666666666
2112	1.0
2113	0.0
2114	0.5
2115	0.0
2116	0.0
2117	1.0
2118	0.0
2119	0.5
2120	0.0
2121	0.0
2122	0.3333333333333333
2123	0.8125
2124	1.0
2125	0.25
2126	0.0
2127	0.0
2128	0.3333333333333333
2129	0.0
2130	0.45454545454545453
2131	0.0
2132	0.0
2133	0.5
2134	0.0
2135	0.0
2136	0.0
2137	0.0
2139	0.0
2140	1.0
2141	1.0
2142	0.0
2143	0.0
2144	0.6666666666666666
2145	0.0
2146	0.25
2147	0.0
2148	0.0
2149	0.0
2150	0.0
2151	0.5
2152	0.625
2153	0.3333333333333333
2154	0.0
2155	0.0
2156	1.0
2157	0.8888888888888888
2158	0.5
2159	1.0
2160	0.75
2161	1.0
2162	0.4
2163	0.9230769230769231
2164	0.0
2165	0.3333333333333333
2166	0.0
2167	0.0
2168	0.64
2169	0.75
2170	0.6666666666666666
2171	0.8076923076923077
2172	0.0
2173	0.0
2174	0.5
2175	0.0
2176	1.0
2177	0.0
2178	0.06666666666666667
2179	1.0
2180	1.0
2181	0.6
2182	0.0
2183	0.6666666666666666
2184	0.0
2185	1.0
2186	0.0
2187	0.6666666666666666
2188	0.0
2189	1.0
2190	0.3333333333333333
2191	0.0
2192	0.0
2193	0.0
2194	0.0
2195	0.0
2196	0.0
2197	0.5
2198	0.0
2199	1.0
2200	0.0
2201	0.0
2202	0.0
2203	1.0
2204	0.0
2205	0.0
2206	0.0
2207	0.0
2208	1.0
2209	0.4444444444444444
2210	0.0
2211	0.0
2212	0.3333333333333333
2213	0.75
2214	0.0
2215	0.4
2216	0.0
2217	1.0
2218	0.5
2219	0.375
2220	0.0
2221	0.0
2222	1.0
2223	0.6666666666666666
2224	0.5
2225	0.0
2226	0.5
2227	0.0
2228	0.0
2229	0.0
2230	0.5
2231	0.6666666666666666
2232	0.0
2233	0.0
2234	1.0
2235	0.0
2236	0.875
2237	0.0
2238	1.0
2239	0.3333333333333333
2240	0.5
2241	0.0
2242	1.0
2243	1.0
2244	0.0
2245	0.0
2246	1.0
2247	0.0
2248	0.0
2249	0.0
2250	0.0
2251	0.0
2252	0.0
2253	1.0
2254	1.0
2255	0.0
2256	0.0
2257	0.0
2258	0.0
2259	0.0
2260	0.0
2261	0.0
2262	0.0
2263	0.0
2264	0.0
2265	0.0
2266	0.0
2267	0.0
2268	0.0
2269	1.0
2270	0.0
2271	1.0
2272	0.0
2273	0.75
2274	0.8333333333333334
2275	0.25
2276	0.0
2277	0.6666666666666666
2278	0.0
2279	0.0
2280	0.6
2281	0.0
2282	0.6666666666666666
2283	0.0
2284	0.0
2285	0.5
2286	0.0
2287	0.5
2288	0.0
2289	1.0
2290	1.0
2291	1.0
2292	0.0
2293	0.5
2294	1.0
2295	1.0
2296	0.16666666666666666
2297	0.5
2298	1.0
2299	1.0
2300	0.0
2301	0.4
2302	0.0
2303	0.75
2304	0.25
2305	0.0
2306	0.2
2307	1.0
2308	0.5
2309	0.6666666666666666
2310	0.0
2311	1.0
2312	0.0
2313	0.0
2314	0.0
2315	0.2
2316	0.4146341463414634
2317	0.4
2318	0.5
2319	1.0
2320	0.0
2321	0.0
2322	1.0
2323	0.0
2324	0.0
2325	0.0
2326	0.0
2327	0.8333333333333334
2328	0.0
2329	0.0
2330	1.0
2331	0.375
2332	0.5
2333	0.0
2334	0.16666666666666666
2335	0.0
2336	0.0
2337	0.5
2338	0.0
2339	0.0
2340	0.75
2341	0.0
2342	0.0
2343	0.5
2344	0.0
2345	0.4
2346	1.0
2347	1.0
2348	0.0
2349	0.0
2350	1.0
2351	0.0
2352	1.0
2353	0.3333333333333333
2354	0.0
2355	1.0
2356	0.5
2357	0.0
2358	0.5
2359	0.0
2360	0.0
2361	0.0
2362	0.0
2363	0.0
2364	0.8333333333333334
2365	0.0
2366	0.0
2367	0.0
2368	0.8333333333333334
2369	0.3333333333333333
2370	1.0
2371	0.0
2372	0.0
2373	0.0
2374	1.0
2375	0.0
2376	0.0
2377	0.25
2378	0.0
2379	0.5
2380	0.5
2381	1.0
2382	0.5
2383	1.0
2384	1.0
2385	1.0
2386	0.3333333333333333
2387	0.0
2388	NaN
2389	0.0
2390	0.0
2391	0.0
2392	0.5
2393	0.7
2394	0.0
2395	NaN
2396	0.0
2397	0.0
2398	0.0
2399	0.0
2400	0.0
2401	0.0
2402	0.0
2403	1.0
2404	1.0
2405	0.0
2406	0.0
2407	0.0
2408	0.8
2409	0.0
2410	0.3333333333333333
2411	NaN
2412	NaN
2413	NaN
2414	0.0
2415	0.0
2416	1.0
2417	0.0
2418	1.0
2419	0.3333333333333333
2420	0.0
2421	0.6
2422	1.0
2423	1.0
2424	1.0
2425	0.0
2426	0.0
2427	0.0
2428	0.0
2429	1.0
2430	0.7142857142857143
2431	0.0
2432	NaN
2433	1.0
2434	0.6666666666666666
2435	0.0
2436	1.0
2437	0.0
2438	0.0
2439	0.3333333333333333
2440	1.0
2441	0.0
2442	0.3333333333333333
2443	1.0
2444	0.3333333333333333
2445	0.8
2446	0.6666666666666666
2447	1.0
2448	1.0
2449	1.0
2450	0.0
2451	0.0
2452	0.0
2453	0.0
2454	0.6666666666666666
2455	0.4
2456	0.25
2457	0.0
2458	1.0
2459	0.75
2460	0.0
2461	0.5
2462	0.5
2463	0.0
2464	0.0
2465	0.0
2466	0.0
2467	0.6666666666666666
2468	0.2857142857142857
2469	1.0
2470	0.0
2471	0.75
2472	0.0
2473	0.25
2474	0.3333333333333333
2475	0.8518518518518519
2476	0.75
2477	0.0
2478	0.0
2479	0.5
2480	0.5
2481	0.5714285714285714
2482	0.875
2483	0.0
2484	0.0
2485	1.0
2486	0.0
2487	0.6
2488	0.0
2489	0.6666666666666666
2490	0.0
2491	0.25
2492	0.5
2493	0.0
2494	1.0
2495	0.7727272727272727
2496	0.0
2497	0.0
2498	0.0
2499	0.0
2500	0.0
2501	0.0
2502	1.0
2503	0.0
2504	0.6666666666666666
2505	0.7
2506	0.0
2507	0.2
2508	0.7777777777777778
2509	0.5
2510	0.0
2511	0.6666666666666666
2512	0.0
2513	0.5
2514	0.6666666666666666
2515	0.0
2516	0.0
2517	0.0
2518	0.3333333333333333
2519	0.3333333333333333
2520	0.6
2521	0.5
2522	0.5
2523	0.8148148148148148
2524	0.6666666666666666
2525	0.25
2526	0.0
2527	0.5
2528	0.0
2529	1.0
2530	0.0
2531	0.0
2532	0.0
2533	0.5
2534	1.0
2535	0.0
2536	0.0
2537	0.0
2538	0.0
2539	0.0
2540	0.3333333333333333
2541	0.0
2542	0.0
2543	0.0
2544	0.2857142857142857
2545	0.0
2546	0.0
2547	NaN
2548	NaN
2549	1.0
2550	0.3333333333333333
2551	0.4117647058823529
2552	0.8333333333333334
2553	0.45454545454545453
2554	0.0
2555	0.0
2556	0.0
2557	0.0
2558	0.0
2559	0.6
2560	0.0
2561	0.0
2562	0.0
2563	0.25
2564	0.8333333333333334
2565	0.0
2566	0.3333333333333333
2567	0.6666666666666666
2568	1.0
2569	0.0
2570	0.5
2571	0.0
2572	1.0
2573	0.0
2574	0.3333333333333333
2575	0.6
2576	0.0
2577	0.0
2578	0.09090909090909091
2579	0.75
2580	0.3333333333333333
2581	0.0
2582	0.14285714285714285
2583	0.0
2584	0.0
2585	1.0
2586	0.6666666666666666
2587	0.0
2588	0.0
2589	0.8571428571428571
2590	1.0
2591	0.3333333333333333
2592	0.3333333333333333
2593	0.5714285714285714
2594	1.0
2595	0.0
2596	0.0
2597	0.5714285714285714
2598	0.75
2599	0.1111111111111111
2600	0.75
2601	0.0
2602	0.0
2603	0.5
2604	0.0
2605	0.6666666666666666
2606	0.16666666666666666
2607	0.8571428571428571
2608	0.0
2609	1.0
2610	0.0
2611	0.0
2612	0.7
2613	1.0
2614	0.14285714285714285
2615	0.5
2616	0.0
2617	0.0
2618	0.6666666666666666
2619	0.16666666666666666
2620	0.0
2621	1.0
2622	1.0
2623	1.0
2624	0.45454545454545453
2625	0.0
2626	0.0
2627	NaN
2628	0.0
2629	1.0
2630	0.4444444444444444
2631	1.0
2632	0.3333333333333333
2633	0.0
2634	0.3333333333333333
2635	0.3333333333333333
2636	0.8
2637	0.5
2638	0.6666666666666666
2639	0.9047619047619048
2640	1.0
2641	1.0
2642	0.5
2643	0.0
2644	0.3333333333333333
2645	0.8
2646	0.5
2647	0.0
2648	0.0
2649	1.0
2650	0.0
2651	1.0
2652	0.0
2653	0.3333333333333333
2654	0.0
2655	0.6
2656	0.0
2657	0.0
2658	0.5
2659	1.0
2660	0.0
2661	0.6
2662	0.75
2663	0.0
2664	0.0
2665	0.0
2666	0.0
2667	1.0
2668	0.0
2669	1.0
2670	0.125
2671	1.0
2672	0.6666666666666666
2673	0.0
2674	0.5862068965517241
2675	0.0
2676	0.3333333333333333
2677	0.0
2678	0.0
2679	0.4
2680	0.5
2681	0.0
2682	0.6666666666666666
2683	0.0
2684	0.0
2685	1.0
2686	1.0
2687	0.0
2688	1.0
2689	0.0
2690	0.0
2691	0.25
2692	0.0
2693	0.0
2694	0.75
2695	0.16666666666666666
2696	0.6666666666666666
2697	0.75
2698	0.3333333333333333
2699	0.0
2700	0.3333333333333333
2701	1.0
2702	0.0
2703	1.0
2704	1.0
2705	1.0
2706	0.0
2707	0.0
2708	0.0
2709	0.5
2710	0.5
2711	0.0
2712	0.5
2713	0.0
2714	0.0
2715	0.0
2716	0.6666666666666666
2717	0.1891891891891892
2718	0.75
2719	0.09523809523809523
2720	0.0
2721	0.8333333333333334
2722	0.6666666666666666
2723	1.0
2724	1.0
2725	1.0
2726	1.0
2727	0.5
2728	0.6666666666666666
2729	0.16666666666666666
2730	0.0
2731	1.0
2732	0.3333333333333333
2733	0.0
2734	0.0
2735	0.3333333333333333
2736	0.0
2737	0.0
2738	0.0
2739	0.0
2740	0.0
2741	0.0
2742	0.5
2743	1.0
2744	0.0
2745	0.75
2746	1.0
2747	1.0
2748	0.0
2749	0.0
2750	0.3333333333333333
2751	0.0
2752	0.6666666666666666
2753	1.0
2754	0.0
2755	0.0
2756	0.0
2757	0.0
2758	0.0
2759	0.3333333333333333
2760	0.0
2761	0.5
2762	1.0
2763	0.0
2764	0.4
2765	0.0
2766	0.0
2767	0.3333333333333333
2768	0.0
2769	0.6666666666666666
2770	0.0
2771	0.0
2772	0.0
2773	1.0
2774	0.0
2775	0.5555555555555556
2776	0.7777777777777778
2777	0.5
2778	0.0
2779	0.875
2780	0.6666666666666666
2781	0.3333333333333333
2782	0.0
2783	0.6666666666666666
2784	0.3333333333333333
2785	0.3333333333333333
2786	0.8
2787	0.0
2788	1.0
2789	0.0
2790	1.0
2791	0.9032258064516129
2792	1.0
2793	0.75
2794	0.14285714285714285
2795	0.0
2796	1.0
2797	0.0
2798	0.7142857142857143
2799	0.75
2800	0.5
2801	0.0
2802	0.9230769230769231
2803	0.3333333333333333
2804	0.75
2805	0.8461538461538461
2806	0.5714285714285714
2807	0.0
2808	0.6666666666666666
2809	0.5
2810	0.0
2811	0.5
2812	0.0
2813	0.6666666666666666
2814	1.0
2815	0.6666666666666666
2816	0.0
2817	1.0
2818	0.0
2819	0.0
2820	0.0
2821	0.6666666666666666
2822	0.75
2823	0.75
2824	0.4
2825	0.6333333333333333
2826	0.0
2827	0.0
2828	0.0
2829	0.5
2830	0.5
2831	0.75
2832	0.6666666666666666
2833	0.5
2834	0.0
2835	0.0
2836	0.5
2837	0.3333333333333333
2838	0.8
2839	0.0
2840	0.8666666666666667
2841	0.6666666666666666
2842	0.0
2843	0.0
2844	0.0
2845	0.0
2846	0.5
2847	0.0
2848	0.2
2849	1.0
2850	0.6666666666666666
2851	0.0
2852	0.0
2853	0.8571428571428571
2854	0.6153846153846154
2855	0.0
2856	0.6153846153846154
2857	0.0
2858	0.0
2859	0.6363636363636364
2860	0.5
2861	1.0
2862	0.75
2863	0.0
2864	0.6
2865	0.0
2866	1.0
2867	0.0
2868	0.0
2869	0.6875
2870	0.5384615384615384
2871	0.8181818181818182
2872	0.7142857142857143
2873	0.5
2874	0.5833333333333334
2875	0.3125
2876	0.6551724137931034
2877	0.6578947368421053
2878	0.3333333333333333
2879	0.0
2880	0.0
2881	0.7619047619047619
2882	0.0
2883	0.0
2884	0.0
2885	0.0
2886	0.0
2887	0.0
2888	0.25
2889	1.0
2890	0.0
2891	1.0
2892	0.0
2893	0.0
2894	0.0
2895	0.0
2896	0.16666666666666666
2897	1.0
2898	0.92
2899	1.0
2900	0.0
2901	0.5
2902	0.5
2903	0.0
2904	0.4
2905	0.0
2906	1.0
2907	0.7948717948717948
2908	0.0
2909	0.0
2910	0.0
2911	0.75
2912	0.0
2913	0.0
2914	1.0
2915	0.2857142857142857
2916	0.7142857142857143
2917	0.0
2918	0.0
2919	0.0
2920	0.0
2921	0.42857142857142855
2922	0.5555555555555556
2923	0.5
2924	0.5
2925	0.4166666666666667
2926	0.8
2927	0.14285714285714285
2928	0.25
2929	0.8
2930	0.35294117647058826
2931	1.0
2932	0.0
2933	0.5
2934	0.0
2935	0.0
2936	0.0
2937	0.0
2938	0.6666666666666666
2939	0.6666666666666666
2940	0.0
2941	0.0
2942	0.0
2943	0.5
2944	0.0
2945	0.3333333333333333
2946	0.0
2947	0.0
2948	0.3333333333333333
2949	0.6666666666666666
2950	0.5
2951	0.6666666666666666
2952	0.75
2953	0.0
2954	0.5
2955	0.4
2956	0.42857142857142855
2957	0.75
2958	0.6666666666666666
2959	0.0
2960	0.75
2961	0.0
2962	0.0
2963	0.5
2964	0.0
2965	1.0
2966	0.4
2967	0.0
2968	0.0
2969	0.7272727272727273
2970	1.0
2971	0.0
2972	0.0
2973	1.0
2974	0.0
2975	0.0
2976	0.42857142857142855
2977	0.3
2978	0.1
2979	0.75
2980	0.0
2981	0.0
2982	0.0
2983	0.75
2984	0.0
2985	0.0
2986	0.3333333333333333
2987	0.75
2988	0.0
2989	0.0
2990	0.0
2991	0.0
2992	0.3333333333333333
2993	0.0
2994	0.0
2995	0.5
2996	1.0
2997	0.0
2998	0.0
2999	1.0
3000	1.0
3001	1.0
3002	0.0
3003	0.0
3004	0.36363636363636365
3005	0.3333333333333333
3006	0.3333333333333333
3007	0.6666666666666666
3008	0.5
3009	0.3333333333333333
3010	0.3333333333333333
3011	0.3333333333333333
3012	0.5
3013	0.16666666666666666
3014	0.6
3015	1.0
3016	0.0
3017	0.3684210526315789
3018	0.0
3019	1.0
3020	0.6875
3021	0.0
3022	0.5625
3023	0.0
3024	0.0
3025	0.5
3026	0.5
3027	0.3333333333333333
3028	0.0
3029	0.25
3030	0.0
3031	1.0
3032	0.0
3033	1.0
3034	0.5454545454545454
3035	0.0
3036	0.5
3037	0.6666666666666666
3038	0.5333333333333333
3039	0.4
3040	0.5
3041	0.375
3042	0.0
3043	0.6666666666666666
3044	0.0
3045	0.0
3046	0.0
3047	0.0
3048	1.0
3049	0.0
3050	0.6
3051	0.2857142857142857
3052	0.0
3053	0.0
3054	0.3333333333333333
3055	0.5
3056	1.0
3057	1.0
3058	1.0
3059	0.0
3060	0.5
3061	0.5
3062	0.0
3063	0.0
3064	0.0
3065	0.0
3066	0.0
3067	0.6
3068	0.6
3069	0.0
3070	0.12
3071	0.7142857142857143
3072	0.0
3073	0.3333333333333333
3074	1.0
3075	0.0
3076	0.0
3077	0.7692307692307693
3078	0.8333333333333334
3079	0.0
3080	0.0
3081	1.0
3082	0.0
3083	1.0
3084	0.0
3085	0.3333333333333333
3086	0.4
3087	1.0
3088	0.0
3089	0.75
3090	0.5
3091	0.5
3092	0.0
3093	0.0
3094	0.8
3095	0.0
3096	0.25
3097	0.0
3098	0.0
3099	0.0
3100	1.0
3101	1.0
3102	0.0
3103	1.0
3104	0.0
3105	0.8
3106	0.375
3107	1.0
3108	0.0
3109	0.5
3110	0.0
3111	0.25
3112	0.4722222222222222
3113	0.75
3114	0.6666666666666666
3115	0.0
3116	0.3333333333333333
3117	0.42857142857142855
3118	0.0
3119	0.0
3120	1.0
3121	0.0
3122	1.0
3123	0.0
3124	0.5
3125	0.0
3126	1.0
3127	0.75
3128	0.0
3129	1.0
3130	0.25
3131	0.16666666666666666
3132	0.0
3133	0.6
3134	0.0
3135	1.0
3136	1.0
3137	0.0
3138	0.0
3139	0.5
3140	0.6
3141	1.0
3142	0.75
3143	0.4
3144	0.0
3145	0.0
3146	1.0
3147	1.0
3148	1.0
3149	0.8571428571428571
3150	0.0
3151	0.3333333333333333
3152	0.0
3153	0.0
3154	0.0
3155	0.5
3156	0.0
3157	0.0
3158	0.0
3159	0.6666666666666666
3160	0.6666666666666666
3161	0.0
3162	1.0
3163	1.0
3164	0.8333333333333334
3165	1.0
3166	0.0
3167	0.8571428571428571
3168	0.9444444444444444
3169	0.0
3170	0.1
3171	0.5
3172	0.0
3173	0.0
3174	0.6666666666666666
3175	0.5
3176	1.0
3177	0.3333333333333333
3178	0.3333333333333333
3179	0.5
3180	1.0
3181	1.0
3182	0.5
3183	0.0
3184	0.0
3185	0.5
3186	1.0
3187	0.5
3188	0.0
3189	1.0
3190	0.2
3191	1.0
3192	0.4
3193	0.0
3194	0.3333333333333333
3195	0.0
3196	0.0
3197	0.0
3198	0.0
3199	0.3333333333333333
3200	0.0
3201	0.0
3202	0.5
3203	1.0
3204	0.0
3205	0.0
3206	0.0
3207	1.0
3208	0.5
3209	0.42857142857142855
3210	1.0
3211	0.5
3212	1.0
3213	0.0
3214	0.0
3215	0.0
3216	0.0
3217	0.2857142857142857
3218	0.0
3219	0.0
3220	0.875
3221	0.0
3222	0.0
3223	0.0
3224	0.0
3225	0.0
3226	0.0
3227	0.0
3228	0.0
3229	1.0
3230	1.0
3231	0.2857142857142857
3232	NaN
3233	0.5
3234	1.0
3235	0.0
3236	0.0
3237	0.0
3238	0.21428571428571427
3239	0.0
3240	0.0
3241	0.5
3242	0.0
3243	0.4
3244	0.0
3245	0.0
3246	0.6
3247	0.0
3248	0.8
3249	1.0
3250	0.0
3251	1.0
3252	0.0
3253	0.0
3254	0.0
3255	0.0
3256	0.25
3257	0.0
3258	0.0
3259	0.6666666666666666
3260	0.0
3261	0.2222222222222222
3262	0.75
3263	0.5
3264	0.3333333333333333
3265	0.0
3266	0.0
3267	0.3333333333333333
3268	0.5714285714285714
3269	0.8
3270	0.75
3271	0.8
3272	0.3333333333333333
3273	0.6666666666666666
3274	1.0
3275	0.0
3276	0.6666666666666666
3277	1.0
3278	0.5
3279	0.0
3280	1.0
3281	1.0
3282	0.3333333333333333
3283	0.0
3284	1.0
3285	0.9230769230769231
3286	0.0
3287	0.0
3288	0.0
3289	0.6666666666666666
3290	0.0
3291	0.0
3292	1.0
3293	0.6666666666666666
3294	1.0
3295	0.875
3296	0.5
3297	0.8333333333333334
3298	1.0
3299	0.0
3300	1.0
3301	0.0
3302	0.5
3303	0.0
3304	0.0
3305	0.25
3306	1.0
3307	0.0
3308	0.5
3309	0.0
3310	0.6666666666666666
3311	0.0
3312	1.0
3313	0.5
3314	0.75
3315	1.0
3316	1.0
3317	1.0
3318	1.0
3319	0.0
3320	0.8333333333333334
3321	1.0
3322	1.0
3323	0.6666666666666666
3324	0.8
3325	0.3333333333333333
3326	0.0
3327	0.5833333333333334
3328	0.0
3329	1.0
3330	1.0
3331	0.0
3332	0.6666666666666666
3333	0.6
3334	0.3333333333333333
3335	0.25
3336	0.7368421052631579
3337	0.8333333333333334
3338	0.375
3339	0.42857142857142855
3340	0.3333333333333333
3341	0.0
3342	0.0
3343	0.0
3344	0.0
3345	0.75
3346	0.625
3347	0.0
3348	0.3333333333333333
3349	0.0
3350	0.0
3351	0.0
3352	0.0
3353	0.5
3354	0.3
3355	1.0
3356	0.2
3357	0.0
3358	0.75
3359	1.0
3360	0.6666666666666666
3361	0.0
3362	1.0
3363	0.0
3364	1.0
3365	0.0
3366	0.75
3367	0.6666666666666666
3368	0.5555555555555556
3369	0.7727272727272727
3370	1.0
3371	1.0
3372	0.875
3373	1.0
3374	0.6666666666666666
3375	0.0
3376	0.0
3377	0.5
3378	1.0
3379	0.0
3380	1.0
3381	0.8
3382	0.4
3383	1.0
3384	0.0
3385	0.0
3386	0.0
3387	1.0
3388	0.6875
3389	0.6666666666666666
3390	0.3333333333333333
3391	0.8
3392	0.0
3393	0.5
3394	0.0
3395	0.6666666666666666
3396	1.0
3397	0.0
3398	0.5
3399	0.5
3400	0.0
3401	0.8421052631578947
3402	1.0
3403	0.0
3404	0.0
3405	1.0
3406	0.3333333333333333
3407	0.75
3408	0.9090909090909091
3409	0.5714285714285714
3410	0.75
3411	0.0
3412	0.0
3413	0.5
3414	0.3333333333333333
3415	0.0
3416	0.5
3417	0.7222222222222222
3418	0.9545454545454546
3419	0.0
3420	0.75
3422	0.0
3423	1.0
3424	0.0
3425	0.0
3426	1.0
3427	1.0
3428	0.3333333333333333
3429	0.75
3430	0.8
3431	0.0
3432	0.0
3433	0.0
3434	0.5
3435	1.0
3436	1.0
3437	0.16666666666666666
3438	0.6666666666666666
3439	0.8666666666666667
3440	0.0
3441	0.0
3442	1.0
3443	0.0
3444	0.4
3445	1.0
3446	0.5
3447	1.0
3448	1.0
3449	1.0
3450	1.0
3451	0.5
3452	0.0
3453	1.0
3454	1.0
3455	1.0
3456	0.4
3457	1.0
3458	1.0
3459	0.0
3460	1.0
3461	0.0
3462	0.0
3463	0.0
3464	0.5
3465	1.0
3466	0.0
3467	0.6666666666666666
3468	1.0
3469	0.8
3470	1.0
3471	0.0
3472	1.0
3473	0.2857142857142857
3474	0.5
3475	0.75
3476	0.0
3477	0.0
3478	0.0
3479	0.5
3480	1.0
3481	0.14285714285714285
3482	0.0
3483	0.0
3484	0.3333333333333333
3485	0.5
3486	0.0
3487	1.0
3488	0.0
3489	0.0
3490	0.9
3491	0.0
3492	0.0
3493	0.0
3494	0.0
3495	0.875
3496	1.0
3497	0.6666666666666666
3498	0.0
3499	1.0
3500	1.0
3501	0.75
3502	0.0
3503	0.0
3504	1.0
3505	0.0
3506	1.0
3507	0.9090909090909091
3508	0.3333333333333333
3509	1.0
3510	0.6071428571428571
3511	0.0
3512	1.0
3513	0.2
3514	0.3333333333333333
3515	1.0
3516	0.3333333333333333
3517	0.0
3518	1.0
3519	0.5
3520	1.0
3521	0.0
3522	0.2
3523	1.0
3524	0.3333333333333333
3525	0.0
3526	0.5
3527	1.0
3528	0.25
3529	0.0
3530	0.0
3531	0.0
3532	1.0
3533	1.0
3534	0.5
3535	0.0
3536	0.875
3537	0.5
3538	0.0
3539	0.0
3540	1.0
3541	0.8571428571428571
3542	1.0
3543	0.8461538461538461
3544	0.35
3545	0.0
3546	0.3333333333333333
3547	0.5714285714285714
3548	0.0
3549	0.8
3550	0.8
3551	0.5714285714285714
3552	0.8
3553	0.6666666666666666
3554	1.0
3555	0.0
3556	1.0
3557	0.6666666666666666
3558	0.5
3560	1.0
3561	0.6666666666666666
3562	1.0
3563	0.3333333333333333
3564	0.25
3565	0.6666666666666666
3566	0.5384615384615384
3567	1.0
3568	0.3333333333333333
3569	0.42857142857142855
3570	0.75
3571	0.8
3572	1.0
3573	0.0
3574	0.8
3575	0.5
3576	1.0
3577	1.0
3578	0.0
3579	0.0
3580	1.0
3581	1.0
3582	0.5
3583	0.0
3584	0.0
3585	0.6666666666666666
3586	0.75
3587	0.5
3588	1.0
3589	1.0
3590	0.6666666666666666
3591	0.4
3592	0.0
3593	0.0
3594	0.2
3595	0.0
3596	0.6666666666666666
3597	0.25
3598	0.0
3599	0.0
3600	1.0
3601	1.0
3602	0.6666666666666666
3603	0.0
3604	0.25
3605	0.0
3606	0.0
3607	1.0
3608	0.6666666666666666
3609	0.0
3610	0.0
3611	0.0
3612	0.0
3613	1.0
3614	1.0
3615	1.0
3616	0.3333333333333333
3617	1.0
3618	0.0
3619	0.25
3620	0.3333333333333333
3621	1.0
3622	0.0
3623	0.0
3624	0.0
3625	0.8888888888888888
3626	0.7
3627	0.7
3628	0.0
3629	1.0
3630	0.0
3631	0.3333333333333333
3632	1.0
3633	0.25
3634	0.5
3635	0.0
3636	0.75
3637	0.2
3638	1.0
3639	0.5
3640	0.2
3641	0.3333333333333333
3642	0.25
3643	0.5714285714285714
3644	0.3333333333333333
3645	0.0
3646	0.0
3647	0.6666666666666666
3648	1.0
3649	0.3333333333333333
3650	0.0
3651	1.0
3652	0.0
3653	0.0
3654	0.0
3655	0.0
3656	0.0
3657	1.0
3658	0.2857142857142857
3659	1.0
3660	0.7777777777777778
3661	0.5
3662	0.0
3663	1.0
3664	0.0
3665	0.0
3666	1.0
3667	0.0
3668	0.0
3669	0.75
3670	1.0
3671	0.75
3672	0.75
3673	0.3333333333333333
3674	0.0
3675	0.0
3676	1.0
3677	0.75
3678	0.6666666666666666
3679	0.8333333333333334
3680	0.6666666666666666
3681	0.6666666666666666
3682	0.5
3683	0.8
3684	1.0
3685	0.4
3686	1.0
3687	0.0
3688	0.75
3689	1.0
3690	0.0
3691	0.0
3692	1.0
3693	0.0
3694	1.0
3695	1.0
3696	0.0
3697	0.0
3698	0.6666666666666666
3699	1.0
3700	0.6666666666666666
3701	0.6
3702	0.0
3703	0.0
3704	0.0
3705	0.5
3706	0.2857142857142857
3707	0.2857142857142857
3708	0.1875
3709	1.0
3710	0.0
3711	0.5
3712	0.0
3713	0.6666666666666666
3714	0.0
3715	0.11764705882352941
3716	0.3333333333333333
3717	0.0
3718	0.6666666666666666
3719	0.0
3720	0.0
3721	0.5833333333333334
3722	1.0
3723	1.0
3724	1.0
3725	0.6666666666666666
3726	0.6666666666666666
3727	0.6666666666666666
3728	0.6666666666666666
3729	1.0
3730	0.125
3731	0.8333333333333334
3732	0.0
3733	1.0
3734	0.0
3735	0.0
3736	0.0
3737	0.0
3738	0.0
3739	0.3333333333333333
3740	0.0
3741	0.6666666666666666
3742	1.0
3743	0.0
3744	0.0
3745	0.0
3746	1.0
3747	0.0
3748	0.0
3749	0.0
3750	1.0
3751	1.0
3752	0.0
3753	1.0
3754	0.0
3755	0.0
3756	0.25
3757	1.0
3758	0.25
3759	0.0
3760	0.0
3761	1.0
3762	0.0
3763	0.0
3764	0.0
3765	0.0
3766	0.6
