1	1
42	1
97	1
128	1
134	1
141	1
290	1
294	1
296	1
302	1
354	1
365	1
385	1
405	1
407	1
435	1
438	1
443	1
473	1
476	1
502	1
504	1
507	1
509	1
510	1
515	1
517	1
561	1
565	1
574	1
629	1
647	1
721	1
905	1
916	1
921	1
923	1
935	1
978	1
1076	1
1282	1
1337	1
1387	1
1393	1
1410	1
1449	1
1450	1
1494	1
1527	1
1547	1
1560	1
1566	1
1581	1
1594	1
1596	1
1723	1
1771	1
2237	1
2240	1
2250	1
2331	1
2452	1
2	2
33	2
367	2
682	2
698	2
700	2
703	2
705	2
726	2
738	2
744	2
781	2
787	2
828	2
832	2
879	2
891	2
1026	2
1032	2
1044	2
1053	2
1054	2
1074	2
1187	2
1213	2
1351	2
1372	2
1374	2
1389	2
1502	2
1517	2
1518	2
1584	2
1618	2
1770	2
1860	2
2044	2
4285	2
3	3
4	4
30	4
47	4
61	4
85	4
89	4
104	4
1227	4
1508	4
5	5
6	5
8	5
12	5
13	5
14	5
15	5
17	5
19	5
20	5
21	5
22	5
23	5
24	5
25	5
26	5
31	5
35	5
37	5
39	5
49	5
50	5
52	5
55	5
57	5
60	5
63	5
64	5
67	5
70	5
71	5
74	5
76	5
77	5
78	5
79	5
80	5
84	5
86	5
92	5
93	5
94	5
95	5
96	5
98	5
101	5
109	5
111	5
113	5
116	5
119	5
122	5
125	5
129	5
130	5
133	5
144	5
146	5
148	5
157	5
166	5
169	5
170	5
179	5
182	5
183	5
189	5
192	5
194	5
197	5
200	5
202	5
204	5
207	5
217	5
221	5
222	5
227	5
233	5
237	5
245	5
246	5
247	5
248	5
249	5
250	5
251	5
253	5
255	5
256	5
257	5
259	5
261	5
262	5
263	5
264	5
265	5
266	5
269	5
270	5
271	5
273	5
275	5
288	5
292	5
298	5
299	5
300	5
301	5
306	5
307	5
308	5
310	5
324	5
325	5
339	5
345	5
347	5
349	5
351	5
353	5
355	5
356	5
363	5
376	5
380	5
381	5
383	5
386	5
398	5
409	5
412	5
415	5
416	5
419	5
420	5
423	5
424	5
427	5
433	5
440	5
442	5
444	5
448	5
450	5
460	5
465	5
470	5
485	5
486	5
491	5
493	5
495	5
499	5
505	5
514	5
516	5
532	5
547	5
564	5
569	5
582	5
584	5
593	5
599	5
605	5
606	5
611	5
616	5
630	5
637	5
638	5
644	5
668	5
674	5
691	5
696	5
708	5
723	5
725	5
734	5
769	5
770	5
773	5
784	5
791	5
802	5
805	5
809	5
817	5
834	5
840	5
849	5
850	5
851	5
854	5
861	5
870	5
878	5
883	5
885	5
896	5
897	5
903	5
965	5
973	5
1003	5
1028	5
1114	5
1117	5
1122	5
1124	5
1125	5
1128	5
1159	5
1171	5
1174	5
1179	5
1192	5
1193	5
1217	5
1239	5
1244	5
1251	5
1255	5
1268	5
1288	5
1346	5
1367	5
1405	5
1425	5
1427	5
1468	5
1469	5
1472	5
1492	5
1497	5
1503	5
1504	5
1525	5
1526	5
1538	5
1549	5
1588	5
1590	5
1611	5
1682	5
1686	5
1693	5
1697	5
1716	5
1757	5
1790	5
1911	5
1912	5
2143	5
2171	5
2431	5
3388	5
7	6
44	6
112	6
9	7
43	7
628	7
10	8
11	8
795	8
1165	8
16	9
18	9
27	10
32	10
136	10
165	10
176	10
303	10
304	10
986	10
1055	10
1243	10
28	11
29	12
38	12
254	12
267	12
279	12
34	13
36	13
45	13
54	13
66	13
72	13
91	13
171	13
190	13
211	13
234	13
242	13
436	13
451	13
771	13
40	14
41	14
48	14
46	15
1008	15
1550	15
2203	15
51	16
117	16
572	16
581	16
2040	16
53	17
198	17
203	17
216	17
218	17
56	18
102	18
103	18
132	18
153	18
154	18
164	18
167	18
58	19
811	19
59	20
62	21
65	22
68	22
69	23
550	23
73	24
196	24
533	24
3385	24
75	25
106	25
115	25
184	25
208	25
1431	25
81	26
82	27
83	28
105	28
87	29
90	29
305	29
1370	29
1725	29
88	30
168	30
488	30
99	31
108	31
123	31
151	31
552	31
814	31
100	32
458	32
518	32
542	32
596	32
609	32
699	32
704	32
743	32
749	32
792	32
794	32
798	32
818	32
954	32
977	32
983	32
1084	32
1085	32
1190	32
1271	32
1343	32
1422	32
1751	32
107	33
110	34
114	35
120	35
137	35
140	35
149	35
150	35
156	35
158	35
160	35
161	35
178	35
201	35
278	35
309	35
359	35
566	35
575	35
665	35
697	35
1658	35
1669	35
1907	35
1942	35
2034	35
2060	35
2245	35
2304	35
2712	35
2954	35
3971	35
118	36
174	36
121	37
124	37
131	37
143	37
145	37
147	37
285	37
457	37
459	37
511	37
717	37
830	37
1002	37
1081	37
1111	37
1219	37
1247	37
1261	37
1275	37
1278	37
1537	37
126	38
437	38
3168	38
127	39
135	39
180	39
291	39
138	40
727	40
732	40
139	41
142	42
152	43
155	44
193	44
199	44
239	44
322	44
327	44
401	44
503	44
573	44
1108	44
1263	44
1462	44
3387	44
3606	44
3628	44
3723	44
3833	44
3854	44
3856	44
159	45
188	45
348	45
357	45
162	46
163	46
181	46
225	46
364	46
449	46
529	46
530	46
531	46
808	46
172	47
214	47
231	47
240	47
481	47
1456	47
1458	47
173	48
175	49
187	49
226	49
1289	49
177	50
186	50
185	51
205	51
215	51
191	52
195	53
206	54
289	54
506	54
618	54
209	55
235	55
1041	55
1042	55
1043	55
1045	55
1047	55
210	56
329	56
333	56
335	56
336	56
337	56
342	56
343	56
344	56
358	56
360	56
366	56
368	56
370	56
371	56
373	56
374	56
375	56
379	56
382	56
388	56
390	56
392	56
393	56
395	56
396	56
399	56
402	56
403	56
417	56
421	56
422	56
428	56
429	56
431	56
432	56
447	56
452	56
454	56
462	56
467	56
469	56
471	56
475	56
477	56
478	56
479	56
483	56
487	56
512	56
540	56
541	56
545	56
548	56
558	56
560	56
563	56
577	56
578	56
579	56
585	56
586	56
587	56
592	56
598	56
601	56
604	56
610	56
612	56
649	56
651	56
669	56
670	56
673	56
706	56
707	56
709	56
735	56
736	56
746	56
747	56
748	56
750	56
752	56
753	56
762	56
774	56
776	56
779	56
782	56
786	56
813	56
815	56
816	56
819	56
821	56
822	56
858	56
864	56
865	56
866	56
868	56
919	56
922	56
924	56
925	56
966	56
967	56
968	56
970	56
976	56
982	56
985	56
988	56
990	56
995	56
998	56
1030	56
1082	56
1095	56
1098	56
1100	56
1131	56
1138	56
1139	56
1145	56
1147	56
1148	56
1164	56
1178	56
1188	56
1197	56
1202	56
1206	56
1226	56
1237	56
1249	56
1280	56
1308	56
1328	56
1403	56
1414	56
1418	56
1420	56
1423	56
1424	56
1453	56
1796	56
1881	56
212	57
213	58
219	59
1694	59
220	60
223	61
224	62
272	62
228	63
229	64
243	64
230	65
280	65
311	65
312	65
313	65
314	65
315	65
316	65
317	65
318	65
319	65
320	65
1113	65
1167	65
232	66
274	66
1490	66
1568	66
236	67
238	68
241	69
252	69
244	70
258	71
260	72
268	73
277	73
284	73
297	73
338	73
361	73
369	73
411	73
413	73
453	73
463	73
480	73
489	73
496	73
497	73
500	73
554	73
559	73
602	73
620	73
622	73
632	73
652	73
657	73
800	73
869	73
898	73
936	73
943	73
950	73
980	73
981	73
1001	73
1155	73
1253	73
1691	73
1702	73
1898	73
1902	73
276	74
281	75
287	75
484	75
282	76
789	76
799	76
893	76
283	77
331	77
286	78
293	79
295	80
321	81
391	81
430	81
600	81
615	81
710	81
712	81
713	81
720	81
991	81
323	82
326	82
328	83
330	84
621	84
690	84
1711	84
332	85
334	86
2055	86
340	87
461	87
3383	87
341	88
346	89
350	90
583	90
1065	90
352	91
362	92
1391	92
1645	92
1671	92
1696	92
1752	92
372	93
544	93
1726	93
377	94
384	94
434	94
660	94
664	94
666	94
904	94
906	94
941	94
1027	94
1029	94
1301	94
1302	94
1303	94
1310	94
1311	94
1315	94
1317	94
1319	94
1325	94
1465	94
1523	94
1783	94
2099	94
2110	94
2127	94
2130	94
2217	94
2488	94
3038	94
3113	94
378	95
425	95
520	95
557	95
387	96
389	97
759	97
394	98
397	99
400	100
525	100
642	100
728	100
729	100
733	100
404	101
406	102
439	102
797	102
801	102
892	102
408	103
625	103
761	103
410	104
643	104
646	104
701	104
913	104
1106	104
1254	104
1286	104
1290	104
1306	104
1532	104
1557	104
2382	104
2384	104
2385	104
2408	104
2416	104
2460	104
3109	104
3123	104
3137	104
3144	104
3346	104
3420	104
3514	104
3593	104
3595	104
3623	104
3791	104
3829	104
414	105
534	105
812	105
857	105
957	105
1067	105
1118	105
1123	105
1995	105
2089	105
2241	105
2301	105
418	106
446	106
522	106
571	106
751	106
902	106
426	107
456	107
472	107
490	107
508	107
537	107
549	107
607	107
641	107
663	107
680	107
684	107
772	107
1088	107
1090	107
1091	107
1157	107
1230	107
1260	107
1267	107
441	108
445	109
455	110
464	111
972	111
1149	111
1152	111
1977	111
1978	111
1989	111
1994	111
1998	111
2003	111
2020	111
2033	111
2045	111
2047	111
2052	111
2059	111
2067	111
2288	111
2290	111
2387	111
2402	111
2405	111
2432	111
2680	111
2711	111
2735	111
2743	111
2744	111
2767	111
2830	111
2960	111
3059	111
466	112
468	113
498	113
538	113
539	113
543	113
546	113
551	113
555	113
556	113
562	113
567	113
576	113
580	113
597	113
614	113
617	113
624	113
971	113
975	113
996	113
997	113
999	113
1005	113
1010	113
1617	113
3740	113
474	114
482	115
656	115
492	116
494	116
521	116
852	116
856	116
1038	116
501	117
535	117
589	117
623	117
627	117
658	117
513	118
766	118
829	118
1071	118
1241	118
519	119
523	120
524	120
526	120
588	120
689	120
831	120
833	120
844	120
845	120
846	120
847	120
860	120
862	120
992	120
993	120
1056	120
1069	120
1093	120
1096	120
1109	120
1166	120
1181	120
1186	120
1194	120
1200	120
1266	120
1270	120
1272	120
1273	120
1344	120
1345	120
1354	120
1356	120
1398	120
1400	120
1505	120
1675	120
1789	120
1791	120
527	121
2206	121
528	122
667	122
1130	122
1132	122
1133	122
1135	122
536	123
553	123
989	123
568	124
907	124
570	125
590	126
591	127
595	127
634	127
1350	127
594	128
603	129
608	130
613	130
731	130
820	130
1143	130
1144	130
1359	130
1360	130
1434	130
619	131
631	131
626	132
672	132
675	132
676	132
677	132
686	132
695	132
739	132
742	132
760	132
1185	132
1195	132
1203	132
1204	132
1210	132
1214	132
1451	132
1773	132
1778	132
633	133
714	133
635	134
636	135
639	136
640	137
1284	137
2467	137
4310	137
645	138
758	138
775	138
793	138
1024	138
1062	138
1092	138
1127	138
1137	138
1140	138
1205	138
1252	138
648	139
683	139
650	140
688	140
1785	140
653	141
654	142
687	142
911	142
930	142
934	142
944	142
1018	142
1023	142
1299	142
1314	142
1316	142
1321	142
1460	142
1464	142
1467	142
1595	142
1762	142
1764	142
1812	142
1872	142
1917	142
2112	142
2113	142
2122	142
2156	142
2448	142
2454	142
2475	142
4072	142
655	143
671	143
715	143
722	143
1040	143
1049	143
2679	143
2733	143
2736	143
2741	143
659	144
661	145
662	145
785	145
1039	145
1050	145
1051	145
1207	145
1212	145
1307	145
1656	145
1707	145
1967	145
2316	145
2341	145
2975	145
678	146
679	147
681	147
685	148
1060	148
2670	148
2683	148
692	149
694	149
702	149
693	150
711	151
718	151
827	151
837	151
889	151
890	151
716	152
719	153
755	153
839	153
1101	153
724	154
1489	154
1498	154
1511	154
1513	154
730	155
737	156
740	156
741	157
873	157
884	157
745	158
756	158
754	159
757	159
763	160
838	160
895	160
910	160
914	160
933	160
940	160
1104	160
1322	160
1338	160
1593	160
3000	160
764	161
765	161
768	161
853	161
1330	161
1348	161
1377	161
1415	161
1440	161
1514	161
767	162
1436	162
1463	162
777	163
778	164
780	165
783	165
964	165
1336	165
788	166
803	166
2147	166
790	167
2057	167
796	168
804	169
806	169
836	169
882	169
994	169
1000	169
1066	169
1073	169
1078	169
1087	169
1209	169
1216	169
1238	169
1246	169
1264	169
1357	169
1365	169
1366	169
1439	169
1478	169
1530	169
1539	169
807	170
841	170
1339	170
810	171
823	172
824	173
835	173
1035	173
825	174
826	174
876	174
912	174
1068	174
1129	174
1136	174
842	175
855	175
874	175
875	175
843	176
848	176
859	177
1037	177
863	178
867	179
1097	179
1103	179
1169	179
1173	179
1419	179
1536	179
1543	179
1556	179
2085	179
871	180
881	180
888	180
1105	180
1180	180
1191	180
1433	180
872	181
877	182
880	183
900	183
901	183
908	183
2035	183
886	184
887	185
894	186
1121	186
1329	186
899	187
909	188
915	188
917	189
1858	189
2340	189
2362	189
918	190
920	190
927	190
1510	190
1520	190
1521	190
1522	190
1979	190
1988	190
926	191
928	191
931	191
929	192
932	192
1215	192
1220	192
1452	192
937	193
1153	193
2165	193
938	194
939	194
945	194
960	194
1006	194
1009	194
1012	194
1017	194
1025	194
1168	194
1182	194
1183	194
1223	194
1279	194
1438	194
1515	194
1535	194
1555	194
1769	194
2026	194
2105	194
2109	194
2131	194
2141	194
2190	194
942	195
947	195
959	195
961	195
963	195
969	195
974	195
3386	195
946	196
948	196
1112	196
1150	196
1170	196
1706	196
1741	196
1743	196
1745	196
1766	196
2161	196
949	197
956	197
1309	197
1312	197
1320	197
1383	197
1384	197
1426	197
1442	197
1443	197
1459	197
1474	197
2002	197
2091	197
4198	197
4199	197
951	198
952	199
953	200
958	200
1015	200
1016	200
1070	200
1072	200
1075	200
1077	200
1079	200
1080	200
1798	200
955	201
1021	201
1031	201
1061	201
962	202
1059	202
979	203
1086	203
1548	203
2133	203
984	204
987	205
1004	206
1036	206
1437	206
1445	206
1007	207
1022	207
1033	207
1394	207
1432	207
1011	208
1013	209
1014	210
1019	211
1020	212
1034	213
1404	213
1740	213
1930	213
1974	213
2009	213
1046	214
1048	215
1293	215
1052	216
1057	216
1221	216
1229	216
3090	216
1058	217
1063	218
1064	219
1099	219
1083	220
1089	221
1116	221
1120	221
1163	221
1172	221
1175	221
1326	221
1094	222
1240	222
2433	222
1102	223
2185	223
1107	224
1110	225
1115	226
1119	227
1126	228
2038	228
1134	229
1151	229
1281	229
1402	229
1141	230
1161	230
1177	230
1198	230
1199	230
1201	230
1142	231
1156	231
1184	231
1146	232
1154	233
1256	233
1485	233
1158	234
1160	234
1162	235
1176	236
1189	237
1196	238
1332	238
1684	238
1685	238
1705	238
1208	239
1211	240
1218	241
1222	242
1224	242
1225	242
1236	242
1283	242
2173	242
2174	242
2189	242
2194	242
1228	243
1235	243
1491	243
1551	243
1662	243
2149	243
2479	243
2481	243
1231	244
1232	244
1274	244
1276	244
1277	244
1313	244
1364	244
1379	244
1233	245
1234	245
1242	246
1546	246
1245	247
1248	247
1250	248
1257	249
1258	250
1265	250
1287	250
1291	250
1304	250
1323	250
1381	250
1399	250
1413	250
1488	250
1493	250
1496	250
1529	250
1561	250
1639	250
1695	250
1797	250
1811	250
1847	250
1874	250
1878	250
1897	250
1900	250
1919	250
1928	250
2111	250
2123	250
2148	250
2152	250
2476	250
2505	250
2710	250
2799	250
3030	250
3036	250
1259	251
1292	251
1335	251
1375	251
1406	251
1262	252
1672	252
1739	252
1748	252
1810	252
1834	252
1835	252
1269	253
1296	253
1298	253
1380	253
1285	254
2106	254
1294	255
1295	255
1297	256
1300	257
1305	258
1318	258
1324	259
1373	259
1376	259
1395	259
2649	259
1327	260
1408	260
1531	260
1659	260
2463	260
1331	261
1392	261
1466	261
1477	261
1509	261
1524	261
1333	262
1334	263
1340	264
1341	265
1349	265
1369	265
1388	265
1476	265
1570	265
1692	265
1724	265
2030	265
1342	266
1353	266
1355	266
1361	266
1390	266
1444	266
1448	266
1482	266
1483	266
1347	267
1409	267
1516	267
1528	267
1572	267
1352	268
1358	268
1553	268
1649	268
1652	268
1701	268
1899	268
1362	269
1363	269
2056	269
2543	269
1368	270
1569	270
1603	270
1604	270
1371	271
1396	271
1401	271
1411	271
1873	271
1875	271
2459	271
1378	272
1382	273
1385	274
1417	274
1421	274
1441	274
1758	274
1759	274
1822	274
2058	274
1386	275
1397	275
1407	276
2170	276
1412	277
1446	277
1486	277
1850	277
1868	277
1416	278
1632	278
1428	279
1429	279
1430	280
1435	281
1447	282
1454	283
1545	283
1558	283
1583	283
1753	283
1755	283
1756	283
1808	283
1817	283
1823	283
1827	283
1833	283
1913	283
1915	283
1918	283
2121	283
2172	283
2229	283
4287	283
1455	284
1499	284
1601	284
1612	284
1619	284
1622	284
1624	284
1627	284
1660	284
1668	284
1690	284
1699	284
1714	284
1722	284
1732	284
1763	284
1792	284
1826	284
1905	284
1962	284
1982	284
2001	284
2010	284
2065	284
2088	284
1457	285
1461	286
1470	287
1507	287
1471	288
1473	288
1589	288
1475	289
1500	289
1599	289
1600	289
1620	289
1479	290
1480	290
1487	290
1698	290
1710	290
1760	290
1780	290
1804	290
2258	290
2596	290
2646	290
2701	290
2706	290
2708	290
3063	290
3070	290
3077	290
3081	290
3082	290
3084	290
3126	290
3128	290
3130	290
3133	290
3139	290
1481	291
1533	291
1534	291
1567	291
1651	291
2140	291
2154	291
2234	291
2392	291
2495	291
2567	291
2631	291
2760	291
2762	291
1484	292
1501	292
1541	292
1565	292
1571	292
1573	292
1579	292
1598	292
1495	293
1512	293
1519	293
1544	293
1552	293
1582	293
1586	293
1606	293
1608	293
1613	293
1616	293
1631	293
1641	293
1506	294
1540	295
1587	295
1592	295
1542	296
1625	296
1666	296
1678	296
1554	297
1559	298
1591	298
1615	298
1635	298
1643	298
1676	298
1562	299
1580	299
1719	299
1857	299
1563	300
1564	301
1749	301
1782	301
1814	301
1861	301
1863	301
1574	302
1607	302
1679	302
1688	302
1575	303
1864	303
1865	303
1866	303
1867	303
1870	303
2399	303
1576	304
4184	304
1577	305
1578	306
1585	307
1605	307
1597	308
1602	309
1609	310
1626	310
1721	310
1738	310
1800	310
1882	310
1610	311
1623	311
1674	311
1991	311
1614	312
1621	312
1628	313
1709	313
1712	313
1734	313
1629	314
1904	314
2037	314
2039	314
1630	315
1634	315
1640	315
1647	315
1657	315
1663	315
1665	315
1667	315
1633	316
1661	316
1636	317
1637	318
1638	319
1893	319
1642	320
1644	321
1687	321
1765	321
1959	321
1646	322
1650	322
1673	322
1793	322
1648	323
1653	324
1813	324
2117	324
2132	324
2226	324
2238	324
2309	324
2313	324
2318	324
2455	324
2653	324
1654	325
2029	325
2093	325
1655	326
1664	327
1781	327
1670	328
1677	329
1683	329
1680	330
1681	331
1689	332
1700	333
1703	333
1737	333
1837	333
1871	333
1896	333
1901	333
1906	333
1704	334
1718	334
1733	334
1736	334
1708	335
1713	336
1735	336
1746	336
1767	336
1768	336
1805	336
1825	336
1992	336
2228	336
2232	336
2262	336
2266	336
1715	337
1717	337
1774	337
1775	337
1830	337
1720	338
1761	338
1727	339
1728	340
2017	340
2192	340
2282	340
2312	340
2446	340
1729	341
1794	341
1806	341
1816	341
1819	341
1821	341
1824	341
1828	341
1831	341
2016	341
2022	341
2090	341
2103	341
2146	341
2158	341
2447	341
2451	341
2500	341
1730	342
1859	342
1731	343
1742	343
1744	344
1747	344
1750	345
2015	345
2063	345
2064	345
2066	345
2343	345
2599	345
2939	345
3008	345
3604	345
1754	346
1772	347
1776	347
1777	347
1788	347
1779	348
1895	348
1932	348
1784	349
1787	349
1929	349
1786	350
1795	351
1803	351
1799	352
1801	352
1802	353
1807	354
1880	354
2077	354
1809	355
1815	356
1818	357
1820	358
1829	358
1876	358
1877	358
1883	358
1975	358
1980	358
1981	358
2012	358
2013	358
2108	358
2283	358
2328	358
1832	359
1838	359
1839	359
1842	359
1843	359
1844	359
1849	359
1851	359
1853	359
1869	359
1885	359
1890	359
1935	359
1993	359
2204	359
2208	359
2210	359
2249	359
2261	359
2285	359
2289	359
2338	359
2400	359
1836	360
1840	361
1841	361
1854	361
1855	361
1862	361
1845	362
1846	362
1852	362
1894	362
1910	362
1914	362
1921	362
1922	362
1999	362
1848	363
1856	363
1892	363
1879	364
1884	365
1889	365
1903	365
1923	365
1886	366
1887	366
1888	367
1891	367
1936	367
1908	368
1909	368
1916	369
2274	369
1920	370
1924	370
1925	370
1934	370
1949	370
2024	370
1926	371
1927	372
1931	372
1960	372
1987	372
2036	372
2211	372
2242	372
1933	373
1939	373
1964	373
1937	374
1938	374
1943	374
1944	374
1950	374
2277	374
1940	375
2070	375
1941	376
1946	376
1951	376
1972	376
2270	376
2271	376
3935	376
1945	377
1952	377
1953	377
1954	377
1955	377
1956	377
1957	377
1958	377
1947	378
1948	378
1968	378
1961	379
1965	379
1966	379
1971	379
1985	379
1963	380
1969	380
1973	380
1970	381
1986	381
2025	381
1976	382
1983	382
1984	382
1990	383
1996	384
1997	384
2014	384
2184	384
2215	384
2305	384
2369	384
2000	385
2297	385
2299	385
2004	386
2005	386
2007	386
2011	386
2006	387
2008	388
2046	388
2018	389
2023	389
2041	389
2042	389
2043	389
2062	389
2087	389
2019	390
2021	390
2027	391
2031	391
2032	391
2150	391
2168	391
2028	392
2164	392
2197	392
2048	393
2049	394
2050	395
2051	396
2053	397
2054	398
2061	398
2068	399
2169	399
2069	400
2071	401
2073	401
2072	402
2076	402
2084	402
2074	403
2075	403
2081	403
2116	403
2078	404
2080	404
2082	404
2083	404
2119	404
2449	404
2079	405
2086	406
2092	407
2094	408
2095	409
2097	409
2107	409
2138	409
2157	409
2096	410
2098	411
2100	412
2101	412
2102	413
2104	414
2135	414
2300	414
2114	415
2115	415
2118	416
2120	416
2126	416
2124	417
2125	418
2542	418
2128	419
2129	419
2134	420
2137	420
2136	421
2144	421
2139	422
2142	422
2145	423
2329	423
2347	423
2151	424
2153	424
2181	424
2257	424
2260	424
2155	425
2167	425
2180	425
2195	425
2198	425
2207	425
2255	425
2267	425
2159	426
2160	426
2162	426
2175	426
2205	426
2230	426
2239	426
2163	427
2325	427
2552	427
2560	427
2583	427
2585	427
2594	427
2648	427
2816	427
2818	427
2937	427
2166	428
2244	428
2621	428
2176	429
2177	429
2178	430
2179	431
2182	431
2442	431
2490	431
2493	431
2183	432
2458	432
2462	432
2474	432
2498	432
2668	432
2684	432
2186	433
2187	433
2200	433
2269	433
2188	434
2219	434
2222	434
2191	435
2193	436
2259	436
2320	436
2321	436
2354	436
2358	436
2397	436
2443	436
2783	436
2785	436
2796	436
2797	436
2196	437
2231	437
2235	437
2199	438
2209	438
2212	438
2251	438
2268	438
2275	438
2284	438
2286	438
2287	438
2298	438
2302	438
2303	438
2342	438
2357	438
2374	438
2477	438
2499	438
2530	438
2547	438
2569	438
4299	438
2201	439
2233	439
2480	439
2483	439
2202	440
2213	441
2216	441
2214	442
2218	442
2220	442
2221	442
2224	442
2254	442
2223	443
3902	443
3904	443
3910	443
2225	444
2227	444
2243	444
2246	444
2236	445
2247	446
2248	447
2278	447
2252	448
2310	448
2334	448
2337	448
2349	448
2377	448
2253	449
2256	450
2272	450
2273	450
2276	450
2279	450
2291	450
2293	450
2296	450
2335	450
2263	451
2264	451
2469	451
2470	451
2835	451
2842	451
3183	451
3251	451
3275	451
2265	452
2292	452
2280	453
2281	454
2314	454
2315	454
2317	454
2330	454
2344	454
2486	454
2873	454
2893	454
2936	454
3015	454
3056	454
3061	454
2294	455
2295	455
2356	455
2306	456
2351	456
2353	456
2359	456
2363	456
2378	456
2307	457
2311	457
2332	457
2333	457
2424	457
2308	458
2319	458
2323	458
2327	458
2339	458
2322	459
2336	459
2371	459
2383	459
2324	460
2326	460
2345	460
2428	460
2429	460
2434	460
2346	461
2350	461
2348	462
2381	462
3185	462
3186	462
2352	463
2380	463
2355	464
2401	464
2360	465
2361	465
2364	466
2365	466
2366	467
2367	468
2368	469
2370	470
2372	471
2376	471
2386	471
2388	471
2389	471
2373	472
2422	472
2423	472
2441	472
2375	473
2379	474
2390	474
3005	474
3021	474
3027	474
3347	474
3492	474
3742	474
2391	475
2394	475
2396	475
2419	475
2393	476
2395	477
4297	477
2398	478
2426	478
2430	478
2403	479
2420	479
2485	479
2487	479
2628	479
2404	480
2406	480
2407	480
2409	481
2411	481
2413	481
2410	482
2412	482
2414	483
2418	483
2415	484
2417	484
2544	484
2582	484
2586	484
2610	484
2652	484
2656	484
2669	484
2694	484
2705	484
2739	484
2421	485
2427	485
2437	485
2445	485
2492	485
2510	485
2425	486
2435	487
2612	487
2436	488
2440	488
2438	489
2439	489
2444	490
2472	490
2484	490
2450	491
2453	492
2457	492
2528	492
2456	493
2517	493
2461	494
2563	494
2613	494
2464	495
2468	495
2473	495
2516	495
2465	496
2466	496
2471	497
2515	497
2478	498
2482	498
2489	499
2491	500
2494	501
2501	501
2502	501
2503	501
2496	502
2514	502
2497	503
2506	503
2504	504
2507	504
2508	505
2509	505
2511	505
2518	505
2512	506
2513	506
2519	507
2572	507
2578	507
2623	507
2520	508
2521	509
2523	509
2525	509
2541	509
2522	510
2526	510
2625	510
2524	511
2828	511
2910	511
2951	511
2527	512
2529	512
2533	512
2535	512
2536	512
2540	512
2546	512
2549	512
2531	513
2534	513
2537	513
2539	513
2556	513
2568	513
2532	514
2548	514
2538	515
2545	515
2550	516
2557	516
2576	516
2611	516
2629	516
2551	517
2570	517
2573	517
2577	517
2584	517
2553	518
2554	519
2571	519
2579	519
2580	519
2555	520
2574	520
2575	520
2581	520
2801	520
2812	520
2558	521
2562	521
2559	522
2564	522
2566	522
2598	522
2600	522
2604	522
2561	523
2795	523
2813	523
2565	524
2592	524
2654	524
2587	525
2608	525
2789	525
2588	526
2591	526
2589	527
2590	527
2593	528
2595	528
2603	528
2635	528
2597	529
2601	529
2606	529
2602	530
2609	530
2618	530
2619	530
2620	530
2605	531
2607	532
2614	533
2616	533
2624	533
2626	533
2636	533
2642	533
2685	533
2615	534
2617	535
2622	535
3888	535
2627	536
2630	537
2632	538
2634	538
2645	538
2647	538
3295	538
2633	539
2637	540
2661	540
2664	540
2671	540
2673	540
2677	540
2697	540
2815	540
2638	541
2640	541
2639	542
2641	543
2644	543
2643	544
2663	544
2909	544
2650	545
2659	545
2651	546
2660	546
2666	546
2672	546
2675	546
2814	546
2952	546
2655	547
2667	547
2734	547
2657	548
2690	548
2703	548
2658	549
2662	550
2665	551
2754	551
2674	552
2678	552
2676	553
2681	553
2682	553
2686	553
2687	553
2688	553
2689	553
2692	553
2695	553
2696	553
2698	553
2702	553
2704	553
2707	553
2709	553
2714	553
2715	553
2717	553
2718	553
2721	553
2809	553
2691	554
2700	554
2749	554
2787	554
2798	554
2800	554
2693	555
2699	555
2750	555
2751	555
2774	555
2790	555
2713	556
2716	556
2719	557
2720	557
2722	557
2761	557
2773	557
2777	557
2778	557
2723	558
2724	558
2725	559
2726	559
2728	559
2731	559
2769	559
2770	559
2727	560
2732	560
2737	560
2756	560
2811	560
2729	561
2730	561
2810	561
2837	561
2838	561
2738	562
2780	562
2788	562
2805	562
2740	563
2742	563
2757	563
2758	563
2807	563
2821	563
2833	563
2745	564
2747	564
2748	564
2752	564
2753	564
2768	564
2772	564
2806	564
2746	565
2808	565
2755	566
2759	567
2763	568
2794	568
2764	569
2771	569
2784	569
2870	569
2765	570
2766	570
2775	571
2776	572
2779	573
2781	574
2782	575
2786	576
2793	576
2861	576
2867	576
2875	576
2968	576
3029	576
3131	576
3134	576
3135	576
3145	576
3174	576
2791	577
2792	577
2802	577
2803	577
2804	578
2817	578
2820	578
2819	579
2822	579
2823	579
2824	579
2859	579
2825	580
2826	580
2827	580
2829	580
2831	580
2836	580
2849	580
2850	580
2852	580
2857	580
2865	580
2991	580
2992	580
2996	580
2998	580
3010	580
3264	580
3287	580
3297	580
3298	580
3299	580
3302	580
3392	580
2832	581
2834	581
2851	581
2839	582
2895	582
2840	583
2843	583
2844	583
2863	583
2883	583
2841	584
2845	584
2846	584
2855	584
2858	584
2877	584
2879	584
2880	584
2888	584
2890	584
2905	584
2912	584
2929	584
2931	584
2935	584
2945	584
2956	584
2959	584
2969	584
3306	584
3401	584
3406	584
3438	584
3446	584
3447	584
3448	584
3449	584
3450	584
3451	584
3452	584
3458	584
3460	584
3461	584
3471	584
3484	584
2847	585
2848	585
2886	585
2971	585
2984	585
2853	586
2854	586
2862	586
2856	587
2884	587
2885	587
2938	587
2953	587
2958	587
2860	588
2864	588
2878	588
2882	588
2891	588
2892	588
2922	588
2866	589
2907	589
2868	590
2869	590
2871	590
2872	590
2908	590
2923	590
2964	590
2874	591
2876	591
2906	591
2911	591
2925	591
2927	591
2928	591
2934	591
2946	591
2947	591
2957	591
2881	592
2887	593
2889	594
2898	594
2899	594
2894	595
2903	595
2896	596
2897	596
2900	597
2902	597
2901	598
2917	598
3205	598
3206	598
3216	598
3313	598
3354	598
2904	599
2913	600
2914	600
2915	600
2916	600
2918	600
2924	600
2926	600
2943	600
2948	600
3034	600
2919	601
2920	601
2932	601
2933	601
2955	601
2961	601
3292	601
2921	602
3655	602
2930	603
2940	604
3149	604
2941	605
2942	605
3009	605
2944	606
2949	606
2950	606
2962	607
2963	607
2965	607
2966	607
2967	607
2970	607
2972	607
2980	607
2982	607
2973	608
2974	608
2976	608
2977	608
2979	608
2981	608
2997	608
3014	608
3018	608
3093	608
2978	609
3092	609
3094	609
3116	609
2983	610
2985	611
2987	611
2988	611
2990	611
2999	611
3012	611
3013	611
3025	611
2986	612
2989	612
2993	613
2994	614
3002	614
3007	614
2995	615
3003	615
3022	615
3153	615
3182	615
3190	615
3198	615
3001	616
3004	616
3006	616
3011	616
3020	616
3023	616
3016	617
3167	617
3173	617
3381	617
3017	618
3028	618
3033	618
3035	618
3064	618
3065	618
3068	618
3089	618
3125	618
3019	619
3024	620
3032	620
3095	620
3140	620
3143	620
3201	620
3259	620
3310	620
3026	621
3031	622
3037	623
3039	624
3043	624
3046	624
3055	624
3146	624
3147	624
3156	624
3157	624
3262	624
3270	624
3040	625
3044	625
3047	625
3188	625
3194	625
3260	625
3041	626
3049	626
3060	626
3042	627
3045	627
3048	627
3261	627
3050	628
3052	628
3053	628
3051	629
3184	629
3054	630
3103	630
3112	630
3114	630
3132	630
3175	630
3057	631
3085	631
3099	631
3119	631
3122	631
3150	631
3177	631
3058	632
3074	632
3075	632
3087	632
3180	632
3181	632
3187	632
3189	632
3214	632
3062	633
3066	634
3067	634
3073	634
3086	634
3091	634
3069	635
3071	636
3076	636
3072	637
3079	637
3127	637
3078	638
3141	638
3163	638
3193	638
3195	638
3080	639
3083	639
3088	639
3972	639
3991	639
3992	639
4027	639
4104	639
3096	640
3098	640
3097	641
3129	641
3136	641
3148	641
3154	641
3290	641
3100	642
3102	642
3105	642
3107	642
3110	642
3117	642
3101	643
3108	643
3305	643
3104	644
3106	645
3118	645
3124	645
3111	646
3152	646
3176	646
3229	646
3115	647
3120	648
3121	648
3166	648
3138	649
3142	650
3151	651
3162	651
3263	651
3324	651
3155	652
3158	652
3160	652
3283	652
3289	652
4157	652
3159	653
3161	653
3170	653
3172	653
3402	653
3164	654
3169	654
3171	654
3165	655
3178	656
3191	656
3269	656
3273	656
4213	656
3179	657
3230	657
3265	657
3268	657
3271	657
3192	658
3207	658
3196	659
3200	659
3226	659
3197	660
3208	660
3215	660
3217	660
3218	660
3436	660
3443	660
4112	660
4212	660
3199	661
3202	661
3203	662
3210	662
3257	662
3258	662
3266	662
3204	663
3246	663
3248	663
3272	663
3311	663
3344	663
3353	663
3361	663
3364	663
3209	664
3213	664
3219	664
3222	664
3240	664
3211	665
3225	665
3231	665
3234	665
3235	665
3236	665
3237	665
3238	665
3239	665
3212	666
3232	666
3233	666
3220	667
3221	667
3223	667
3243	667
3244	667
3245	667
3250	667
3252	667
3253	667
3254	667
3276	667
3277	667
3423	667
3453	667
3224	668
3227	669
3228	669
3241	670
3242	670
3247	670
3249	670
3255	671
3256	671
3267	672
3285	672
3291	672
3300	672
3301	672
3303	672
3340	672
3341	672
3345	672
3441	672
3274	673
3368	673
3370	673
3373	673
3393	673
3394	673
3489	673
3278	674
3369	674
3371	674
3378	674
3279	675
3280	676
3282	676
3296	676
3281	677
4114	677
3284	678
3286	678
3293	678
3294	678
3288	679
3304	680
3307	680
3309	680
3312	680
3315	680
3316	680
3317	680
3318	680
3326	680
3327	680
3333	680
3334	680
3337	680
3338	680
3342	680
3349	680
3350	680
3352	680
3356	680
3363	680
3372	680
3308	681
3314	682
3343	682
3357	682
4111	682
3319	683
3325	683
3359	683
3320	684
3321	684
3322	685
3329	685
3323	686
3358	686
4110	686
3328	687
3330	688
3331	688
3332	688
3335	689
3339	689
3336	690
3607	690
3627	690
3631	690
3348	691
3390	691
3424	691
3351	692
3464	692
3465	692
3466	692
3467	692
3501	692
3355	693
3360	694
3365	694
3362	695
3379	695
3366	696
3397	696
3367	697
3377	697
3398	697
3412	697
3425	697
3433	697
3721	697
3887	697
3919	697
4187	697
4207	697
3374	698
3419	698
3462	698
3463	698
3497	698
3505	698
3375	699
3439	699
3506	699
3541	699
3556	699
3615	699
3376	700
3380	701
3422	701
3504	701
3524	701
3382	702
3384	702
3396	702
3403	702
3404	702
3410	702
3426	702
3428	702
3431	702
3442	702
3444	702
3389	703
3391	703
3395	703
3437	703
3494	703
3496	703
3399	704
3400	705
3405	706
3407	706
3408	706
3409	706
3811	706
3821	706
3411	707
3445	707
3491	707
3493	707
3511	707
3512	707
3413	708
3414	708
3415	708
3416	708
3417	708
3418	708
3421	709
3427	710
3429	710
3430	710
3440	710
3432	711
3475	711
3480	711
3481	711
3483	711
3434	712
3513	712
3527	712
3529	712
4109	712
3435	713
3454	714
3473	714
3528	714
3455	715
3457	715
3474	715
3456	716
3459	717
3468	717
3469	717
3470	717
3472	717
3482	717
3486	717
3487	717
3490	717
3500	717
3502	717
3508	717
3523	717
3584	717
3476	718
3477	718
3478	719
3479	719
3485	720
3488	720
3495	720
3498	720
3503	720
3526	720
3534	720
3756	720
3499	721
3530	721
3600	721
3601	721
3507	722
3509	722
3510	722
3516	722
3517	722
3518	722
3547	722
3515	723
3522	723
3531	723
3554	723
4108	723
4130	723
3519	724
3520	724
3521	724
3525	724
3532	725
3538	725
3539	725
3540	725
3545	725
3548	725
3635	725
3639	725
3640	725
3641	725
3533	726
3535	727
3610	727
3621	727
3651	727
3536	728
3537	728
3852	728
3853	728
3542	729
3558	729
3559	729
3561	729
3572	729
3574	729
3575	729
3543	730
3544	730
3555	730
3560	730
3565	730
3566	730
3616	730
3618	730
3619	730
3620	730
3546	731
3549	731
3552	731
3557	731
3562	731
3563	731
3564	731
3567	731
3569	731
3576	731
3577	731
3578	731
3579	731
3580	731
3581	731
3550	732
3583	732
3586	732
3587	732
3591	732
3592	732
3632	732
3551	733
3553	733
3568	734
3570	734
3571	734
3573	734
3588	734
3589	734
3603	734
3605	734
3626	734
3857	734
3582	735
3594	735
3585	736
3590	736
3596	737
3597	737
3598	737
3630	737
3633	737
3634	737
3599	738
3602	738
3625	738
3629	738
3645	738
3647	738
3650	738
3653	738
3659	738
3660	738
3726	738
3731	738
3732	738
4066	738
4094	738
4298	738
3608	739
3609	739
3611	740
3612	741
3613	742
3614	742
3617	742
3622	742
3624	742
3636	743
3637	743
3644	743
3780	743
3638	744
3642	745
3652	745
3643	746
3646	747
3654	747
3656	747
3666	747
3689	747
3701	747
3707	747
3715	747
3648	748
3649	749
3657	749
3658	749
3672	749
3682	749
3690	749
3693	749
3661	750
3676	750
3662	751
3663	752
3700	752
3708	752
3664	753
3665	753
3675	753
3735	753
3744	753
3667	754
3671	754
3695	754
3800	754
4032	754
4035	754
3668	755
3692	755
3716	755
3669	756
3670	756
3673	756
3674	756
3679	756
3680	756
3681	756
3683	756
3687	756
3691	756
3677	757
3678	757
3688	757
3696	757
3745	757
3746	757
3754	757
3757	757
3793	757
3820	757
3684	758
3685	758
3686	758
3790	758
3694	759
3706	759
3729	759
3697	760
3705	760
3720	760
3698	761
3699	762
3718	762
3722	762
3779	762
3781	762
3782	762
3702	763
3711	763
3703	764
3704	764
3709	765
3710	765
3712	765
3713	765
3725	765
3733	765
3734	765
3736	765
3737	765
3741	765
3743	765
3767	765
3768	765
3769	765
3775	765
3776	765
3789	765
3714	766
3724	766
3728	766
3801	766
3802	766
3814	766
3846	766
3855	766
3866	766
3894	766
3924	766
3957	766
4150	766
4195	766
4197	766
4202	766
3717	767
3719	768
3727	769
3771	769
3938	769
4099	769
4219	769
3730	770
3738	770
3739	770
3783	770
3747	771
3749	771
3751	771
3765	771
3766	771
3778	771
3748	772
3864	772
3936	772
3750	773
3752	773
3753	773
3758	773
3760	773
3795	773
3798	773
3819	773
3824	773
3851	773
3755	774
3759	774
3761	774
3762	774
3763	774
3764	774
3770	774
3773	774
3774	774
3777	774
3828	774
3772	775
3784	775
3794	775
3813	775
3785	776
3786	776
3805	776
3787	777
3788	777
3839	777
3792	778
3799	778
3944	778
3796	779
3810	779
3812	779
3817	779
3818	779
3826	779
3840	779
4165	779
4189	779
3797	780
3804	780
3803	781
3807	781
3867	781
3806	782
3815	782
3914	782
3808	783
3809	783
3816	783
3822	783
3823	783
3834	783
3843	783
3873	783
3913	783
3946	783
4047	783
4048	783
4052	783
4054	783
4058	783
4065	783
4134	783
4136	783
4145	783
3825	784
3827	784
3842	784
3844	784
3847	784
3865	784
3868	784
3882	784
3884	784
3885	784
3889	784
3891	784
3893	784
3895	784
3901	784
3945	784
3950	784
3955	784
3968	784
3980	784
4001	784
3830	785
3831	785
3832	785
3835	785
3850	785
3861	785
3874	785
3916	785
3918	785
3836	786
3837	786
3870	786
3876	786
3881	786
3909	786
3911	786
3940	786
3949	786
4028	786
4038	786
4107	786
4119	786
4273	786
4283	786
3838	787
3883	787
3912	787
3920	787
3942	787
3943	787
3996	787
3997	787
4046	787
4103	787
4124	787
4180	787
4192	787
4193	787
4196	787
4204	787
3841	788
3845	788
3890	788
3892	788
3931	788
3941	788
3982	788
4023	788
3848	789
3849	789
3858	790
3860	790
3859	791
3862	791
3871	791
3872	791
3875	791
3886	791
3863	792
3961	792
3970	792
4140	792
4149	792
3869	793
3877	793
3934	793
3878	794
3879	794
3898	794
3978	794
4026	794
3880	795
3896	796
3897	796
3900	796
3903	796
3899	797
3905	798
3928	798
3906	799
3917	799
3907	800
3908	800
3915	800
3998	800
4020	800
4083	800
3921	801
3927	801
3929	801
3930	801
3922	802
3939	802
3923	803
3932	803
3986	803
3925	804
3926	804
4009	804
4014	804
4069	804
4098	804
4116	804
3933	805
3937	806
3947	807
3952	807
3953	807
3981	807
3983	807
3990	807
4021	807
3948	808
3956	808
3958	808
3951	809
3973	809
4030	809
3954	810
3960	810
3962	810
3984	810
4024	810
4061	810
4063	810
4097	810
3959	811
3987	811
3993	811
4022	811
3963	812
3966	812
3969	812
3976	812
3977	812
3979	812
4025	812
4102	812
3964	813
3965	813
3967	813
3994	813
4011	813
4012	813
3974	814
3975	814
4005	814
4007	814
4016	814
3985	815
4004	815
4017	815
4040	815
4076	815
4078	815
4080	815
4081	815
4095	815
4101	815
4132	815
4188	815
4274	815
4277	815
4280	815
4282	815
3988	816
4002	816
4003	816
4018	816
4029	816
4031	816
4036	816
4039	816
4042	816
4044	816
4057	816
4067	816
4105	816
4115	816
4118	816
4120	816
4125	816
4128	816
4169	816
4183	816
4186	816
4229	816
4246	816
4284	816
3989	817
4010	817
4013	817
3995	818
4000	818
4019	818
4093	818
4100	818
3999	819
4006	819
4008	819
4015	819
4033	819
4034	819
4106	819
4037	820
4041	820
4043	820
4045	820
4049	820
4050	820
4051	820
4053	820
4055	820
4056	820
4071	820
4059	821
4060	821
4062	822
4064	823
4088	823
4090	823
4068	824
4070	824
4075	824
4079	824
4084	824
4089	824
4073	825
4077	825
4082	825
4085	825
4086	825
4087	825
4092	825
4096	825
4135	825
4141	825
4239	825
4250	825
4253	825
4256	825
4271	825
4279	825
4074	826
4231	826
4237	826
4091	827
4113	828
4117	829
4121	829
4122	829
4211	829
4291	829
4294	829
4123	830
4159	830
4224	830
4226	830
4230	830
4233	830
4236	830
4295	830
4296	830
4126	831
4276	831
4278	831
4289	831
4127	832
4129	832
4131	832
4133	832
4143	832
4137	833
4138	833
4139	833
4155	833
4158	833
4164	833
4142	834
4144	834
4146	834
4147	834
4148	834
4161	834
4166	834
4167	834
4173	834
4185	834
4151	835
4152	835
4176	835
4177	835
4153	836
4154	837
4156	837
4160	838
4162	838
4163	838
4168	839
4175	839
4170	840
4171	841
4172	842
4209	842
4174	843
4178	844
4179	844
4181	845
4182	845
4191	845
4201	845
4205	845
4206	845
4208	845
4210	845
4190	846
4194	846
4200	846
4203	846
4217	846
4220	846
4222	846
4227	846
4251	846
4252	846
4257	846
4259	846
4261	846
4267	846
4268	846
4272	846
4300	846
4214	847
4215	847
4216	847
4221	847
4223	847
4232	847
4247	847
4258	847
4260	847
4262	847
4264	847
4265	847
4306	847
4308	847
4309	847
4311	847
4312	847
4218	848
4225	849
4249	849
4269	849
4270	849
4228	850
4234	850
4235	851
4266	851
4281	851
4288	851
4292	851
4238	852
4240	853
4241	854
4242	855
4243	856
4244	857
4290	857
4245	858
4248	858
4254	859
4255	860
4263	860
4275	861
4286	862
4293	863
4301	864
4302	865
4303	865
4304	865
4305	866
4307	866
